0.000,"Info","2022-10-27 11:52:18","Service 'ymaze_inLT' : Execution start"
0.000,"Info","Subject Identification","37 38 39 40 41 48 49 50"
0.000,"Info","Apparatus","Zantiks LT 2"
0.000,"Info","Unit ID","3A843F"
30.838,"Info","Arena",1,"Enter_Zone",2
30.838,"Info","Arena",2,"Enter_Zone",1
30.838,"Info","Arena",3,"Enter_Zone",3
30.838,"Info","Arena",4,"Enter_Zone",2
30.838,"Info","Arena",5,"Enter_Zone",1
30.838,"Info","Arena",6,"Enter_Zone",3
30.838,"Info","Arena",7,"Enter_Zone",3
30.838,"Info","Arena",8,"Enter_Zone",3
32.015,"Info","Arena",1,"Exit_Zone",2
32.015,"Info","Arena",1,"Enter_Zone",4
32.053,"Info","Arena",1,"Exit_Zone",4
32.053,"Info","Arena",1,"Enter_Zone",3
32.459,"Info","Arena",4,"Exit_Zone",2
32.459,"Info","Arena",4,"Enter_Zone",4
32.606,"Info","Arena",7,"Exit_Zone",3
32.606,"Info","Arena",7,"Enter_Zone",4
32.792,"Info","Arena",7,"Exit_Zone",4
32.792,"Info","Arena",7,"Enter_Zone",2
32.826,"Info","Arena",4,"Exit_Zone",4
32.826,"Info","Arena",4,"Enter_Zone",1
33.114,"Info","Arena",8,"Exit_Zone",3
33.114,"Info","Arena",8,"Enter_Zone",4
33.472,"Info","Arena",6,"Exit_Zone",3
33.472,"Info","Arena",6,"Enter_Zone",4
33.576,"Info","Arena",6,"Exit_Zone",4
33.576,"Info","Arena",6,"Enter_Zone",1
34.087,"Info","Arena",8,"Exit_Zone",4
34.087,"Info","Arena",8,"Enter_Zone",2
34.558,"Info","Arena",1,"Exit_Zone",3
34.558,"Info","Arena",1,"Enter_Zone",4
35.038,"Info","Arena",1,"Exit_Zone",4
35.038,"Info","Arena",1,"Enter_Zone",1
35.038,"Info","Arena",4,"Exit_Zone",1
35.038,"Info","Arena",4,"Enter_Zone",4
35.188,"Info","Arena",1,"Exit_Zone",1
35.188,"Info","Arena",1,"Enter_Zone",4
35.236,"Info","Arena",4,"Exit_Zone",4
35.236,"Info","Arena",4,"Enter_Zone",2
35.270,"Info","Arena",5,"Exit_Zone",1
35.270,"Info","Arena",5,"Enter_Zone",4
35.347,"Info","Arena",7,"Exit_Zone",2
35.347,"Info","Arena",7,"Enter_Zone",4
35.459,"Info","Arena",7,"Exit_Zone",4
35.459,"Info","Arena",7,"Enter_Zone",1
35.496,"Info","Arena",1,"Exit_Zone",4
35.496,"Info","Arena",1,"Enter_Zone",1
35.715,"Info","Arena",5,"Exit_Zone",4
35.715,"Info","Arena",5,"Enter_Zone",3
36.180,"Info","Arena",1,"Exit_Zone",1
36.180,"Info","Arena",1,"Enter_Zone",4
36.290,"Info","Arena",1,"Exit_Zone",4
36.290,"Info","Arena",1,"Enter_Zone",2
36.642,"Info","Arena",8,"Exit_Zone",2
36.642,"Info","Arena",8,"Enter_Zone",4
36.679,"Info","Arena",4,"Exit_Zone",2
36.679,"Info","Arena",4,"Enter_Zone",4
36.891,"Info","Arena",4,"Exit_Zone",4
36.891,"Info","Arena",4,"Enter_Zone",1
36.991,"Info","Arena",8,"Exit_Zone",4
36.991,"Info","Arena",8,"Enter_Zone",1
37.870,"Info","Arena",7,"Exit_Zone",1
37.870,"Info","Arena",7,"Enter_Zone",4
38.287,"Info","Arena",2,"Exit_Zone",1
38.287,"Info","Arena",2,"Enter_Zone",4
38.564,"Info","Arena",7,"Exit_Zone",4
38.564,"Info","Arena",7,"Enter_Zone",3
38.634,"Info","Arena",7,"Exit_Zone",3
38.634,"Info","Arena",7,"Enter_Zone",4
38.737,"Info","Arena",4,"Exit_Zone",1
38.737,"Info","Arena",4,"Enter_Zone",4
38.771,"Info","Arena",7,"Exit_Zone",4
38.771,"Info","Arena",7,"Enter_Zone",1
38.910,"Info","Arena",2,"Exit_Zone",4
38.910,"Info","Arena",2,"Enter_Zone",3
38.910,"Info","Arena",4,"Exit_Zone",4
38.910,"Info","Arena",4,"Enter_Zone",3
39.599,"Info","Arena",3,"Exit_Zone",3
39.599,"Info","Arena",3,"Enter_Zone",4
39.838,"Info","Arena",3,"Exit_Zone",4
39.838,"Info","Arena",3,"Enter_Zone",1
39.908,"Info","Arena",1,"Exit_Zone",2
39.908,"Info","Arena",1,"Enter_Zone",4
39.978,"Info","Arena",8,"Exit_Zone",1
39.978,"Info","Arena",8,"Enter_Zone",4
40.117,"Info","Arena",1,"Exit_Zone",4
40.117,"Info","Arena",1,"Enter_Zone",2
40.302,"Info","Arena",8,"Exit_Zone",4
40.302,"Info","Arena",8,"Enter_Zone",2
40.588,"Info","Arena",1,"Exit_Zone",2
40.588,"Info","Arena",1,"Enter_Zone",4
40.588,"Info","Arena",4,"Exit_Zone",3
40.588,"Info","Arena",4,"Enter_Zone",4
40.697,"Info","Arena",1,"Exit_Zone",4
40.697,"Info","Arena",1,"Enter_Zone",3
40.843,"Info","Arena",4,"Exit_Zone",4
40.843,"Info","Arena",4,"Enter_Zone",1
40.915,"Info","Arena",7,"Exit_Zone",1
40.915,"Info","Arena",7,"Enter_Zone",4
41.164,"Info","Arena",1,"Exit_Zone",3
41.164,"Info","Arena",1,"Enter_Zone",4
41.164,"Info","Arena",6,"Exit_Zone",1
41.164,"Info","Arena",6,"Enter_Zone",4
41.203,"Info","Arena",7,"Exit_Zone",4
41.203,"Info","Arena",7,"Enter_Zone",3
41.387,"Info","Arena",1,"Exit_Zone",4
41.387,"Info","Arena",1,"Enter_Zone",2
41.725,"Info","Arena",6,"Exit_Zone",4
41.725,"Info","Arena",6,"Enter_Zone",2
42.381,"Info","Arena",4,"Exit_Zone",1
42.381,"Info","Arena",4,"Enter_Zone",4
42.547,"Info","Arena",4,"Exit_Zone",4
42.547,"Info","Arena",4,"Enter_Zone",2
42.646,"Info","Arena",2,"Exit_Zone",3
42.646,"Info","Arena",2,"Enter_Zone",4
42.840,"Info","Arena",2,"Exit_Zone",4
42.840,"Info","Arena",2,"Enter_Zone",1
43.667,"Info","Arena",3,"Exit_Zone",1
43.667,"Info","Arena",3,"Enter_Zone",4
43.667,"Info","Arena",7,"Exit_Zone",3
43.667,"Info","Arena",7,"Enter_Zone",4
43.872,"Info","Arena",3,"Exit_Zone",4
43.872,"Info","Arena",3,"Enter_Zone",2
43.942,"Info","Arena",7,"Exit_Zone",4
43.942,"Info","Arena",7,"Enter_Zone",2
44.155,"Info","Arena",1,"Exit_Zone",2
44.155,"Info","Arena",1,"Enter_Zone",4
44.374,"Info","Arena",1,"Exit_Zone",4
44.374,"Info","Arena",1,"Enter_Zone",1
44.445,"Info","Arena",4,"Exit_Zone",2
44.445,"Info","Arena",4,"Enter_Zone",4
44.690,"Info","Arena",4,"Exit_Zone",4
44.690,"Info","Arena",4,"Enter_Zone",1
45.619,"Info","Arena",8,"Exit_Zone",2
45.619,"Info","Arena",8,"Enter_Zone",4
46.448,"Info","Arena",8,"Exit_Zone",4
46.448,"Info","Arena",8,"Enter_Zone",1
47.222,"Info","Arena",7,"Exit_Zone",2
47.222,"Info","Arena",7,"Enter_Zone",4
47.325,"Info","Arena",1,"Exit_Zone",1
47.325,"Info","Arena",1,"Enter_Zone",4
47.562,"Info","Arena",7,"Exit_Zone",4
47.562,"Info","Arena",7,"Enter_Zone",1
47.597,"Info","Arena",2,"Exit_Zone",1
47.597,"Info","Arena",2,"Enter_Zone",4
47.906,"Info","Arena",1,"Exit_Zone",4
47.906,"Info","Arena",1,"Enter_Zone",3
48.256,"Info","Arena",2,"Exit_Zone",4
48.256,"Info","Arena",2,"Enter_Zone",3
48.700,"Info","Arena",4,"Exit_Zone",1
48.700,"Info","Arena",4,"Enter_Zone",4
48.933,"Info","Arena",4,"Exit_Zone",4
48.933,"Info","Arena",4,"Enter_Zone",3
49.040,"Info","Arena",6,"Exit_Zone",2
49.040,"Info","Arena",6,"Enter_Zone",4
49.475,"Info","Arena",6,"Exit_Zone",4
49.475,"Info","Arena",6,"Enter_Zone",3
50.526,"Info","Arena",1,"Exit_Zone",3
50.526,"Info","Arena",1,"Enter_Zone",4
50.526,"Info","Arena",7,"Exit_Zone",1
50.526,"Info","Arena",7,"Enter_Zone",2
50.712,"Info","Arena",8,"Exit_Zone",1
50.712,"Info","Arena",8,"Enter_Zone",4
50.932,"Info","Arena",1,"Exit_Zone",4
50.932,"Info","Arena",1,"Enter_Zone",2
51.071,"Info","Arena",4,"Exit_Zone",3
51.071,"Info","Arena",4,"Enter_Zone",4
51.372,"Info","Arena",4,"Exit_Zone",4
51.372,"Info","Arena",4,"Enter_Zone",2
51.549,"Info","Arena",1,"Exit_Zone",2
51.549,"Info","Arena",1,"Enter_Zone",4
51.723,"Info","Arena",7,"Exit_Zone",2
51.723,"Info","Arena",7,"Enter_Zone",4
51.723,"Info","Arena",8,"Exit_Zone",4
51.723,"Info","Arena",8,"Enter_Zone",3
51.793,"Info","Arena",1,"Exit_Zone",4
51.793,"Info","Arena",1,"Enter_Zone",3
51.793,"Info","Arena",7,"Exit_Zone",4
51.793,"Info","Arena",7,"Enter_Zone",1
51.862,"Info","Arena",6,"Exit_Zone",3
51.862,"Info","Arena",6,"Enter_Zone",4
51.967,"Info","Arena",6,"Exit_Zone",4
51.967,"Info","Arena",6,"Enter_Zone",1
53.786,"Info","Arena",4,"Exit_Zone",2
53.786,"Info","Arena",4,"Enter_Zone",4
53.823,"Info","Arena",7,"Exit_Zone",1
53.823,"Info","Arena",7,"Enter_Zone",4
53.892,"Info","Arena",8,"Exit_Zone",3
53.892,"Info","Arena",8,"Enter_Zone",4
54.107,"Info","Arena",1,"Exit_Zone",3
54.107,"Info","Arena",1,"Enter_Zone",4
54.107,"Info","Arena",7,"Exit_Zone",4
54.107,"Info","Arena",7,"Enter_Zone",3
54.143,"Info","Arena",4,"Exit_Zone",4
54.143,"Info","Arena",4,"Enter_Zone",1
54.292,"Info","Arena",1,"Exit_Zone",4
54.292,"Info","Arena",1,"Enter_Zone",2
54.867,"Info","Arena",8,"Exit_Zone",4
54.867,"Info","Arena",8,"Enter_Zone",1
55.303,"Info","Arena",3,"Exit_Zone",2
55.303,"Info","Arena",3,"Enter_Zone",4
55.680,"Info","Arena",3,"Exit_Zone",4
55.680,"Info","Arena",3,"Enter_Zone",3
55.822,"Info","Arena",6,"Exit_Zone",1
55.822,"Info","Arena",6,"Enter_Zone",4
55.928,"Info","Arena",4,"Exit_Zone",1
55.928,"Info","Arena",4,"Enter_Zone",4
56.104,"Info","Arena",4,"Exit_Zone",4
56.104,"Info","Arena",4,"Enter_Zone",3
56.253,"Info","Arena",6,"Exit_Zone",4
56.253,"Info","Arena",6,"Enter_Zone",2
56.694,"Info","Arena",7,"Exit_Zone",3
56.694,"Info","Arena",7,"Enter_Zone",4
56.897,"Info","Arena",5,"Exit_Zone",3
56.897,"Info","Arena",5,"Enter_Zone",4
56.932,"Info","Arena",7,"Exit_Zone",4
56.932,"Info","Arena",7,"Enter_Zone",2
57.135,"Info","Arena",5,"Exit_Zone",4
57.135,"Info","Arena",5,"Enter_Zone",2
57.354,"Info","Arena",1,"Exit_Zone",2
57.354,"Info","Arena",1,"Enter_Zone",4
57.569,"Info","Arena",1,"Exit_Zone",4
57.569,"Info","Arena",1,"Enter_Zone",3
57.884,"Info","Arena",4,"Exit_Zone",3
57.884,"Info","Arena",4,"Enter_Zone",4
58.090,"Info","Arena",8,"Exit_Zone",1
58.090,"Info","Arena",8,"Enter_Zone",4
58.125,"Info","Arena",3,"Exit_Zone",3
58.125,"Info","Arena",3,"Enter_Zone",4
58.236,"Info","Arena",4,"Exit_Zone",4
58.236,"Info","Arena",4,"Enter_Zone",2
58.269,"Info","Arena",3,"Exit_Zone",4
58.269,"Info","Arena",3,"Enter_Zone",2
58.301,"Info","Arena",4,"Exit_Zone",2
58.301,"Info","Arena",4,"Enter_Zone",4
58.367,"Info","Arena",4,"Exit_Zone",4
58.367,"Info","Arena",4,"Enter_Zone",1
58.560,"Info","Arena",8,"Exit_Zone",4
58.560,"Info","Arena",8,"Enter_Zone",3
59.380,"Info","Arena",6,"Exit_Zone",2
59.380,"Info","Arena",6,"Enter_Zone",4
59.826,"Info","Arena",7,"Exit_Zone",2
59.826,"Info","Arena",7,"Enter_Zone",4
59.897,"Info","Arena",4,"Exit_Zone",1
59.897,"Info","Arena",4,"Enter_Zone",4
60.043,"Info","Arena",6,"Exit_Zone",4
60.043,"Info","Arena",6,"Enter_Zone",3
60.080,"Info","Arena",4,"Exit_Zone",4
60.080,"Info","Arena",4,"Enter_Zone",3
60.236,"Info","Arena",7,"Exit_Zone",4
60.236,"Info","Arena",7,"Enter_Zone",1
60.308,"Info","Arena",5,"Exit_Zone",2
60.308,"Info","Arena",5,"Enter_Zone",4
60.658,"Info","Arena",5,"Exit_Zone",4
60.658,"Info","Arena",5,"Enter_Zone",2
60.962,"Info","Arena",8,"Exit_Zone",3
60.962,"Info","Arena",8,"Enter_Zone",4
61.550,"Info","Arena",8,"Exit_Zone",4
61.550,"Info","Arena",8,"Enter_Zone",2
62.879,"Info","Arena",7,"Exit_Zone",1
62.879,"Info","Arena",7,"Enter_Zone",4
63.405,"Info","Arena",8,"Exit_Zone",2
63.405,"Info","Arena",8,"Enter_Zone",4
63.473,"Info","Arena",7,"Exit_Zone",4
63.473,"Info","Arena",7,"Enter_Zone",3
63.574,"Info","Arena",2,"Exit_Zone",3
63.574,"Info","Arena",2,"Enter_Zone",4
63.607,"Info","Arena",2,"Exit_Zone",4
63.607,"Info","Arena",2,"Enter_Zone",2
63.806,"Info","Arena",8,"Exit_Zone",4
63.806,"Info","Arena",8,"Enter_Zone",1
63.873,"Info","Arena",6,"Exit_Zone",3
63.873,"Info","Arena",6,"Enter_Zone",4
64.554,"Info","Arena",6,"Exit_Zone",4
64.554,"Info","Arena",6,"Enter_Zone",2
64.896,"Info","Arena",3,"Exit_Zone",2
64.896,"Info","Arena",3,"Enter_Zone",4
65.257,"Info","Arena",3,"Exit_Zone",4
65.257,"Info","Arena",3,"Enter_Zone",3
65.800,"Info","Arena",4,"Exit_Zone",3
65.800,"Info","Arena",4,"Enter_Zone",4
65.898,"Info","Arena",7,"Exit_Zone",3
65.898,"Info","Arena",7,"Enter_Zone",4
66.000,"Info","Arena",4,"Exit_Zone",4
66.000,"Info","Arena",4,"Enter_Zone",2
66.399,"Info","Arena",7,"Exit_Zone",4
66.399,"Info","Arena",7,"Enter_Zone",1
67.306,"Info","Arena",5,"Exit_Zone",2
67.306,"Info","Arena",5,"Enter_Zone",4
67.338,"Info","Arena",3,"Exit_Zone",3
67.338,"Info","Arena",3,"Enter_Zone",4
67.470,"Info","Arena",3,"Exit_Zone",4
67.470,"Info","Arena",3,"Enter_Zone",1
67.702,"Info","Arena",5,"Exit_Zone",4
67.702,"Info","Arena",5,"Enter_Zone",1
68.135,"Info","Arena",8,"Exit_Zone",1
68.135,"Info","Arena",8,"Enter_Zone",4
68.964,"Info","Arena",8,"Exit_Zone",4
68.964,"Info","Arena",8,"Enter_Zone",3
69.000,"Info","Arena",6,"Exit_Zone",2
69.000,"Info","Arena",6,"Enter_Zone",4
69.033,"Info","Arena",7,"Exit_Zone",1
69.033,"Info","Arena",7,"Enter_Zone",4
69.426,"Info","Arena",1,"Exit_Zone",3
69.426,"Info","Arena",1,"Enter_Zone",4
69.527,"Info","Arena",7,"Exit_Zone",4
69.527,"Info","Arena",7,"Enter_Zone",3
69.598,"Info","Arena",6,"Exit_Zone",4
69.598,"Info","Arena",6,"Enter_Zone",3
69.771,"Info","Arena",1,"Exit_Zone",4
69.771,"Info","Arena",1,"Enter_Zone",1
70.953,"Info","Arena",6,"Exit_Zone",3
70.953,"Info","Arena",6,"Enter_Zone",4
71.552,"Info","Arena",6,"Exit_Zone",4
71.552,"Info","Arena",6,"Enter_Zone",1
71.651,"Info","Arena",4,"Exit_Zone",2
71.651,"Info","Arena",4,"Enter_Zone",4
71.785,"Info","Arena",2,"Exit_Zone",2
71.785,"Info","Arena",2,"Enter_Zone",4
71.819,"Info","Arena",4,"Exit_Zone",4
71.819,"Info","Arena",4,"Enter_Zone",1
72.094,"Info","Arena",7,"Exit_Zone",3
72.094,"Info","Arena",7,"Enter_Zone",4
72.504,"Info","Arena",2,"Exit_Zone",4
72.504,"Info","Arena",2,"Enter_Zone",1
72.834,"Info","Arena",7,"Exit_Zone",4
72.834,"Info","Arena",7,"Enter_Zone",2
72.904,"Info","Arena",3,"Exit_Zone",1
72.904,"Info","Arena",3,"Enter_Zone",4
72.936,"Info","Arena",3,"Exit_Zone",4
72.936,"Info","Arena",3,"Enter_Zone",3
73.005,"Info","Arena",8,"Exit_Zone",3
73.005,"Info","Arena",8,"Enter_Zone",4
73.522,"Info","Arena",4,"Exit_Zone",1
73.522,"Info","Arena",4,"Enter_Zone",4
73.718,"Info","Arena",8,"Exit_Zone",4
73.718,"Info","Arena",8,"Enter_Zone",2
73.912,"Info","Arena",4,"Exit_Zone",4
73.912,"Info","Arena",4,"Enter_Zone",2
74.431,"Info","Arena",4,"Exit_Zone",2
74.431,"Info","Arena",4,"Enter_Zone",4
74.715,"Info","Arena",6,"Exit_Zone",1
74.715,"Info","Arena",6,"Enter_Zone",4
74.815,"Info","Arena",1,"Exit_Zone",1
74.815,"Info","Arena",1,"Enter_Zone",4
75.021,"Info","Arena",4,"Exit_Zone",4
75.021,"Info","Arena",4,"Enter_Zone",3
75.193,"Info","Arena",1,"Exit_Zone",4
75.193,"Info","Arena",1,"Enter_Zone",3
75.338,"Info","Arena",6,"Exit_Zone",4
75.338,"Info","Arena",6,"Enter_Zone",3
75.643,"Info","Arena",4,"Exit_Zone",3
75.643,"Info","Arena",4,"Enter_Zone",4
75.811,"Info","Arena",7,"Exit_Zone",2
75.811,"Info","Arena",7,"Enter_Zone",4
76.048,"Info","Arena",4,"Exit_Zone",4
76.048,"Info","Arena",4,"Enter_Zone",2
76.119,"Info","Arena",7,"Exit_Zone",4
76.119,"Info","Arena",7,"Enter_Zone",1
77.320,"Info","Arena",8,"Exit_Zone",2
77.320,"Info","Arena",8,"Enter_Zone",4
77.676,"Info","Arena",8,"Exit_Zone",4
77.676,"Info","Arena",8,"Enter_Zone",3
77.811,"Info","Arena",2,"Exit_Zone",1
77.811,"Info","Arena",2,"Enter_Zone",4
77.844,"Info","Arena",1,"Exit_Zone",3
77.844,"Info","Arena",1,"Enter_Zone",4
77.911,"Info","Arena",1,"Exit_Zone",4
77.911,"Info","Arena",1,"Enter_Zone",1
78.229,"Info","Arena",6,"Exit_Zone",3
78.229,"Info","Arena",6,"Enter_Zone",4
78.437,"Info","Arena",6,"Exit_Zone",4
78.437,"Info","Arena",6,"Enter_Zone",1
78.712,"Info","Arena",4,"Exit_Zone",2
78.712,"Info","Arena",4,"Enter_Zone",4
78.750,"Info","Arena",7,"Exit_Zone",1
78.750,"Info","Arena",7,"Enter_Zone",4
78.818,"Info","Arena",2,"Exit_Zone",4
78.818,"Info","Arena",2,"Enter_Zone",3
78.959,"Info","Arena",4,"Exit_Zone",4
78.959,"Info","Arena",4,"Enter_Zone",3
79.131,"Info","Arena",6,"Exit_Zone",1
79.131,"Info","Arena",6,"Enter_Zone",4
79.312,"Info","Arena",7,"Exit_Zone",4
79.312,"Info","Arena",7,"Enter_Zone",3
79.848,"Info","Arena",5,"Exit_Zone",1
79.848,"Info","Arena",5,"Enter_Zone",4
79.915,"Info","Arena",5,"Exit_Zone",4
79.915,"Info","Arena",5,"Enter_Zone",2
80.145,"Info","Arena",6,"Exit_Zone",4
80.145,"Info","Arena",6,"Enter_Zone",3
80.385,"Info","Arena",8,"Exit_Zone",3
80.385,"Info","Arena",8,"Enter_Zone",4
81.063,"Info","Arena",4,"Exit_Zone",3
81.063,"Info","Arena",4,"Enter_Zone",4
81.097,"Info","Arena",8,"Exit_Zone",4
81.097,"Info","Arena",8,"Enter_Zone",2
81.678,"Info","Arena",4,"Exit_Zone",4
81.678,"Info","Arena",4,"Enter_Zone",3
82.064,"Info","Arena",7,"Exit_Zone",3
82.064,"Info","Arena",7,"Enter_Zone",4
82.234,"Info","Arena",7,"Exit_Zone",4
82.234,"Info","Arena",7,"Enter_Zone",2
82.781,"Info","Arena",3,"Exit_Zone",3
82.781,"Info","Arena",3,"Enter_Zone",4
82.917,"Info","Arena",2,"Exit_Zone",3
82.917,"Info","Arena",2,"Enter_Zone",4
82.987,"Info","Arena",3,"Exit_Zone",4
82.987,"Info","Arena",3,"Enter_Zone",1
83.091,"Info","Arena",6,"Exit_Zone",3
83.091,"Info","Arena",6,"Enter_Zone",4
83.240,"Info","Arena",2,"Exit_Zone",4
83.240,"Info","Arena",2,"Enter_Zone",2
83.858,"Info","Arena",6,"Exit_Zone",4
83.858,"Info","Arena",6,"Enter_Zone",1
84.402,"Info","Arena",8,"Exit_Zone",2
84.402,"Info","Arena",8,"Enter_Zone",4
84.747,"Info","Arena",7,"Exit_Zone",2
84.747,"Info","Arena",7,"Enter_Zone",4
84.988,"Info","Arena",8,"Exit_Zone",4
84.988,"Info","Arena",8,"Enter_Zone",3
85.089,"Info","Arena",7,"Exit_Zone",4
85.089,"Info","Arena",7,"Enter_Zone",1
85.530,"Info","Arena",5,"Exit_Zone",2
85.530,"Info","Arena",5,"Enter_Zone",4
85.625,"Info","Arena",5,"Exit_Zone",4
85.625,"Info","Arena",5,"Enter_Zone",1
87.430,"Info","Arena",7,"Exit_Zone",1
87.430,"Info","Arena",7,"Enter_Zone",4
88.062,"Info","Arena",3,"Exit_Zone",1
88.062,"Info","Arena",3,"Enter_Zone",4
88.097,"Info","Arena",3,"Exit_Zone",4
88.097,"Info","Arena",3,"Enter_Zone",2
88.270,"Info","Arena",7,"Exit_Zone",4
88.270,"Info","Arena",7,"Enter_Zone",3
89.904,"Info","Arena",6,"Exit_Zone",1
89.904,"Info","Arena",6,"Enter_Zone",4
90.152,"Info","Arena",1,"Exit_Zone",1
90.152,"Info","Arena",1,"Enter_Zone",4
90.307,"Info","Arena",8,"Exit_Zone",3
90.307,"Info","Arena",8,"Enter_Zone",4
90.342,"Info","Arena",2,"Exit_Zone",2
90.342,"Info","Arena",2,"Enter_Zone",4
90.383,"Info","Arena",1,"Exit_Zone",4
90.383,"Info","Arena",1,"Enter_Zone",2
90.383,"Info","Arena",6,"Exit_Zone",4
90.383,"Info","Arena",6,"Enter_Zone",2
90.886,"Info","Arena",2,"Exit_Zone",4
90.886,"Info","Arena",2,"Enter_Zone",3
91.061,"Info","Arena",7,"Exit_Zone",3
91.061,"Info","Arena",7,"Enter_Zone",4
91.061,"Info","Arena",8,"Exit_Zone",4
91.061,"Info","Arena",8,"Enter_Zone",2
91.858,"Info","Arena",7,"Exit_Zone",4
91.858,"Info","Arena",7,"Enter_Zone",1
91.955,"Info","Arena",4,"Exit_Zone",3
91.955,"Info","Arena",4,"Enter_Zone",4
92.251,"Info","Arena",4,"Exit_Zone",4
92.251,"Info","Arena",4,"Enter_Zone",1
92.996,"Info","Arena",4,"Exit_Zone",1
92.996,"Info","Arena",4,"Enter_Zone",4
93.263,"Info","Arena",4,"Exit_Zone",4
93.263,"Info","Arena",4,"Enter_Zone",2
94.130,"Info","Arena",7,"Exit_Zone",1
94.130,"Info","Arena",7,"Enter_Zone",4
94.165,"Info","Arena",8,"Exit_Zone",2
94.165,"Info","Arena",8,"Enter_Zone",4
94.529,"Info","Arena",7,"Exit_Zone",4
94.529,"Info","Arena",7,"Enter_Zone",2
94.710,"Info","Arena",8,"Exit_Zone",4
94.710,"Info","Arena",8,"Enter_Zone",1
94.822,"Info","Arena",2,"Exit_Zone",3
94.822,"Info","Arena",2,"Enter_Zone",4
94.857,"Info","Arena",6,"Exit_Zone",2
94.857,"Info","Arena",6,"Enter_Zone",4
94.894,"Info","Arena",4,"Exit_Zone",2
94.894,"Info","Arena",4,"Enter_Zone",4
95.181,"Info","Arena",4,"Exit_Zone",4
95.181,"Info","Arena",4,"Enter_Zone",2
95.397,"Info","Arena",2,"Exit_Zone",4
95.397,"Info","Arena",2,"Enter_Zone",2
95.465,"Info","Arena",6,"Exit_Zone",4
95.465,"Info","Arena",6,"Enter_Zone",3
96.494,"Info","Arena",1,"Exit_Zone",2
96.494,"Info","Arena",1,"Enter_Zone",4
96.753,"Info","Arena",7,"Exit_Zone",2
96.753,"Info","Arena",7,"Enter_Zone",4
96.783,"Info","Arena",1,"Exit_Zone",4
96.783,"Info","Arena",1,"Enter_Zone",3
97.011,"Info","Arena",7,"Exit_Zone",4
97.011,"Info","Arena",7,"Enter_Zone",1
97.134,"Info","Arena",3,"Exit_Zone",2
97.134,"Info","Arena",3,"Enter_Zone",4
97.462,"Info","Arena",3,"Exit_Zone",4
97.462,"Info","Arena",3,"Enter_Zone",1
97.595,"Info","Arena",3,"Exit_Zone",1
97.595,"Info","Arena",3,"Enter_Zone",4
97.662,"Info","Arena",3,"Exit_Zone",4
97.662,"Info","Arena",3,"Enter_Zone",2
98.728,"Info","Arena",2,"Exit_Zone",2
98.728,"Info","Arena",2,"Enter_Zone",4
98.829,"Info","Arena",6,"Exit_Zone",3
98.829,"Info","Arena",6,"Enter_Zone",4
99.235,"Info","Arena",6,"Exit_Zone",4
99.235,"Info","Arena",6,"Enter_Zone",1
99.962,"Info","Arena",7,"Exit_Zone",1
99.962,"Info","Arena",7,"Enter_Zone",4
99.995,"Info","Arena",7,"Exit_Zone",4
99.995,"Info","Arena",7,"Enter_Zone",2
100.269,"Info","Arena",2,"Exit_Zone",4
100.269,"Info","Arena",2,"Enter_Zone",3
101.333,"Info","Arena",1,"Exit_Zone",3
101.333,"Info","Arena",1,"Enter_Zone",4
101.640,"Info","Arena",1,"Exit_Zone",4
101.640,"Info","Arena",1,"Enter_Zone",1
101.942,"Info","Arena",8,"Exit_Zone",1
101.942,"Info","Arena",8,"Enter_Zone",4
102.101,"Info","Arena",8,"Exit_Zone",4
102.101,"Info","Arena",8,"Enter_Zone",2
102.728,"Info","Arena",7,"Exit_Zone",2
102.728,"Info","Arena",7,"Enter_Zone",4
102.995,"Info","Arena",7,"Exit_Zone",4
102.995,"Info","Arena",7,"Enter_Zone",3
103.469,"Info","Arena",3,"Exit_Zone",2
103.469,"Info","Arena",3,"Enter_Zone",4
103.895,"Info","Arena",3,"Exit_Zone",4
103.895,"Info","Arena",3,"Enter_Zone",3
104.268,"Info","Arena",6,"Exit_Zone",1
104.268,"Info","Arena",6,"Enter_Zone",4
104.436,"Info","Arena",6,"Exit_Zone",4
104.436,"Info","Arena",6,"Enter_Zone",2
105.355,"Info","Arena",1,"Exit_Zone",1
105.355,"Info","Arena",1,"Enter_Zone",4
105.389,"Info","Arena",7,"Exit_Zone",3
105.389,"Info","Arena",7,"Enter_Zone",4
105.689,"Info","Arena",1,"Exit_Zone",4
105.689,"Info","Arena",1,"Enter_Zone",3
106.260,"Info","Arena",7,"Exit_Zone",4
106.260,"Info","Arena",7,"Enter_Zone",2
106.435,"Info","Arena",5,"Exit_Zone",1
106.435,"Info","Arena",5,"Enter_Zone",4
106.781,"Info","Arena",5,"Exit_Zone",4
106.781,"Info","Arena",5,"Enter_Zone",3
107.191,"Info","Arena",4,"Exit_Zone",2
107.191,"Info","Arena",4,"Enter_Zone",4
107.300,"Info","Arena",4,"Exit_Zone",4
107.300,"Info","Arena",4,"Enter_Zone",1
107.334,"Info","Arena",2,"Exit_Zone",3
107.334,"Info","Arena",2,"Enter_Zone",4
108.333,"Info","Arena",6,"Exit_Zone",2
108.333,"Info","Arena",6,"Enter_Zone",4
108.527,"Info","Arena",7,"Exit_Zone",2
108.527,"Info","Arena",7,"Enter_Zone",4
108.661,"Info","Arena",6,"Exit_Zone",4
108.661,"Info","Arena",6,"Enter_Zone",3
108.794,"Info","Arena",2,"Exit_Zone",4
108.794,"Info","Arena",2,"Enter_Zone",3
108.895,"Info","Arena",7,"Exit_Zone",4
108.895,"Info","Arena",7,"Enter_Zone",1
109.240,"Info","Arena",3,"Exit_Zone",3
109.240,"Info","Arena",3,"Enter_Zone",4
109.311,"Info","Arena",3,"Exit_Zone",4
109.311,"Info","Arena",3,"Enter_Zone",1
111.061,"Info","Arena",5,"Exit_Zone",3
111.061,"Info","Arena",5,"Enter_Zone",4
111.267,"Info","Arena",6,"Exit_Zone",3
111.267,"Info","Arena",6,"Enter_Zone",4
111.300,"Info","Arena",7,"Exit_Zone",1
111.300,"Info","Arena",7,"Enter_Zone",4
111.400,"Info","Arena",5,"Exit_Zone",4
111.400,"Info","Arena",5,"Enter_Zone",1
111.596,"Info","Arena",7,"Exit_Zone",4
111.596,"Info","Arena",7,"Enter_Zone",2
111.663,"Info","Arena",6,"Exit_Zone",4
111.663,"Info","Arena",6,"Enter_Zone",2
112.527,"Info","Arena",3,"Exit_Zone",1
112.527,"Info","Arena",3,"Enter_Zone",4
112.562,"Info","Arena",3,"Exit_Zone",4
112.562,"Info","Arena",3,"Enter_Zone",3
113.300,"Info","Arena",2,"Exit_Zone",3
113.300,"Info","Arena",2,"Enter_Zone",4
113.300,"Info","Arena",7,"Exit_Zone",2
113.300,"Info","Arena",7,"Enter_Zone",4
113.564,"Info","Arena",7,"Exit_Zone",4
113.564,"Info","Arena",7,"Enter_Zone",2
114.393,"Info","Arena",2,"Exit_Zone",4
114.393,"Info","Arena",2,"Enter_Zone",2
115.234,"Info","Arena",1,"Exit_Zone",3
115.234,"Info","Arena",1,"Enter_Zone",4
115.361,"Info","Arena",1,"Exit_Zone",4
115.361,"Info","Arena",1,"Enter_Zone",1
115.660,"Info","Arena",7,"Exit_Zone",2
115.660,"Info","Arena",7,"Enter_Zone",4
115.860,"Info","Arena",7,"Exit_Zone",4
115.860,"Info","Arena",7,"Enter_Zone",1
117.094,"Info","Arena",5,"Exit_Zone",1
117.094,"Info","Arena",5,"Enter_Zone",4
117.160,"Info","Arena",5,"Exit_Zone",4
117.160,"Info","Arena",5,"Enter_Zone",2
117.572,"Info","Arena",4,"Exit_Zone",1
117.572,"Info","Arena",4,"Enter_Zone",4
117.572,"Info","Arena",7,"Exit_Zone",1
117.572,"Info","Arena",7,"Enter_Zone",4
117.744,"Info","Arena",4,"Exit_Zone",4
117.744,"Info","Arena",4,"Enter_Zone",1
117.982,"Info","Arena",7,"Exit_Zone",4
117.982,"Info","Arena",7,"Enter_Zone",3
118.755,"Info","Arena",2,"Exit_Zone",2
118.755,"Info","Arena",2,"Enter_Zone",4
118.788,"Info","Arena",2,"Exit_Zone",4
118.788,"Info","Arena",2,"Enter_Zone",2
118.820,"Info","Arena",2,"Exit_Zone",2
118.820,"Info","Arena",2,"Enter_Zone",4
119.442,"Info","Arena",2,"Exit_Zone",4
119.442,"Info","Arena",2,"Enter_Zone",3
119.776,"Info","Arena",7,"Exit_Zone",3
119.776,"Info","Arena",7,"Enter_Zone",4
120.436,"Info","Arena",7,"Exit_Zone",4
120.436,"Info","Arena",7,"Enter_Zone",1
121.423,"Info","Arena",1,"Exit_Zone",1
121.423,"Info","Arena",1,"Enter_Zone",4
121.553,"Info","Arena",1,"Exit_Zone",4
121.553,"Info","Arena",1,"Enter_Zone",2
122.011,"Info","Arena",6,"Exit_Zone",2
122.011,"Info","Arena",6,"Enter_Zone",4
122.715,"Info","Arena",6,"Exit_Zone",4
122.715,"Info","Arena",6,"Enter_Zone",3
123.071,"Info","Arena",1,"Exit_Zone",2
123.071,"Info","Arena",1,"Enter_Zone",4
123.483,"Info","Arena",1,"Exit_Zone",4
123.483,"Info","Arena",1,"Enter_Zone",3
123.519,"Info","Arena",7,"Exit_Zone",1
123.519,"Info","Arena",7,"Enter_Zone",4
123.670,"Info","Arena",5,"Exit_Zone",2
123.670,"Info","Arena",5,"Enter_Zone",4
123.708,"Info","Arena",8,"Exit_Zone",2
123.708,"Info","Arena",8,"Enter_Zone",4
123.744,"Info","Arena",7,"Exit_Zone",4
123.744,"Info","Arena",7,"Enter_Zone",2
123.899,"Info","Arena",3,"Exit_Zone",3
123.899,"Info","Arena",3,"Enter_Zone",4
123.899,"Info","Arena",5,"Exit_Zone",4
123.899,"Info","Arena",5,"Enter_Zone",1
124.130,"Info","Arena",3,"Exit_Zone",4
124.130,"Info","Arena",3,"Enter_Zone",1
124.253,"Info","Arena",8,"Exit_Zone",4
124.253,"Info","Arena",8,"Enter_Zone",2
125.186,"Info","Arena",5,"Exit_Zone",1
125.186,"Info","Arena",5,"Enter_Zone",4
125.358,"Info","Arena",5,"Exit_Zone",4
125.358,"Info","Arena",5,"Enter_Zone",2
125.592,"Info","Arena",5,"Exit_Zone",2
125.592,"Info","Arena",5,"Enter_Zone",4
125.764,"Info","Arena",5,"Exit_Zone",4
125.764,"Info","Arena",5,"Enter_Zone",3
126.105,"Info","Arena",2,"Exit_Zone",3
126.105,"Info","Arena",2,"Enter_Zone",4
126.105,"Info","Arena",6,"Exit_Zone",3
126.105,"Info","Arena",6,"Enter_Zone",4
126.532,"Info","Arena",6,"Exit_Zone",4
126.532,"Info","Arena",6,"Enter_Zone",1
126.640,"Info","Arena",2,"Exit_Zone",4
126.640,"Info","Arena",2,"Enter_Zone",2
128.514,"Info","Arena",1,"Exit_Zone",3
128.514,"Info","Arena",1,"Enter_Zone",4
128.807,"Info","Arena",1,"Exit_Zone",4
128.807,"Info","Arena",1,"Enter_Zone",1
128.989,"Info","Arena",5,"Exit_Zone",3
128.989,"Info","Arena",5,"Enter_Zone",4
129.324,"Info","Arena",5,"Exit_Zone",4
129.324,"Info","Arena",5,"Enter_Zone",2
130.886,"Info","Arena",6,"Exit_Zone",1
130.886,"Info","Arena",6,"Enter_Zone",4
131.415,"Info","Arena",6,"Exit_Zone",4
131.415,"Info","Arena",6,"Enter_Zone",2
131.451,"Info","Arena",2,"Exit_Zone",2
131.451,"Info","Arena",2,"Enter_Zone",4
131.903,"Info","Arena",2,"Exit_Zone",4
131.903,"Info","Arena",2,"Enter_Zone",3
132.004,"Info","Arena",7,"Exit_Zone",2
132.004,"Info","Arena",7,"Enter_Zone",4
132.071,"Info","Arena",8,"Exit_Zone",2
132.071,"Info","Arena",8,"Enter_Zone",4
132.103,"Info","Arena",7,"Exit_Zone",4
132.103,"Info","Arena",7,"Enter_Zone",1
132.351,"Info","Arena",1,"Exit_Zone",1
132.351,"Info","Arena",1,"Enter_Zone",4
132.521,"Info","Arena",1,"Exit_Zone",4
132.521,"Info","Arena",1,"Enter_Zone",3
132.592,"Info","Arena",8,"Exit_Zone",4
132.592,"Info","Arena",8,"Enter_Zone",3
132.724,"Info","Arena",4,"Exit_Zone",1
132.724,"Info","Arena",4,"Enter_Zone",4
133.088,"Info","Arena",4,"Exit_Zone",4
133.088,"Info","Arena",4,"Enter_Zone",3
133.259,"Info","Arena",2,"Exit_Zone",3
133.259,"Info","Arena",2,"Enter_Zone",4
133.547,"Info","Arena",5,"Exit_Zone",2
133.547,"Info","Arena",5,"Enter_Zone",4
133.578,"Info","Arena",2,"Exit_Zone",4
133.578,"Info","Arena",2,"Enter_Zone",2
133.702,"Info","Arena",5,"Exit_Zone",4
133.702,"Info","Arena",5,"Enter_Zone",1
133.962,"Info","Arena",7,"Exit_Zone",1
133.962,"Info","Arena",7,"Enter_Zone",4
134.090,"Info","Arena",7,"Exit_Zone",4
134.090,"Info","Arena",7,"Enter_Zone",2
135.726,"Info","Arena",8,"Exit_Zone",3
135.726,"Info","Arena",8,"Enter_Zone",4
136.029,"Info","Arena",6,"Exit_Zone",2
136.029,"Info","Arena",6,"Enter_Zone",4
136.096,"Info","Arena",8,"Exit_Zone",4
136.096,"Info","Arena",8,"Enter_Zone",1
136.859,"Info","Arena",6,"Exit_Zone",4
136.859,"Info","Arena",6,"Enter_Zone",3
137.860,"Info","Arena",5,"Exit_Zone",1
137.860,"Info","Arena",5,"Enter_Zone",4
138.096,"Info","Arena",1,"Exit_Zone",3
138.096,"Info","Arena",1,"Enter_Zone",4
138.129,"Info","Arena",2,"Exit_Zone",2
138.129,"Info","Arena",2,"Enter_Zone",4
138.197,"Info","Arena",7,"Exit_Zone",2
138.197,"Info","Arena",7,"Enter_Zone",4
138.274,"Info","Arena",1,"Exit_Zone",4
138.274,"Info","Arena",1,"Enter_Zone",1
138.274,"Info","Arena",5,"Exit_Zone",4
138.274,"Info","Arena",5,"Enter_Zone",3
138.378,"Info","Arena",7,"Exit_Zone",4
138.378,"Info","Arena",7,"Enter_Zone",1
139.007,"Info","Arena",2,"Exit_Zone",4
139.007,"Info","Arena",2,"Enter_Zone",1
139.040,"Info","Arena",1,"Exit_Zone",1
139.040,"Info","Arena",1,"Enter_Zone",4
139.146,"Info","Arena",8,"Exit_Zone",1
139.146,"Info","Arena",8,"Enter_Zone",4
139.226,"Info","Arena",1,"Exit_Zone",4
139.226,"Info","Arena",1,"Enter_Zone",3
139.259,"Info","Arena",1,"Exit_Zone",3
139.259,"Info","Arena",1,"Enter_Zone",4
139.294,"Info","Arena",1,"Exit_Zone",4
139.294,"Info","Arena",1,"Enter_Zone",3
139.294,"Info","Arena",3,"Exit_Zone",1
139.294,"Info","Arena",3,"Enter_Zone",4
139.398,"Info","Arena",3,"Exit_Zone",4
139.398,"Info","Arena",3,"Enter_Zone",3
139.398,"Info","Arena",4,"Exit_Zone",3
139.398,"Info","Arena",4,"Enter_Zone",4
139.502,"Info","Arena",4,"Exit_Zone",4
139.502,"Info","Arena",4,"Enter_Zone",1
139.569,"Info","Arena",8,"Exit_Zone",4
139.569,"Info","Arena",8,"Enter_Zone",3
140.659,"Info","Arena",3,"Exit_Zone",3
140.659,"Info","Arena",3,"Enter_Zone",4
140.792,"Info","Arena",3,"Exit_Zone",4
140.792,"Info","Arena",3,"Enter_Zone",3
140.891,"Info","Arena",6,"Exit_Zone",3
140.891,"Info","Arena",6,"Enter_Zone",4
141.092,"Info","Arena",6,"Exit_Zone",4
141.092,"Info","Arena",6,"Enter_Zone",1
141.541,"Info","Arena",7,"Exit_Zone",1
141.541,"Info","Arena",7,"Enter_Zone",4
141.574,"Info","Arena",7,"Exit_Zone",4
141.574,"Info","Arena",7,"Enter_Zone",2
142.461,"Info","Arena",8,"Exit_Zone",3
142.461,"Info","Arena",8,"Enter_Zone",4
142.758,"Info","Arena",2,"Exit_Zone",1
142.758,"Info","Arena",2,"Enter_Zone",4
143.025,"Info","Arena",8,"Exit_Zone",4
143.025,"Info","Arena",8,"Enter_Zone",1
143.306,"Info","Arena",4,"Exit_Zone",1
143.306,"Info","Arena",4,"Enter_Zone",4
143.573,"Info","Arena",4,"Exit_Zone",4
143.573,"Info","Arena",4,"Enter_Zone",3
143.708,"Info","Arena",2,"Exit_Zone",4
143.708,"Info","Arena",2,"Enter_Zone",3
143.904,"Info","Arena",7,"Exit_Zone",2
143.904,"Info","Arena",7,"Enter_Zone",4
144.041,"Info","Arena",7,"Exit_Zone",4
144.041,"Info","Arena",7,"Enter_Zone",2
144.744,"Info","Arena",5,"Exit_Zone",3
144.744,"Info","Arena",5,"Enter_Zone",4
145.346,"Info","Arena",5,"Exit_Zone",4
145.346,"Info","Arena",5,"Enter_Zone",1
145.584,"Info","Arena",8,"Exit_Zone",1
145.584,"Info","Arena",8,"Enter_Zone",4
146.078,"Info","Arena",8,"Exit_Zone",4
146.078,"Info","Arena",8,"Enter_Zone",3
147.505,"Info","Arena",2,"Exit_Zone",3
147.505,"Info","Arena",2,"Enter_Zone",4
147.686,"Info","Arena",1,"Exit_Zone",3
147.686,"Info","Arena",1,"Enter_Zone",4
147.828,"Info","Arena",4,"Exit_Zone",3
147.828,"Info","Arena",4,"Enter_Zone",4
147.901,"Info","Arena",2,"Exit_Zone",4
147.901,"Info","Arena",2,"Enter_Zone",2
147.937,"Info","Arena",1,"Exit_Zone",4
147.937,"Info","Arena",1,"Enter_Zone",1
147.937,"Info","Arena",5,"Exit_Zone",1
147.937,"Info","Arena",5,"Enter_Zone",4
148.456,"Info","Arena",4,"Exit_Zone",4
148.456,"Info","Arena",4,"Enter_Zone",3
148.456,"Info","Arena",5,"Exit_Zone",4
148.456,"Info","Arena",5,"Enter_Zone",2
148.492,"Info","Arena",5,"Exit_Zone",2
148.492,"Info","Arena",5,"Enter_Zone",4
148.556,"Info","Arena",8,"Exit_Zone",3
148.556,"Info","Arena",8,"Enter_Zone",4
148.656,"Info","Arena",5,"Exit_Zone",4
148.656,"Info","Arena",5,"Enter_Zone",1
149.274,"Info","Arena",8,"Exit_Zone",4
149.274,"Info","Arena",8,"Enter_Zone",1
150.557,"Info","Arena",8,"Exit_Zone",1
150.557,"Info","Arena",8,"Enter_Zone",4
150.832,"Info","Arena",1,"Exit_Zone",1
150.832,"Info","Arena",1,"Enter_Zone",4
150.903,"Info","Arena",8,"Exit_Zone",4
150.903,"Info","Arena",8,"Enter_Zone",2
151.079,"Info","Arena",1,"Exit_Zone",4
151.079,"Info","Arena",1,"Enter_Zone",3
151.079,"Info","Arena",2,"Exit_Zone",2
151.079,"Info","Arena",2,"Enter_Zone",4
152.389,"Info","Arena",2,"Exit_Zone",4
152.389,"Info","Arena",2,"Enter_Zone",1
152.737,"Info","Arena",6,"Exit_Zone",1
152.737,"Info","Arena",6,"Enter_Zone",4
153.188,"Info","Arena",6,"Exit_Zone",4
153.188,"Info","Arena",6,"Enter_Zone",2
153.952,"Info","Arena",1,"Exit_Zone",3
153.952,"Info","Arena",1,"Enter_Zone",4
154.388,"Info","Arena",1,"Exit_Zone",4
154.388,"Info","Arena",1,"Enter_Zone",1
154.622,"Info","Arena",5,"Exit_Zone",1
154.622,"Info","Arena",5,"Enter_Zone",4
155.150,"Info","Arena",5,"Exit_Zone",4
155.150,"Info","Arena",5,"Enter_Zone",3
155.359,"Info","Arena",8,"Exit_Zone",2
155.359,"Info","Arena",8,"Enter_Zone",4
155.864,"Info","Arena",8,"Exit_Zone",4
155.864,"Info","Arena",8,"Enter_Zone",3
156.291,"Info","Arena",4,"Exit_Zone",3
156.291,"Info","Arena",4,"Enter_Zone",4
156.471,"Info","Arena",4,"Exit_Zone",4
156.471,"Info","Arena",4,"Enter_Zone",1
156.543,"Info","Arena",2,"Exit_Zone",1
156.543,"Info","Arena",2,"Enter_Zone",4
156.579,"Info","Arena",4,"Exit_Zone",1
156.579,"Info","Arena",4,"Enter_Zone",4
156.686,"Info","Arena",4,"Exit_Zone",4
156.686,"Info","Arena",4,"Enter_Zone",3
156.829,"Info","Arena",7,"Exit_Zone",2
156.829,"Info","Arena",7,"Enter_Zone",4
156.971,"Info","Arena",7,"Exit_Zone",4
156.971,"Info","Arena",7,"Enter_Zone",1
157.261,"Info","Arena",2,"Exit_Zone",4
157.261,"Info","Arena",2,"Enter_Zone",2
158.476,"Info","Arena",8,"Exit_Zone",3
158.476,"Info","Arena",8,"Enter_Zone",4
158.789,"Info","Arena",8,"Exit_Zone",4
158.789,"Info","Arena",8,"Enter_Zone",2
158.859,"Info","Arena",1,"Exit_Zone",1
158.859,"Info","Arena",1,"Enter_Zone",4
158.859,"Info","Arena",7,"Exit_Zone",1
158.859,"Info","Arena",7,"Enter_Zone",4
158.932,"Info","Arena",7,"Exit_Zone",4
158.932,"Info","Arena",7,"Enter_Zone",2
159.216,"Info","Arena",1,"Exit_Zone",4
159.216,"Info","Arena",1,"Enter_Zone",3
160.275,"Info","Arena",4,"Exit_Zone",3
160.275,"Info","Arena",4,"Enter_Zone",4
160.491,"Info","Arena",1,"Exit_Zone",3
160.491,"Info","Arena",1,"Enter_Zone",4
160.525,"Info","Arena",4,"Exit_Zone",4
160.525,"Info","Arena",4,"Enter_Zone",2
160.561,"Info","Arena",2,"Exit_Zone",2
160.561,"Info","Arena",2,"Enter_Zone",4
160.633,"Info","Arena",5,"Exit_Zone",3
160.633,"Info","Arena",5,"Enter_Zone",4
160.740,"Info","Arena",1,"Exit_Zone",4
160.740,"Info","Arena",1,"Enter_Zone",2
160.883,"Info","Arena",1,"Exit_Zone",2
160.883,"Info","Arena",1,"Enter_Zone",4
160.957,"Info","Arena",1,"Exit_Zone",4
160.957,"Info","Arena",1,"Enter_Zone",1
161.138,"Info","Arena",2,"Exit_Zone",4
161.138,"Info","Arena",2,"Enter_Zone",1
161.172,"Info","Arena",5,"Exit_Zone",4
161.172,"Info","Arena",5,"Enter_Zone",2
161.251,"Info","Arena",7,"Exit_Zone",2
161.251,"Info","Arena",7,"Enter_Zone",4
161.430,"Info","Arena",8,"Exit_Zone",2
161.430,"Info","Arena",8,"Enter_Zone",4
161.499,"Info","Arena",7,"Exit_Zone",4
161.499,"Info","Arena",7,"Enter_Zone",3
161.984,"Info","Arena",8,"Exit_Zone",4
161.984,"Info","Arena",8,"Enter_Zone",3
163.123,"Info","Arena",4,"Exit_Zone",2
163.123,"Info","Arena",4,"Enter_Zone",4
163.231,"Info","Arena",4,"Exit_Zone",4
163.231,"Info","Arena",4,"Enter_Zone",1
163.974,"Info","Arena",6,"Exit_Zone",2
163.974,"Info","Arena",6,"Enter_Zone",4
164.154,"Info","Arena",6,"Exit_Zone",4
164.154,"Info","Arena",6,"Enter_Zone",3
164.438,"Info","Arena",1,"Exit_Zone",1
164.438,"Info","Arena",1,"Enter_Zone",4
164.649,"Info","Arena",1,"Exit_Zone",4
164.649,"Info","Arena",1,"Enter_Zone",2
164.721,"Info","Arena",5,"Exit_Zone",2
164.721,"Info","Arena",5,"Enter_Zone",4
165.014,"Info","Arena",5,"Exit_Zone",4
165.014,"Info","Arena",5,"Enter_Zone",1
165.305,"Info","Arena",2,"Exit_Zone",1
165.305,"Info","Arena",2,"Enter_Zone",4
165.676,"Info","Arena",4,"Exit_Zone",1
165.676,"Info","Arena",4,"Enter_Zone",4
165.778,"Info","Arena",4,"Exit_Zone",4
165.778,"Info","Arena",4,"Enter_Zone",2
166.260,"Info","Arena",2,"Exit_Zone",4
166.260,"Info","Arena",2,"Enter_Zone",3
166.941,"Info","Arena",7,"Exit_Zone",3
166.941,"Info","Arena",7,"Enter_Zone",4
167.285,"Info","Arena",7,"Exit_Zone",4
167.285,"Info","Arena",7,"Enter_Zone",2
167.428,"Info","Arena",8,"Exit_Zone",3
167.428,"Info","Arena",8,"Enter_Zone",4
167.916,"Info","Arena",8,"Exit_Zone",4
167.916,"Info","Arena",8,"Enter_Zone",1
168.157,"Info","Arena",4,"Exit_Zone",2
168.157,"Info","Arena",4,"Enter_Zone",4
168.274,"Info","Arena",5,"Exit_Zone",1
168.274,"Info","Arena",5,"Enter_Zone",4
168.345,"Info","Arena",6,"Exit_Zone",3
168.345,"Info","Arena",6,"Enter_Zone",4
168.589,"Info","Arena",4,"Exit_Zone",4
168.589,"Info","Arena",4,"Enter_Zone",3
168.695,"Info","Arena",5,"Exit_Zone",4
168.695,"Info","Arena",5,"Enter_Zone",3
168.695,"Info","Arena",6,"Exit_Zone",4
168.695,"Info","Arena",6,"Enter_Zone",2
169.969,"Info","Arena",2,"Exit_Zone",3
169.969,"Info","Arena",2,"Enter_Zone",4
170.002,"Info","Arena",7,"Exit_Zone",2
170.002,"Info","Arena",7,"Enter_Zone",4
170.177,"Info","Arena",7,"Exit_Zone",4
170.177,"Info","Arena",7,"Enter_Zone",3
170.258,"Info","Arena",2,"Exit_Zone",4
170.258,"Info","Arena",2,"Enter_Zone",2
170.291,"Info","Arena",1,"Exit_Zone",2
170.291,"Info","Arena",1,"Enter_Zone",4
170.362,"Info","Arena",1,"Exit_Zone",4
170.362,"Info","Arena",1,"Enter_Zone",3
170.398,"Info","Arena",5,"Exit_Zone",3
170.398,"Info","Arena",5,"Enter_Zone",4
170.610,"Info","Arena",4,"Exit_Zone",3
170.610,"Info","Arena",4,"Enter_Zone",4
170.716,"Info","Arena",4,"Exit_Zone",4
170.716,"Info","Arena",4,"Enter_Zone",2
170.892,"Info","Arena",5,"Exit_Zone",4
170.892,"Info","Arena",5,"Enter_Zone",1
170.996,"Info","Arena",8,"Exit_Zone",1
170.996,"Info","Arena",8,"Enter_Zone",4
171.200,"Info","Arena",8,"Exit_Zone",4
171.200,"Info","Arena",8,"Enter_Zone",2
171.850,"Info","Arena",7,"Exit_Zone",3
171.850,"Info","Arena",7,"Enter_Zone",4
171.986,"Info","Arena",4,"Exit_Zone",2
171.986,"Info","Arena",4,"Enter_Zone",4
172.123,"Info","Arena",7,"Exit_Zone",4
172.123,"Info","Arena",7,"Enter_Zone",1
172.190,"Info","Arena",4,"Exit_Zone",4
172.190,"Info","Arena",4,"Enter_Zone",3
172.640,"Info","Arena",7,"Exit_Zone",1
172.640,"Info","Arena",7,"Enter_Zone",4
172.711,"Info","Arena",7,"Exit_Zone",4
172.711,"Info","Arena",7,"Enter_Zone",2
172.981,"Info","Arena",2,"Exit_Zone",2
172.981,"Info","Arena",2,"Enter_Zone",4
173.016,"Info","Arena",6,"Exit_Zone",2
173.016,"Info","Arena",6,"Enter_Zone",4
173.265,"Info","Arena",6,"Exit_Zone",4
173.265,"Info","Arena",6,"Enter_Zone",3
173.547,"Info","Arena",1,"Exit_Zone",3
173.547,"Info","Arena",1,"Enter_Zone",4
173.584,"Info","Arena",1,"Exit_Zone",4
173.584,"Info","Arena",1,"Enter_Zone",2
173.727,"Info","Arena",2,"Exit_Zone",4
173.727,"Info","Arena",2,"Enter_Zone",3
174.056,"Info","Arena",3,"Exit_Zone",3
174.056,"Info","Arena",3,"Enter_Zone",4
174.395,"Info","Arena",5,"Exit_Zone",1
174.395,"Info","Arena",5,"Enter_Zone",4
174.431,"Info","Arena",4,"Exit_Zone",3
174.431,"Info","Arena",4,"Enter_Zone",4
174.691,"Info","Arena",3,"Exit_Zone",4
174.691,"Info","Arena",3,"Enter_Zone",1
174.798,"Info","Arena",4,"Exit_Zone",4
174.798,"Info","Arena",4,"Enter_Zone",2
174.938,"Info","Arena",5,"Exit_Zone",4
174.938,"Info","Arena",5,"Enter_Zone",3
175.836,"Info","Arena",6,"Exit_Zone",3
175.836,"Info","Arena",6,"Enter_Zone",4
175.868,"Info","Arena",7,"Exit_Zone",2
175.868,"Info","Arena",7,"Enter_Zone",4
175.901,"Info","Arena",7,"Exit_Zone",4
175.901,"Info","Arena",7,"Enter_Zone",2
175.936,"Info","Arena",7,"Exit_Zone",2
175.936,"Info","Arena",7,"Enter_Zone",4
176.174,"Info","Arena",7,"Exit_Zone",4
176.174,"Info","Arena",7,"Enter_Zone",1
176.253,"Info","Arena",6,"Exit_Zone",4
176.253,"Info","Arena",6,"Enter_Zone",1
176.655,"Info","Arena",3,"Exit_Zone",1
176.655,"Info","Arena",3,"Enter_Zone",4
176.763,"Info","Arena",3,"Exit_Zone",4
176.763,"Info","Arena",3,"Enter_Zone",2
177.313,"Info","Arena",2,"Exit_Zone",3
177.313,"Info","Arena",2,"Enter_Zone",4
177.860,"Info","Arena",8,"Exit_Zone",2
177.860,"Info","Arena",8,"Enter_Zone",4
178.148,"Info","Arena",2,"Exit_Zone",4
178.148,"Info","Arena",2,"Enter_Zone",3
178.322,"Info","Arena",7,"Exit_Zone",1
178.322,"Info","Arena",7,"Enter_Zone",4
178.489,"Info","Arena",7,"Exit_Zone",4
178.489,"Info","Arena",7,"Enter_Zone",2
178.524,"Info","Arena",8,"Exit_Zone",4
178.524,"Info","Arena",8,"Enter_Zone",1
178.628,"Info","Arena",3,"Exit_Zone",2
178.628,"Info","Arena",3,"Enter_Zone",4
178.803,"Info","Arena",3,"Exit_Zone",4
178.803,"Info","Arena",3,"Enter_Zone",3
178.803,"Info","Arena",5,"Exit_Zone",3
178.803,"Info","Arena",5,"Enter_Zone",4
178.910,"Info","Arena",5,"Exit_Zone",4
178.910,"Info","Arena",5,"Enter_Zone",2
179.189,"Info","Arena",4,"Exit_Zone",2
179.189,"Info","Arena",4,"Enter_Zone",4
179.398,"Info","Arena",4,"Exit_Zone",4
179.398,"Info","Arena",4,"Enter_Zone",3
180.821,"Info","Arena",1,"Exit_Zone",2
180.821,"Info","Arena",1,"Enter_Zone",1
180.821,"Info","Arena",5,"Exit_Zone",2
180.821,"Info","Arena",5,"Enter_Zone",4
180.821,"Info","Arena",6,"Exit_Zone",1
180.821,"Info","Arena",6,"Enter_Zone",2
180.821,"Info","Arena",8,"Exit_Zone",1
180.821,"Info","Arena",8,"Enter_Zone",4
180.855,"Info","Arena",8,"Exit_Zone",4
180.855,"Info","Arena",8,"Enter_Zone",2
180.921,"Info","Arena",5,"Exit_Zone",4
180.921,"Info","Arena",5,"Enter_Zone",1
180.954,"Info","Arena",7,"Exit_Zone",2
180.954,"Info","Arena",7,"Enter_Zone",4
181.233,"Info","Arena",7,"Exit_Zone",4
181.233,"Info","Arena",7,"Enter_Zone",3
182.714,"Info","Arena",4,"Exit_Zone",3
182.714,"Info","Arena",4,"Enter_Zone",4
182.782,"Info","Arena",7,"Exit_Zone",3
182.782,"Info","Arena",7,"Enter_Zone",4
183.050,"Info","Arena",4,"Exit_Zone",4
183.050,"Info","Arena",4,"Enter_Zone",2
183.150,"Info","Arena",2,"Exit_Zone",3
183.150,"Info","Arena",2,"Enter_Zone",4
183.150,"Info","Arena",7,"Exit_Zone",4
183.150,"Info","Arena",7,"Enter_Zone",2
183.962,"Info","Arena",2,"Exit_Zone",4
183.962,"Info","Arena",2,"Enter_Zone",1
184.195,"Info","Arena",1,"Exit_Zone",1
184.195,"Info","Arena",1,"Enter_Zone",4
184.412,"Info","Arena",1,"Exit_Zone",4
184.412,"Info","Arena",1,"Enter_Zone",2
184.447,"Info","Arena",8,"Exit_Zone",2
184.447,"Info","Arena",8,"Enter_Zone",4
184.623,"Info","Arena",6,"Exit_Zone",2
184.623,"Info","Arena",6,"Enter_Zone",4
184.695,"Info","Arena",6,"Exit_Zone",4
184.695,"Info","Arena",6,"Enter_Zone",1
184.907,"Info","Arena",8,"Exit_Zone",4
184.907,"Info","Arena",8,"Enter_Zone",3
184.979,"Info","Arena",4,"Exit_Zone",2
184.979,"Info","Arena",4,"Enter_Zone",4
185.079,"Info","Arena",7,"Exit_Zone",2
185.079,"Info","Arena",7,"Enter_Zone",4
185.464,"Info","Arena",4,"Exit_Zone",4
185.464,"Info","Arena",4,"Enter_Zone",1
185.464,"Info","Arena",7,"Exit_Zone",4
185.464,"Info","Arena",7,"Enter_Zone",1
186.046,"Info","Arena",6,"Exit_Zone",1
186.046,"Info","Arena",6,"Enter_Zone",4
186.582,"Info","Arena",6,"Exit_Zone",4
186.582,"Info","Arena",6,"Enter_Zone",2
186.738,"Info","Arena",5,"Exit_Zone",1
186.738,"Info","Arena",5,"Enter_Zone",4
187.328,"Info","Arena",5,"Exit_Zone",4
187.328,"Info","Arena",5,"Enter_Zone",3
187.667,"Info","Arena",4,"Exit_Zone",1
187.667,"Info","Arena",4,"Enter_Zone",4
187.873,"Info","Arena",1,"Exit_Zone",2
187.873,"Info","Arena",1,"Enter_Zone",4
188.048,"Info","Arena",1,"Exit_Zone",4
188.048,"Info","Arena",1,"Enter_Zone",1
188.083,"Info","Arena",4,"Exit_Zone",4
188.083,"Info","Arena",4,"Enter_Zone",3
188.268,"Info","Arena",2,"Exit_Zone",1
188.268,"Info","Arena",2,"Enter_Zone",4
188.649,"Info","Arena",2,"Exit_Zone",4
188.649,"Info","Arena",2,"Enter_Zone",3
188.721,"Info","Arena",8,"Exit_Zone",3
188.721,"Info","Arena",8,"Enter_Zone",4
189.001,"Info","Arena",7,"Exit_Zone",1
189.001,"Info","Arena",7,"Enter_Zone",4
189.138,"Info","Arena",8,"Exit_Zone",4
189.138,"Info","Arena",8,"Enter_Zone",1
189.252,"Info","Arena",7,"Exit_Zone",4
189.252,"Info","Arena",7,"Enter_Zone",3
189.460,"Info","Arena",4,"Exit_Zone",3
189.460,"Info","Arena",4,"Enter_Zone",4
189.808,"Info","Arena",4,"Exit_Zone",4
189.808,"Info","Arena",4,"Enter_Zone",2
190.444,"Info","Arena",1,"Exit_Zone",1
190.444,"Info","Arena",1,"Enter_Zone",4
190.575,"Info","Arena",1,"Exit_Zone",4
190.575,"Info","Arena",1,"Enter_Zone",3
190.708,"Info","Arena",6,"Exit_Zone",2
190.708,"Info","Arena",6,"Enter_Zone",4
191.203,"Info","Arena",6,"Exit_Zone",4
191.203,"Info","Arena",6,"Enter_Zone",1
192.534,"Info","Arena",1,"Exit_Zone",3
192.534,"Info","Arena",1,"Enter_Zone",4
192.572,"Info","Arena",1,"Exit_Zone",4
192.572,"Info","Arena",1,"Enter_Zone",2
192.607,"Info","Arena",8,"Exit_Zone",1
192.607,"Info","Arena",8,"Enter_Zone",4
192.826,"Info","Arena",8,"Exit_Zone",4
192.826,"Info","Arena",8,"Enter_Zone",3
193.480,"Info","Arena",5,"Exit_Zone",3
193.480,"Info","Arena",5,"Enter_Zone",4
193.801,"Info","Arena",5,"Exit_Zone",4
193.801,"Info","Arena",5,"Enter_Zone",1
194.149,"Info","Arena",2,"Exit_Zone",3
194.149,"Info","Arena",2,"Enter_Zone",4
194.448,"Info","Arena",6,"Exit_Zone",1
194.448,"Info","Arena",6,"Enter_Zone",4
194.607,"Info","Arena",2,"Exit_Zone",4
194.607,"Info","Arena",2,"Enter_Zone",1
195.820,"Info","Arena",6,"Exit_Zone",4
195.820,"Info","Arena",6,"Enter_Zone",2
196.188,"Info","Arena",8,"Exit_Zone",3
196.188,"Info","Arena",8,"Enter_Zone",4
196.607,"Info","Arena",6,"Exit_Zone",2
196.607,"Info","Arena",6,"Enter_Zone",4
196.716,"Info","Arena",6,"Exit_Zone",4
196.716,"Info","Arena",6,"Enter_Zone",1
196.821,"Info","Arena",4,"Exit_Zone",2
196.821,"Info","Arena",4,"Enter_Zone",4
196.893,"Info","Arena",1,"Exit_Zone",2
196.893,"Info","Arena",1,"Enter_Zone",4
197.073,"Info","Arena",1,"Exit_Zone",4
197.073,"Info","Arena",1,"Enter_Zone",1
197.108,"Info","Arena",5,"Exit_Zone",1
197.108,"Info","Arena",5,"Enter_Zone",4
197.144,"Info","Arena",4,"Exit_Zone",4
197.144,"Info","Arena",4,"Enter_Zone",1
197.851,"Info","Arena",5,"Exit_Zone",4
197.851,"Info","Arena",5,"Enter_Zone",2
198.135,"Info","Arena",7,"Exit_Zone",3
198.135,"Info","Arena",7,"Enter_Zone",2
198.257,"Info","Arena",8,"Exit_Zone",4
198.257,"Info","Arena",8,"Enter_Zone",1
199.317,"Info","Arena",4,"Exit_Zone",1
199.317,"Info","Arena",4,"Enter_Zone",4
199.453,"Info","Arena",4,"Exit_Zone",4
199.453,"Info","Arena",4,"Enter_Zone",2
199.865,"Info","Arena",1,"Exit_Zone",1
199.865,"Info","Arena",1,"Enter_Zone",4
200.004,"Info","Arena",7,"Exit_Zone",2
200.004,"Info","Arena",7,"Enter_Zone",4
200.047,"Info","Arena",1,"Exit_Zone",4
200.047,"Info","Arena",1,"Enter_Zone",2
200.365,"Info","Arena",7,"Exit_Zone",4
200.365,"Info","Arena",7,"Enter_Zone",3
201.119,"Info","Arena",4,"Exit_Zone",2
201.119,"Info","Arena",4,"Enter_Zone",4
201.298,"Info","Arena",2,"Exit_Zone",1
201.298,"Info","Arena",2,"Enter_Zone",4
201.501,"Info","Arena",4,"Exit_Zone",4
201.501,"Info","Arena",4,"Enter_Zone",1
201.739,"Info","Arena",2,"Exit_Zone",4
201.739,"Info","Arena",2,"Enter_Zone",3
201.739,"Info","Arena",8,"Exit_Zone",1
201.739,"Info","Arena",8,"Enter_Zone",4
202.187,"Info","Arena",8,"Exit_Zone",4
202.187,"Info","Arena",8,"Enter_Zone",3
202.560,"Info","Arena",5,"Exit_Zone",2
202.560,"Info","Arena",5,"Enter_Zone",4
202.869,"Info","Arena",5,"Exit_Zone",4
202.869,"Info","Arena",5,"Enter_Zone",1
203.037,"Info","Arena",6,"Exit_Zone",1
203.037,"Info","Arena",6,"Enter_Zone",4
203.771,"Info","Arena",6,"Exit_Zone",4
203.771,"Info","Arena",6,"Enter_Zone",2
203.874,"Info","Arena",7,"Exit_Zone",3
203.874,"Info","Arena",7,"Enter_Zone",4
203.977,"Info","Arena",7,"Exit_Zone",4
203.977,"Info","Arena",7,"Enter_Zone",2
205.146,"Info","Arena",8,"Exit_Zone",3
205.146,"Info","Arena",8,"Enter_Zone",4
205.423,"Info","Arena",8,"Exit_Zone",4
205.423,"Info","Arena",8,"Enter_Zone",1
206.290,"Info","Arena",4,"Exit_Zone",1
206.290,"Info","Arena",4,"Enter_Zone",4
206.499,"Info","Arena",4,"Exit_Zone",4
206.499,"Info","Arena",4,"Enter_Zone",3
206.713,"Info","Arena",5,"Exit_Zone",1
206.713,"Info","Arena",5,"Enter_Zone",4
207.379,"Info","Arena",8,"Exit_Zone",1
207.379,"Info","Arena",8,"Enter_Zone",4
207.552,"Info","Arena",5,"Exit_Zone",4
207.552,"Info","Arena",5,"Enter_Zone",3
207.797,"Info","Arena",2,"Exit_Zone",3
207.797,"Info","Arena",2,"Enter_Zone",4
207.797,"Info","Arena",8,"Exit_Zone",4
207.797,"Info","Arena",8,"Enter_Zone",3
208.252,"Info","Arena",2,"Exit_Zone",4
208.252,"Info","Arena",2,"Enter_Zone",2
208.431,"Info","Arena",4,"Exit_Zone",3
208.431,"Info","Arena",4,"Enter_Zone",4
208.506,"Info","Arena",4,"Exit_Zone",4
208.506,"Info","Arena",4,"Enter_Zone",1
208.725,"Info","Arena",6,"Exit_Zone",2
208.725,"Info","Arena",6,"Enter_Zone",4
208.977,"Info","Arena",5,"Exit_Zone",3
208.977,"Info","Arena",5,"Enter_Zone",4
209.048,"Info","Arena",4,"Exit_Zone",1
209.048,"Info","Arena",4,"Enter_Zone",4
209.153,"Info","Arena",4,"Exit_Zone",4
209.153,"Info","Arena",4,"Enter_Zone",3
209.374,"Info","Arena",6,"Exit_Zone",4
209.374,"Info","Arena",6,"Enter_Zone",3
209.879,"Info","Arena",5,"Exit_Zone",4
209.879,"Info","Arena",5,"Enter_Zone",2
210.125,"Info","Arena",7,"Exit_Zone",2
210.125,"Info","Arena",7,"Enter_Zone",4
210.547,"Info","Arena",7,"Exit_Zone",4
210.547,"Info","Arena",7,"Enter_Zone",3
211.076,"Info","Arena",1,"Exit_Zone",2
211.076,"Info","Arena",1,"Enter_Zone",4
211.297,"Info","Arena",4,"Exit_Zone",3
211.297,"Info","Arena",4,"Enter_Zone",4
211.366,"Info","Arena",1,"Exit_Zone",4
211.366,"Info","Arena",1,"Enter_Zone",3
211.613,"Info","Arena",4,"Exit_Zone",4
211.613,"Info","Arena",4,"Enter_Zone",1
211.824,"Info","Arena",8,"Exit_Zone",3
211.824,"Info","Arena",8,"Enter_Zone",4
212.256,"Info","Arena",2,"Exit_Zone",2
212.256,"Info","Arena",2,"Enter_Zone",4
212.526,"Info","Arena",2,"Exit_Zone",4
212.526,"Info","Arena",2,"Enter_Zone",3
213.131,"Info","Arena",8,"Exit_Zone",4
213.131,"Info","Arena",8,"Enter_Zone",1
213.358,"Info","Arena",6,"Exit_Zone",3
213.358,"Info","Arena",6,"Enter_Zone",4
213.469,"Info","Arena",4,"Exit_Zone",1
213.469,"Info","Arena",4,"Enter_Zone",4
213.616,"Info","Arena",4,"Exit_Zone",4
213.616,"Info","Arena",4,"Enter_Zone",3
213.940,"Info","Arena",1,"Exit_Zone",3
213.940,"Info","Arena",1,"Enter_Zone",4
213.940,"Info","Arena",2,"Exit_Zone",3
213.940,"Info","Arena",2,"Enter_Zone",4
214.156,"Info","Arena",6,"Exit_Zone",4
214.156,"Info","Arena",6,"Enter_Zone",2
214.194,"Info","Arena",1,"Exit_Zone",4
214.194,"Info","Arena",1,"Enter_Zone",2
214.553,"Info","Arena",2,"Exit_Zone",4
214.553,"Info","Arena",2,"Enter_Zone",2
215.371,"Info","Arena",7,"Exit_Zone",3
215.371,"Info","Arena",7,"Enter_Zone",4
215.502,"Info","Arena",7,"Exit_Zone",4
215.502,"Info","Arena",7,"Enter_Zone",2
216.284,"Info","Arena",8,"Exit_Zone",1
216.284,"Info","Arena",8,"Enter_Zone",4
217.000,"Info","Arena",8,"Exit_Zone",4
217.000,"Info","Arena",8,"Enter_Zone",2
217.035,"Info","Arena",1,"Exit_Zone",2
217.035,"Info","Arena",1,"Enter_Zone",4
217.464,"Info","Arena",1,"Exit_Zone",4
217.464,"Info","Arena",1,"Enter_Zone",1
217.936,"Info","Arena",4,"Exit_Zone",3
217.936,"Info","Arena",4,"Enter_Zone",4
218.177,"Info","Arena",5,"Exit_Zone",2
218.177,"Info","Arena",5,"Enter_Zone",4
218.324,"Info","Arena",6,"Exit_Zone",2
218.324,"Info","Arena",6,"Enter_Zone",4
218.360,"Info","Arena",2,"Exit_Zone",2
218.360,"Info","Arena",2,"Enter_Zone",3
218.360,"Info","Arena",5,"Exit_Zone",4
218.360,"Info","Arena",5,"Enter_Zone",3
218.393,"Info","Arena",6,"Exit_Zone",4
218.393,"Info","Arena",6,"Enter_Zone",3
218.427,"Info","Arena",4,"Exit_Zone",4
218.427,"Info","Arena",4,"Enter_Zone",2
219.127,"Info","Arena",1,"Exit_Zone",1
219.127,"Info","Arena",1,"Enter_Zone",4
219.236,"Info","Arena",7,"Exit_Zone",2
219.236,"Info","Arena",7,"Enter_Zone",4
219.369,"Info","Arena",7,"Exit_Zone",4
219.369,"Info","Arena",7,"Enter_Zone",3
219.400,"Info","Arena",1,"Exit_Zone",4
219.400,"Info","Arena",1,"Enter_Zone",2
220.542,"Info","Arena",4,"Exit_Zone",2
220.542,"Info","Arena",4,"Enter_Zone",4
220.663,"Info","Arena",4,"Exit_Zone",4
220.663,"Info","Arena",4,"Enter_Zone",3
220.851,"Info","Arena",8,"Exit_Zone",2
220.851,"Info","Arena",8,"Enter_Zone",4
221.671,"Info","Arena",8,"Exit_Zone",4
221.671,"Info","Arena",8,"Enter_Zone",3
222.095,"Info","Arena",1,"Exit_Zone",2
222.095,"Info","Arena",1,"Enter_Zone",4
222.244,"Info","Arena",1,"Exit_Zone",4
222.244,"Info","Arena",1,"Enter_Zone",3
222.662,"Info","Arena",6,"Exit_Zone",3
222.662,"Info","Arena",6,"Enter_Zone",4
223.096,"Info","Arena",2,"Exit_Zone",3
223.096,"Info","Arena",2,"Enter_Zone",4
223.303,"Info","Arena",6,"Exit_Zone",4
223.303,"Info","Arena",6,"Enter_Zone",2
223.464,"Info","Arena",2,"Exit_Zone",4
223.464,"Info","Arena",2,"Enter_Zone",2
224.337,"Info","Arena",1,"Exit_Zone",3
224.337,"Info","Arena",1,"Enter_Zone",4
224.501,"Info","Arena",4,"Exit_Zone",3
224.501,"Info","Arena",4,"Enter_Zone",4
224.675,"Info","Arena",1,"Exit_Zone",4
224.675,"Info","Arena",1,"Enter_Zone",1
224.746,"Info","Arena",4,"Exit_Zone",4
224.746,"Info","Arena",4,"Enter_Zone",2
225.091,"Info","Arena",8,"Exit_Zone",3
225.091,"Info","Arena",8,"Enter_Zone",4
225.159,"Info","Arena",7,"Exit_Zone",3
225.159,"Info","Arena",7,"Enter_Zone",4
225.303,"Info","Arena",7,"Exit_Zone",4
225.303,"Info","Arena",7,"Enter_Zone",2
225.609,"Info","Arena",5,"Exit_Zone",3
225.609,"Info","Arena",5,"Enter_Zone",4
225.815,"Info","Arena",8,"Exit_Zone",4
225.815,"Info","Arena",8,"Enter_Zone",2
226.017,"Info","Arena",6,"Exit_Zone",2
226.017,"Info","Arena",6,"Enter_Zone",4
226.119,"Info","Arena",5,"Exit_Zone",4
226.119,"Info","Arena",5,"Enter_Zone",1
226.397,"Info","Arena",6,"Exit_Zone",4
226.397,"Info","Arena",6,"Enter_Zone",3
226.497,"Info","Arena",2,"Exit_Zone",2
226.497,"Info","Arena",2,"Enter_Zone",4
226.830,"Info","Arena",1,"Exit_Zone",1
226.830,"Info","Arena",1,"Enter_Zone",4
226.933,"Info","Arena",1,"Exit_Zone",4
226.933,"Info","Arena",1,"Enter_Zone",2
227.249,"Info","Arena",4,"Exit_Zone",2
227.249,"Info","Arena",4,"Enter_Zone",4
227.315,"Info","Arena",2,"Exit_Zone",4
227.315,"Info","Arena",2,"Enter_Zone",1
227.479,"Info","Arena",4,"Exit_Zone",4
227.479,"Info","Arena",4,"Enter_Zone",3
229.288,"Info","Arena",2,"Exit_Zone",1
229.288,"Info","Arena",2,"Enter_Zone",4
229.552,"Info","Arena",8,"Exit_Zone",2
229.552,"Info","Arena",8,"Enter_Zone",4
229.623,"Info","Arena",2,"Exit_Zone",4
229.623,"Info","Arena",2,"Enter_Zone",3
229.693,"Info","Arena",4,"Exit_Zone",3
229.693,"Info","Arena",4,"Enter_Zone",4
230.232,"Info","Arena",4,"Exit_Zone",4
230.232,"Info","Arena",4,"Enter_Zone",2
230.267,"Info","Arena",5,"Exit_Zone",1
230.267,"Info","Arena",5,"Enter_Zone",4
230.450,"Info","Arena",8,"Exit_Zone",4
230.450,"Info","Arena",8,"Enter_Zone",3
230.664,"Info","Arena",1,"Exit_Zone",2
230.664,"Info","Arena",1,"Enter_Zone",4
230.700,"Info","Arena",5,"Exit_Zone",4
230.700,"Info","Arena",5,"Enter_Zone",2
230.841,"Info","Arena",5,"Exit_Zone",2
230.841,"Info","Arena",5,"Enter_Zone",4
230.879,"Info","Arena",1,"Exit_Zone",4
230.879,"Info","Arena",1,"Enter_Zone",3
231.017,"Info","Arena",5,"Exit_Zone",4
231.017,"Info","Arena",5,"Enter_Zone",1
231.354,"Info","Arena",6,"Exit_Zone",3
231.354,"Info","Arena",6,"Enter_Zone",4
231.653,"Info","Arena",3,"Exit_Zone",3
231.653,"Info","Arena",3,"Enter_Zone",4
231.720,"Info","Arena",6,"Exit_Zone",4
231.720,"Info","Arena",6,"Enter_Zone",3
231.892,"Info","Arena",4,"Exit_Zone",2
231.892,"Info","Arena",4,"Enter_Zone",4
231.925,"Info","Arena",3,"Exit_Zone",4
231.925,"Info","Arena",3,"Enter_Zone",1
232.631,"Info","Arena",7,"Exit_Zone",2
232.631,"Info","Arena",7,"Enter_Zone",4
232.699,"Info","Arena",4,"Exit_Zone",4
232.699,"Info","Arena",4,"Enter_Zone",2
232.732,"Info","Arena",7,"Exit_Zone",4
232.732,"Info","Arena",7,"Enter_Zone",3
232.800,"Info","Arena",1,"Exit_Zone",3
232.800,"Info","Arena",1,"Enter_Zone",4
233.219,"Info","Arena",1,"Exit_Zone",4
233.219,"Info","Arena",1,"Enter_Zone",2
234.545,"Info","Arena",4,"Exit_Zone",2
234.545,"Info","Arena",4,"Enter_Zone",4
234.849,"Info","Arena",4,"Exit_Zone",4
234.849,"Info","Arena",4,"Enter_Zone",1
234.883,"Info","Arena",5,"Exit_Zone",1
234.883,"Info","Arena",5,"Enter_Zone",4
235.066,"Info","Arena",8,"Exit_Zone",3
235.066,"Info","Arena",8,"Enter_Zone",4
235.401,"Info","Arena",5,"Exit_Zone",4
235.401,"Info","Arena",5,"Enter_Zone",2
235.541,"Info","Arena",2,"Exit_Zone",3
235.541,"Info","Arena",2,"Enter_Zone",4
235.902,"Info","Arena",8,"Exit_Zone",4
235.902,"Info","Arena",8,"Enter_Zone",2
236.171,"Info","Arena",2,"Exit_Zone",4
236.171,"Info","Arena",2,"Enter_Zone",1
236.746,"Info","Arena",4,"Exit_Zone",1
236.746,"Info","Arena",4,"Enter_Zone",4
236.974,"Info","Arena",4,"Exit_Zone",4
236.974,"Info","Arena",4,"Enter_Zone",2
237.799,"Info","Arena",7,"Exit_Zone",3
237.799,"Info","Arena",7,"Enter_Zone",4
238.069,"Info","Arena",7,"Exit_Zone",4
238.069,"Info","Arena",7,"Enter_Zone",2
238.358,"Info","Arena",1,"Exit_Zone",2
238.358,"Info","Arena",1,"Enter_Zone",4
238.358,"Info","Arena",8,"Exit_Zone",2
238.358,"Info","Arena",8,"Enter_Zone",4
238.392,"Info","Arena",1,"Exit_Zone",4
238.392,"Info","Arena",1,"Enter_Zone",3
238.570,"Info","Arena",8,"Exit_Zone",4
238.570,"Info","Arena",8,"Enter_Zone",1
239.229,"Info","Arena",5,"Exit_Zone",2
239.229,"Info","Arena",5,"Enter_Zone",4
239.582,"Info","Arena",5,"Exit_Zone",4
239.582,"Info","Arena",5,"Enter_Zone",1
239.618,"Info","Arena",4,"Exit_Zone",2
239.618,"Info","Arena",4,"Enter_Zone",4
239.830,"Info","Arena",4,"Exit_Zone",4
239.830,"Info","Arena",4,"Enter_Zone",3
239.934,"Info","Arena",4,"Exit_Zone",3
239.934,"Info","Arena",4,"Enter_Zone",4
240.072,"Info","Arena",4,"Exit_Zone",4
240.072,"Info","Arena",4,"Enter_Zone",2
241.962,"Info","Arena",4,"Exit_Zone",2
241.962,"Info","Arena",4,"Enter_Zone",4
242.295,"Info","Arena",4,"Exit_Zone",4
242.295,"Info","Arena",4,"Enter_Zone",1
242.444,"Info","Arena",2,"Exit_Zone",1
242.444,"Info","Arena",2,"Enter_Zone",4
242.891,"Info","Arena",7,"Exit_Zone",2
242.891,"Info","Arena",7,"Enter_Zone",4
242.967,"Info","Arena",2,"Exit_Zone",4
242.967,"Info","Arena",2,"Enter_Zone",2
243.045,"Info","Arena",6,"Exit_Zone",3
243.045,"Info","Arena",6,"Enter_Zone",4
243.192,"Info","Arena",7,"Exit_Zone",4
243.192,"Info","Arena",7,"Enter_Zone",1
243.955,"Info","Arena",6,"Exit_Zone",4
243.955,"Info","Arena",6,"Enter_Zone",2
244.200,"Info","Arena",8,"Exit_Zone",1
244.200,"Info","Arena",8,"Enter_Zone",4
245.314,"Info","Arena",2,"Exit_Zone",2
245.314,"Info","Arena",2,"Enter_Zone",4
245.556,"Info","Arena",2,"Exit_Zone",4
245.556,"Info","Arena",2,"Enter_Zone",3
245.596,"Info","Arena",4,"Exit_Zone",1
245.596,"Info","Arena",4,"Enter_Zone",4
245.819,"Info","Arena",7,"Exit_Zone",1
245.819,"Info","Arena",7,"Enter_Zone",4
245.969,"Info","Arena",4,"Exit_Zone",4
245.969,"Info","Arena",4,"Enter_Zone",2
246.005,"Info","Arena",7,"Exit_Zone",4
246.005,"Info","Arena",7,"Enter_Zone",2
246.488,"Info","Arena",1,"Exit_Zone",3
246.488,"Info","Arena",1,"Enter_Zone",4
246.523,"Info","Arena",8,"Exit_Zone",4
246.523,"Info","Arena",8,"Enter_Zone",3
246.993,"Info","Arena",1,"Exit_Zone",4
246.993,"Info","Arena",1,"Enter_Zone",1
247.029,"Info","Arena",6,"Exit_Zone",2
247.029,"Info","Arena",6,"Enter_Zone",4
247.582,"Info","Arena",5,"Exit_Zone",1
247.582,"Info","Arena",5,"Enter_Zone",4
247.614,"Info","Arena",6,"Exit_Zone",4
247.614,"Info","Arena",6,"Enter_Zone",3
247.679,"Info","Arena",5,"Exit_Zone",4
247.679,"Info","Arena",5,"Enter_Zone",2
248.828,"Info","Arena",1,"Exit_Zone",1
248.828,"Info","Arena",1,"Enter_Zone",4
248.936,"Info","Arena",2,"Exit_Zone",3
248.936,"Info","Arena",2,"Enter_Zone",4
249.227,"Info","Arena",1,"Exit_Zone",4
249.227,"Info","Arena",1,"Enter_Zone",2
249.398,"Info","Arena",2,"Exit_Zone",4
249.398,"Info","Arena",2,"Enter_Zone",2
249.537,"Info","Arena",4,"Exit_Zone",2
249.537,"Info","Arena",4,"Enter_Zone",4
249.818,"Info","Arena",2,"Exit_Zone",2
249.818,"Info","Arena",2,"Enter_Zone",3
249.927,"Info","Arena",1,"Exit_Zone",2
249.927,"Info","Arena",1,"Enter_Zone",4
249.963,"Info","Arena",4,"Exit_Zone",4
249.963,"Info","Arena",4,"Enter_Zone",1
250.082,"Info","Arena",8,"Exit_Zone",3
250.082,"Info","Arena",8,"Enter_Zone",4
250.198,"Info","Arena",1,"Exit_Zone",4
250.198,"Info","Arena",1,"Enter_Zone",1
250.198,"Info","Arena",7,"Exit_Zone",2
250.198,"Info","Arena",7,"Enter_Zone",4
250.291,"Info","Arena",7,"Exit_Zone",4
250.291,"Info","Arena",7,"Enter_Zone",3
250.487,"Info","Arena",8,"Exit_Zone",4
250.487,"Info","Arena",8,"Enter_Zone",1
250.749,"Info","Arena",5,"Exit_Zone",2
250.749,"Info","Arena",5,"Enter_Zone",4
251.147,"Info","Arena",5,"Exit_Zone",4
251.147,"Info","Arena",5,"Enter_Zone",1
251.918,"Info","Arena",4,"Exit_Zone",1
251.918,"Info","Arena",4,"Enter_Zone",4
252.415,"Info","Arena",2,"Exit_Zone",3
252.415,"Info","Arena",2,"Enter_Zone",4
252.584,"Info","Arena",4,"Exit_Zone",4
252.584,"Info","Arena",4,"Enter_Zone",3
252.693,"Info","Arena",1,"Exit_Zone",1
252.693,"Info","Arena",1,"Enter_Zone",4
252.836,"Info","Arena",1,"Exit_Zone",4
252.836,"Info","Arena",1,"Enter_Zone",2
253.169,"Info","Arena",2,"Exit_Zone",4
253.169,"Info","Arena",2,"Enter_Zone",2
253.627,"Info","Arena",8,"Exit_Zone",1
253.627,"Info","Arena",8,"Enter_Zone",4
253.921,"Info","Arena",8,"Exit_Zone",4
253.921,"Info","Arena",8,"Enter_Zone",3
254.480,"Info","Arena",4,"Exit_Zone",3
254.480,"Info","Arena",4,"Enter_Zone",2
254.831,"Info","Arena",5,"Exit_Zone",1
254.831,"Info","Arena",5,"Enter_Zone",4
255.481,"Info","Arena",5,"Exit_Zone",4
255.481,"Info","Arena",5,"Enter_Zone",2
256.082,"Info","Arena",4,"Exit_Zone",2
256.082,"Info","Arena",4,"Enter_Zone",4
256.904,"Info","Arena",4,"Exit_Zone",4
256.904,"Info","Arena",4,"Enter_Zone",1
257.915,"Info","Arena",6,"Exit_Zone",3
257.915,"Info","Arena",6,"Enter_Zone",4
258.287,"Info","Arena",6,"Exit_Zone",4
258.287,"Info","Arena",6,"Enter_Zone",1
258.584,"Info","Arena",5,"Exit_Zone",2
258.584,"Info","Arena",5,"Enter_Zone",4
259.041,"Info","Arena",1,"Exit_Zone",2
259.041,"Info","Arena",1,"Enter_Zone",4
259.076,"Info","Arena",4,"Exit_Zone",1
259.076,"Info","Arena",4,"Enter_Zone",4
259.233,"Info","Arena",2,"Exit_Zone",2
259.233,"Info","Arena",2,"Enter_Zone",4
259.407,"Info","Arena",1,"Exit_Zone",4
259.407,"Info","Arena",1,"Enter_Zone",1
259.511,"Info","Arena",4,"Exit_Zone",4
259.511,"Info","Arena",4,"Enter_Zone",3
259.583,"Info","Arena",5,"Exit_Zone",4
259.583,"Info","Arena",5,"Enter_Zone",1
259.651,"Info","Arena",2,"Exit_Zone",4
259.651,"Info","Arena",2,"Enter_Zone",3
260.094,"Info","Arena",8,"Exit_Zone",3
260.094,"Info","Arena",8,"Enter_Zone",4
260.305,"Info","Arena",1,"Exit_Zone",1
260.305,"Info","Arena",1,"Enter_Zone",4
260.373,"Info","Arena",1,"Exit_Zone",4
260.373,"Info","Arena",1,"Enter_Zone",2
261.074,"Info","Arena",8,"Exit_Zone",4
261.074,"Info","Arena",8,"Enter_Zone",2
261.748,"Info","Arena",4,"Exit_Zone",3
261.748,"Info","Arena",4,"Enter_Zone",4
262.081,"Info","Arena",4,"Exit_Zone",4
262.081,"Info","Arena",4,"Enter_Zone",2
262.947,"Info","Arena",6,"Exit_Zone",1
262.947,"Info","Arena",6,"Enter_Zone",4
263.327,"Info","Arena",2,"Exit_Zone",3
263.327,"Info","Arena",2,"Enter_Zone",4
263.744,"Info","Arena",3,"Exit_Zone",1
263.744,"Info","Arena",3,"Enter_Zone",4
263.954,"Info","Arena",3,"Exit_Zone",4
263.954,"Info","Arena",3,"Enter_Zone",2
263.989,"Info","Arena",2,"Exit_Zone",4
263.989,"Info","Arena",2,"Enter_Zone",1
264.196,"Info","Arena",6,"Exit_Zone",4
264.196,"Info","Arena",6,"Enter_Zone",3
264.196,"Info","Arena",8,"Exit_Zone",2
264.196,"Info","Arena",8,"Enter_Zone",4
264.240,"Info","Arena",5,"Exit_Zone",1
264.240,"Info","Arena",5,"Enter_Zone",4
264.829,"Info","Arena",4,"Exit_Zone",2
264.829,"Info","Arena",4,"Enter_Zone",4
265.072,"Info","Arena",5,"Exit_Zone",4
265.072,"Info","Arena",5,"Enter_Zone",3
265.108,"Info","Arena",8,"Exit_Zone",4
265.108,"Info","Arena",8,"Enter_Zone",3
265.177,"Info","Arena",2,"Exit_Zone",1
265.177,"Info","Arena",2,"Enter_Zone",4
265.177,"Info","Arena",4,"Exit_Zone",4
265.177,"Info","Arena",4,"Enter_Zone",1
265.669,"Info","Arena",2,"Exit_Zone",4
265.669,"Info","Arena",2,"Enter_Zone",2
266.357,"Info","Arena",1,"Exit_Zone",2
266.357,"Info","Arena",1,"Enter_Zone",4
266.627,"Info","Arena",1,"Exit_Zone",4
266.627,"Info","Arena",1,"Enter_Zone",3
267.780,"Info","Arena",4,"Exit_Zone",1
267.780,"Info","Arena",4,"Enter_Zone",4
268.224,"Info","Arena",4,"Exit_Zone",4
268.224,"Info","Arena",4,"Enter_Zone",3
268.426,"Info","Arena",6,"Exit_Zone",3
268.426,"Info","Arena",6,"Enter_Zone",4
268.627,"Info","Arena",1,"Exit_Zone",3
268.627,"Info","Arena",1,"Enter_Zone",4
268.733,"Info","Arena",2,"Exit_Zone",2
268.733,"Info","Arena",2,"Enter_Zone",4
268.803,"Info","Arena",1,"Exit_Zone",4
268.803,"Info","Arena",1,"Enter_Zone",2
268.906,"Info","Arena",6,"Exit_Zone",4
268.906,"Info","Arena",6,"Enter_Zone",1
269.114,"Info","Arena",2,"Exit_Zone",4
269.114,"Info","Arena",2,"Enter_Zone",1
269.298,"Info","Arena",8,"Exit_Zone",3
269.298,"Info","Arena",8,"Enter_Zone",4
270.042,"Info","Arena",8,"Exit_Zone",4
270.042,"Info","Arena",8,"Enter_Zone",1
270.454,"Info","Arena",4,"Exit_Zone",3
270.454,"Info","Arena",4,"Enter_Zone",4
270.747,"Info","Arena",1,"Exit_Zone",2
270.747,"Info","Arena",1,"Enter_Zone",4
270.889,"Info","Arena",1,"Exit_Zone",4
270.889,"Info","Arena",1,"Enter_Zone",3
271.361,"Info","Arena",4,"Exit_Zone",4
271.361,"Info","Arena",4,"Enter_Zone",1
271.361,"Info","Arena",7,"Exit_Zone",3
271.361,"Info","Arena",7,"Enter_Zone",4
271.468,"Info","Arena",7,"Exit_Zone",4
271.468,"Info","Arena",7,"Enter_Zone",2
271.708,"Info","Arena",2,"Exit_Zone",1
271.708,"Info","Arena",2,"Enter_Zone",4
271.975,"Info","Arena",2,"Exit_Zone",4
271.975,"Info","Arena",2,"Enter_Zone",3
272.601,"Info","Arena",3,"Exit_Zone",2
272.601,"Info","Arena",3,"Enter_Zone",4
272.762,"Info","Arena",3,"Exit_Zone",4
272.762,"Info","Arena",3,"Enter_Zone",3
273.367,"Info","Arena",7,"Exit_Zone",2
273.367,"Info","Arena",7,"Enter_Zone",4
273.768,"Info","Arena",7,"Exit_Zone",4
273.768,"Info","Arena",7,"Enter_Zone",1
274.025,"Info","Arena",2,"Exit_Zone",3
274.025,"Info","Arena",2,"Enter_Zone",4
274.025,"Info","Arena",4,"Exit_Zone",1
274.025,"Info","Arena",4,"Enter_Zone",4
274.292,"Info","Arena",4,"Exit_Zone",4
274.292,"Info","Arena",4,"Enter_Zone",3
274.552,"Info","Arena",2,"Exit_Zone",4
274.552,"Info","Arena",2,"Enter_Zone",1
274.664,"Info","Arena",8,"Exit_Zone",1
274.664,"Info","Arena",8,"Enter_Zone",4
274.881,"Info","Arena",1,"Exit_Zone",3
274.881,"Info","Arena",1,"Enter_Zone",4
275.293,"Info","Arena",8,"Exit_Zone",4
275.293,"Info","Arena",8,"Enter_Zone",3
275.327,"Info","Arena",1,"Exit_Zone",4
275.327,"Info","Arena",1,"Enter_Zone",1
275.875,"Info","Arena",5,"Exit_Zone",3
275.875,"Info","Arena",5,"Enter_Zone",4
276.082,"Info","Arena",7,"Exit_Zone",1
276.082,"Info","Arena",7,"Enter_Zone",3
276.155,"Info","Arena",7,"Exit_Zone",3
276.155,"Info","Arena",7,"Enter_Zone",1
276.189,"Info","Arena",5,"Exit_Zone",4
276.189,"Info","Arena",5,"Enter_Zone",2
276.409,"Info","Arena",4,"Exit_Zone",3
276.409,"Info","Arena",4,"Enter_Zone",4
276.614,"Info","Arena",4,"Exit_Zone",4
276.614,"Info","Arena",4,"Enter_Zone",1
277.035,"Info","Arena",1,"Exit_Zone",1
277.035,"Info","Arena",1,"Enter_Zone",4
277.344,"Info","Arena",1,"Exit_Zone",4
277.344,"Info","Arena",1,"Enter_Zone",3
278.317,"Info","Arena",6,"Exit_Zone",1
278.317,"Info","Arena",6,"Enter_Zone",4
278.842,"Info","Arena",2,"Exit_Zone",1
278.842,"Info","Arena",2,"Enter_Zone",4
279.032,"Info","Arena",4,"Exit_Zone",1
279.032,"Info","Arena",4,"Enter_Zone",4
279.106,"Info","Arena",6,"Exit_Zone",4
279.106,"Info","Arena",6,"Enter_Zone",3
279.144,"Info","Arena",1,"Exit_Zone",3
279.144,"Info","Arena",1,"Enter_Zone",4
279.144,"Info","Arena",8,"Exit_Zone",3
279.144,"Info","Arena",8,"Enter_Zone",4
279.341,"Info","Arena",2,"Exit_Zone",4
279.341,"Info","Arena",2,"Enter_Zone",3
279.341,"Info","Arena",4,"Exit_Zone",4
279.341,"Info","Arena",4,"Enter_Zone",2
279.416,"Info","Arena",1,"Exit_Zone",4
279.416,"Info","Arena",1,"Enter_Zone",1
279.748,"Info","Arena",8,"Exit_Zone",4
279.748,"Info","Arena",8,"Enter_Zone",3
280.500,"Info","Arena",5,"Exit_Zone",2
280.500,"Info","Arena",5,"Enter_Zone",4
280.674,"Info","Arena",5,"Exit_Zone",4
280.674,"Info","Arena",5,"Enter_Zone",1
280.951,"Info","Arena",6,"Exit_Zone",3
280.951,"Info","Arena",6,"Enter_Zone",4
281.024,"Info","Arena",4,"Exit_Zone",2
281.024,"Info","Arena",4,"Enter_Zone",4
281.458,"Info","Arena",6,"Exit_Zone",4
281.458,"Info","Arena",6,"Enter_Zone",1
281.805,"Info","Arena",4,"Exit_Zone",4
281.805,"Info","Arena",4,"Enter_Zone",1
283.585,"Info","Arena",2,"Exit_Zone",3
283.585,"Info","Arena",2,"Enter_Zone",4
283.653,"Info","Arena",7,"Exit_Zone",1
283.653,"Info","Arena",7,"Enter_Zone",3
283.722,"Info","Arena",7,"Exit_Zone",3
283.722,"Info","Arena",7,"Enter_Zone",1
283.992,"Info","Arena",2,"Exit_Zone",4
283.992,"Info","Arena",2,"Enter_Zone",2
284.398,"Info","Arena",5,"Exit_Zone",1
284.398,"Info","Arena",5,"Enter_Zone",4
284.398,"Info","Arena",8,"Exit_Zone",3
284.398,"Info","Arena",8,"Enter_Zone",4
284.693,"Info","Arena",5,"Exit_Zone",4
284.693,"Info","Arena",5,"Enter_Zone",2
284.807,"Info","Arena",4,"Exit_Zone",1
284.807,"Info","Arena",4,"Enter_Zone",4
285.040,"Info","Arena",7,"Exit_Zone",1
285.040,"Info","Arena",7,"Enter_Zone",4
285.040,"Info","Arena",8,"Exit_Zone",4
285.040,"Info","Arena",8,"Enter_Zone",1
285.152,"Info","Arena",4,"Exit_Zone",4
285.152,"Info","Arena",4,"Enter_Zone",3
285.193,"Info","Arena",6,"Exit_Zone",1
285.193,"Info","Arena",6,"Enter_Zone",4
285.584,"Info","Arena",7,"Exit_Zone",4
285.584,"Info","Arena",7,"Enter_Zone",3
285.916,"Info","Arena",6,"Exit_Zone",4
285.916,"Info","Arena",6,"Enter_Zone",3
285.954,"Info","Arena",2,"Exit_Zone",2
285.954,"Info","Arena",2,"Enter_Zone",4
286.407,"Info","Arena",2,"Exit_Zone",4
286.407,"Info","Arena",2,"Enter_Zone",1
289.649,"Info","Arena",6,"Exit_Zone",3
289.649,"Info","Arena",6,"Enter_Zone",4
289.824,"Info","Arena",8,"Exit_Zone",1
289.824,"Info","Arena",8,"Enter_Zone",4
290.036,"Info","Arena",2,"Exit_Zone",1
290.036,"Info","Arena",2,"Enter_Zone",4
290.072,"Info","Arena",6,"Exit_Zone",4
290.072,"Info","Arena",6,"Enter_Zone",1
290.477,"Info","Arena",8,"Exit_Zone",4
290.477,"Info","Arena",8,"Enter_Zone",3
290.694,"Info","Arena",2,"Exit_Zone",4
290.694,"Info","Arena",2,"Enter_Zone",3
290.878,"Info","Arena",5,"Exit_Zone",2
290.878,"Info","Arena",5,"Enter_Zone",4
290.953,"Info","Arena",5,"Exit_Zone",4
290.953,"Info","Arena",5,"Enter_Zone",1
293.122,"Info","Arena",4,"Exit_Zone",3
293.122,"Info","Arena",4,"Enter_Zone",4
293.236,"Info","Arena",7,"Exit_Zone",3
293.236,"Info","Arena",7,"Enter_Zone",4
293.402,"Info","Arena",7,"Exit_Zone",4
293.402,"Info","Arena",7,"Enter_Zone",2
293.537,"Info","Arena",4,"Exit_Zone",4
293.537,"Info","Arena",4,"Enter_Zone",2
294.045,"Info","Arena",2,"Exit_Zone",3
294.045,"Info","Arena",2,"Enter_Zone",4
294.078,"Info","Arena",2,"Exit_Zone",4
294.078,"Info","Arena",2,"Enter_Zone",2
294.958,"Info","Arena",6,"Exit_Zone",1
294.958,"Info","Arena",6,"Enter_Zone",4
295.273,"Info","Arena",6,"Exit_Zone",4
295.273,"Info","Arena",6,"Enter_Zone",2
295.305,"Info","Arena",7,"Exit_Zone",2
295.305,"Info","Arena",7,"Enter_Zone",4
295.544,"Info","Arena",7,"Exit_Zone",4
295.544,"Info","Arena",7,"Enter_Zone",3
295.647,"Info","Arena",6,"Exit_Zone",2
295.647,"Info","Arena",6,"Enter_Zone",4
295.785,"Info","Arena",6,"Exit_Zone",4
295.785,"Info","Arena",6,"Enter_Zone",2
296.489,"Info","Arena",2,"Exit_Zone",2
296.489,"Info","Arena",2,"Enter_Zone",4
296.597,"Info","Arena",8,"Exit_Zone",3
296.597,"Info","Arena",8,"Enter_Zone",4
296.949,"Info","Arena",1,"Exit_Zone",1
296.949,"Info","Arena",1,"Enter_Zone",4
297.024,"Info","Arena",2,"Exit_Zone",4
297.024,"Info","Arena",2,"Enter_Zone",3
297.059,"Info","Arena",1,"Exit_Zone",4
297.059,"Info","Arena",1,"Enter_Zone",2
297.096,"Info","Arena",8,"Exit_Zone",4
297.096,"Info","Arena",8,"Enter_Zone",1
299.069,"Info","Arena",5,"Exit_Zone",1
299.069,"Info","Arena",5,"Enter_Zone",4
299.314,"Info","Arena",1,"Exit_Zone",2
299.314,"Info","Arena",1,"Enter_Zone",4
299.347,"Info","Arena",1,"Exit_Zone",4
299.347,"Info","Arena",1,"Enter_Zone",1
299.754,"Info","Arena",4,"Exit_Zone",2
299.754,"Info","Arena",4,"Enter_Zone",4
299.788,"Info","Arena",5,"Exit_Zone",4
299.788,"Info","Arena",5,"Enter_Zone",3
300.458,"Info","Arena",2,"Exit_Zone",3
300.458,"Info","Arena",2,"Enter_Zone",4
300.458,"Info","Arena",4,"Exit_Zone",4
300.458,"Info","Arena",4,"Enter_Zone",3
301.139,"Info","Arena",2,"Exit_Zone",4
301.139,"Info","Arena",2,"Enter_Zone",2
301.849,"Info","Arena",8,"Exit_Zone",1
301.849,"Info","Arena",8,"Enter_Zone",4
303.111,"Info","Arena",8,"Exit_Zone",4
303.111,"Info","Arena",8,"Enter_Zone",3
303.682,"Info","Arena",1,"Exit_Zone",1
303.682,"Info","Arena",1,"Enter_Zone",4
303.749,"Info","Arena",4,"Exit_Zone",3
303.749,"Info","Arena",4,"Enter_Zone",4
304.062,"Info","Arena",1,"Exit_Zone",4
304.062,"Info","Arena",1,"Enter_Zone",2
304.062,"Info","Arena",5,"Exit_Zone",3
304.062,"Info","Arena",5,"Enter_Zone",4
304.657,"Info","Arena",4,"Exit_Zone",4
304.657,"Info","Arena",4,"Enter_Zone",2
305.339,"Info","Arena",5,"Exit_Zone",4
305.339,"Info","Arena",5,"Enter_Zone",2
305.925,"Info","Arena",2,"Exit_Zone",2
305.925,"Info","Arena",2,"Enter_Zone",4
305.925,"Info","Arena",6,"Exit_Zone",2
305.925,"Info","Arena",6,"Enter_Zone",4
306.024,"Info","Arena",2,"Exit_Zone",4
306.024,"Info","Arena",2,"Enter_Zone",1
306.326,"Info","Arena",6,"Exit_Zone",4
306.326,"Info","Arena",6,"Enter_Zone",3
307.105,"Info","Arena",4,"Exit_Zone",2
307.105,"Info","Arena",4,"Enter_Zone",4
307.597,"Info","Arena",4,"Exit_Zone",4
307.597,"Info","Arena",4,"Enter_Zone",3
307.703,"Info","Arena",8,"Exit_Zone",3
307.703,"Info","Arena",8,"Enter_Zone",4
308.484,"Info","Arena",8,"Exit_Zone",4
308.484,"Info","Arena",8,"Enter_Zone",2
309.883,"Info","Arena",4,"Exit_Zone",3
309.883,"Info","Arena",4,"Enter_Zone",4
309.952,"Info","Arena",5,"Exit_Zone",2
309.952,"Info","Arena",5,"Enter_Zone",4
309.987,"Info","Arena",5,"Exit_Zone",4
309.987,"Info","Arena",5,"Enter_Zone",1
310.023,"Info","Arena",2,"Exit_Zone",1
310.023,"Info","Arena",2,"Enter_Zone",4
310.243,"Info","Arena",4,"Exit_Zone",4
310.243,"Info","Arena",4,"Enter_Zone",1
310.704,"Info","Arena",2,"Exit_Zone",4
310.704,"Info","Arena",2,"Enter_Zone",3
311.761,"Info","Arena",1,"Exit_Zone",2
311.761,"Info","Arena",1,"Enter_Zone",4
311.891,"Info","Arena",6,"Exit_Zone",3
311.891,"Info","Arena",6,"Enter_Zone",4
311.985,"Info","Arena",1,"Exit_Zone",4
311.985,"Info","Arena",1,"Enter_Zone",3
312.604,"Info","Arena",6,"Exit_Zone",4
312.604,"Info","Arena",6,"Enter_Zone",2
313.580,"Info","Arena",8,"Exit_Zone",2
313.580,"Info","Arena",8,"Enter_Zone",4
313.937,"Info","Arena",8,"Exit_Zone",4
313.937,"Info","Arena",8,"Enter_Zone",3
314.280,"Info","Arena",2,"Exit_Zone",3
314.280,"Info","Arena",2,"Enter_Zone",4
314.711,"Info","Arena",2,"Exit_Zone",4
314.711,"Info","Arena",2,"Enter_Zone",2
314.821,"Info","Arena",4,"Exit_Zone",1
314.821,"Info","Arena",4,"Enter_Zone",4
315.400,"Info","Arena",4,"Exit_Zone",4
315.400,"Info","Arena",4,"Enter_Zone",3
315.572,"Info","Arena",8,"Exit_Zone",3
315.572,"Info","Arena",8,"Enter_Zone",4
316.363,"Info","Arena",8,"Exit_Zone",4
316.363,"Info","Arena",8,"Enter_Zone",2
317.001,"Info","Arena",5,"Exit_Zone",1
317.001,"Info","Arena",5,"Enter_Zone",4
317.430,"Info","Arena",5,"Exit_Zone",4
317.430,"Info","Arena",5,"Enter_Zone",3
317.614,"Info","Arena",2,"Exit_Zone",2
317.614,"Info","Arena",2,"Enter_Zone",4
317.646,"Info","Arena",1,"Exit_Zone",3
317.646,"Info","Arena",1,"Enter_Zone",4
317.865,"Info","Arena",1,"Exit_Zone",4
317.865,"Info","Arena",1,"Enter_Zone",2
317.938,"Info","Arena",4,"Exit_Zone",3
317.938,"Info","Arena",4,"Enter_Zone",4
318.045,"Info","Arena",2,"Exit_Zone",4
318.045,"Info","Arena",2,"Enter_Zone",1
318.344,"Info","Arena",4,"Exit_Zone",4
318.344,"Info","Arena",4,"Enter_Zone",1
319.701,"Info","Arena",6,"Exit_Zone",2
319.701,"Info","Arena",6,"Enter_Zone",4
320.321,"Info","Arena",6,"Exit_Zone",4
320.321,"Info","Arena",6,"Enter_Zone",3
321.234,"Info","Arena",4,"Exit_Zone",1
321.234,"Info","Arena",4,"Enter_Zone",4
321.591,"Info","Arena",2,"Exit_Zone",1
321.591,"Info","Arena",2,"Enter_Zone",4
321.773,"Info","Arena",4,"Exit_Zone",4
321.773,"Info","Arena",4,"Enter_Zone",2
321.773,"Info","Arena",5,"Exit_Zone",3
321.773,"Info","Arena",5,"Enter_Zone",4
321.919,"Info","Arena",8,"Exit_Zone",2
321.919,"Info","Arena",8,"Enter_Zone",4
322.030,"Info","Arena",5,"Exit_Zone",4
322.030,"Info","Arena",5,"Enter_Zone",2
322.063,"Info","Arena",2,"Exit_Zone",4
322.063,"Info","Arena",2,"Enter_Zone",3
322.470,"Info","Arena",8,"Exit_Zone",4
322.470,"Info","Arena",8,"Enter_Zone",1
323.067,"Info","Arena",5,"Exit_Zone",2
323.067,"Info","Arena",5,"Enter_Zone",4
323.693,"Info","Arena",5,"Exit_Zone",4
323.693,"Info","Arena",5,"Enter_Zone",2
323.731,"Info","Arena",5,"Exit_Zone",2
323.731,"Info","Arena",5,"Enter_Zone",4
323.766,"Info","Arena",6,"Exit_Zone",3
323.766,"Info","Arena",6,"Enter_Zone",4
323.839,"Info","Arena",5,"Exit_Zone",4
323.839,"Info","Arena",5,"Enter_Zone",2
324.325,"Info","Arena",2,"Exit_Zone",3
324.325,"Info","Arena",2,"Enter_Zone",4
324.887,"Info","Arena",6,"Exit_Zone",4
324.887,"Info","Arena",6,"Enter_Zone",2
324.926,"Info","Arena",2,"Exit_Zone",4
324.926,"Info","Arena",2,"Enter_Zone",2
325.353,"Info","Arena",8,"Exit_Zone",1
325.353,"Info","Arena",8,"Enter_Zone",4
326.317,"Info","Arena",8,"Exit_Zone",4
326.317,"Info","Arena",8,"Enter_Zone",1
326.877,"Info","Arena",2,"Exit_Zone",2
326.877,"Info","Arena",2,"Enter_Zone",4
327.050,"Info","Arena",1,"Exit_Zone",2
327.050,"Info","Arena",1,"Enter_Zone",4
327.182,"Info","Arena",1,"Exit_Zone",4
327.182,"Info","Arena",1,"Enter_Zone",3
327.401,"Info","Arena",2,"Exit_Zone",4
327.401,"Info","Arena",2,"Enter_Zone",1
328.228,"Info","Arena",7,"Exit_Zone",3
328.228,"Info","Arena",7,"Enter_Zone",4
328.328,"Info","Arena",7,"Exit_Zone",4
328.328,"Info","Arena",7,"Enter_Zone",3
328.992,"Info","Arena",5,"Exit_Zone",2
328.992,"Info","Arena",5,"Enter_Zone",4
329.068,"Info","Arena",5,"Exit_Zone",4
329.068,"Info","Arena",5,"Enter_Zone",1
329.142,"Info","Arena",1,"Exit_Zone",3
329.142,"Info","Arena",1,"Enter_Zone",4
329.179,"Info","Arena",6,"Exit_Zone",2
329.179,"Info","Arena",6,"Enter_Zone",4
329.556,"Info","Arena",1,"Exit_Zone",4
329.556,"Info","Arena",1,"Enter_Zone",1
329.883,"Info","Arena",6,"Exit_Zone",4
329.883,"Info","Arena",6,"Enter_Zone",3
330.996,"Info","Arena",8,"Exit_Zone",1
330.996,"Info","Arena",8,"Enter_Zone",3
331.454,"Info","Arena",2,"Exit_Zone",1
331.454,"Info","Arena",2,"Enter_Zone",4
332.046,"Info","Arena",1,"Exit_Zone",1
332.046,"Info","Arena",1,"Enter_Zone",4
332.111,"Info","Arena",2,"Exit_Zone",4
332.111,"Info","Arena",2,"Enter_Zone",3
332.615,"Info","Arena",1,"Exit_Zone",4
332.615,"Info","Arena",1,"Enter_Zone",3
333.357,"Info","Arena",5,"Exit_Zone",1
333.357,"Info","Arena",5,"Enter_Zone",4
333.575,"Info","Arena",4,"Exit_Zone",2
333.575,"Info","Arena",4,"Enter_Zone",4
333.838,"Info","Arena",6,"Exit_Zone",3
333.838,"Info","Arena",6,"Enter_Zone",4
334.201,"Info","Arena",3,"Exit_Zone",3
334.201,"Info","Arena",3,"Enter_Zone",4
334.381,"Info","Arena",5,"Exit_Zone",4
334.381,"Info","Arena",5,"Enter_Zone",1
334.482,"Info","Arena",4,"Exit_Zone",4
334.482,"Info","Arena",4,"Enter_Zone",1
334.584,"Info","Arena",3,"Exit_Zone",4
334.584,"Info","Arena",3,"Enter_Zone",1
335.108,"Info","Arena",6,"Exit_Zone",4
335.108,"Info","Arena",6,"Enter_Zone",1
335.410,"Info","Arena",2,"Exit_Zone",3
335.410,"Info","Arena",2,"Enter_Zone",4
335.540,"Info","Arena",2,"Exit_Zone",4
335.540,"Info","Arena",2,"Enter_Zone",2
336.948,"Info","Arena",2,"Exit_Zone",2
336.948,"Info","Arena",2,"Enter_Zone",3
337.050,"Info","Arena",8,"Exit_Zone",3
337.050,"Info","Arena",8,"Enter_Zone",4
337.085,"Info","Arena",2,"Exit_Zone",3
337.085,"Info","Arena",2,"Enter_Zone",2
337.828,"Info","Arena",8,"Exit_Zone",4
337.828,"Info","Arena",8,"Enter_Zone",2
338.519,"Info","Arena",4,"Exit_Zone",1
338.519,"Info","Arena",4,"Enter_Zone",4
338.593,"Info","Arena",5,"Exit_Zone",1
338.593,"Info","Arena",5,"Enter_Zone",4
338.632,"Info","Arena",6,"Exit_Zone",1
338.632,"Info","Arena",6,"Enter_Zone",4
339.000,"Info","Arena",1,"Exit_Zone",3
339.000,"Info","Arena",1,"Enter_Zone",4
339.243,"Info","Arena",4,"Exit_Zone",4
339.243,"Info","Arena",4,"Enter_Zone",3
339.356,"Info","Arena",5,"Exit_Zone",4
339.356,"Info","Arena",5,"Enter_Zone",3
339.398,"Info","Arena",1,"Exit_Zone",4
339.398,"Info","Arena",1,"Enter_Zone",1
339.398,"Info","Arena",6,"Exit_Zone",4
339.398,"Info","Arena",6,"Enter_Zone",3
339.471,"Info","Arena",7,"Exit_Zone",3
339.471,"Info","Arena",7,"Enter_Zone",4
339.627,"Info","Arena",2,"Exit_Zone",2
339.627,"Info","Arena",2,"Enter_Zone",4
339.818,"Info","Arena",7,"Exit_Zone",4
339.818,"Info","Arena",7,"Enter_Zone",2
340.491,"Info","Arena",2,"Exit_Zone",4
340.491,"Info","Arena",2,"Enter_Zone",1
340.603,"Info","Arena",7,"Exit_Zone",2
340.603,"Info","Arena",7,"Enter_Zone",4
341.263,"Info","Arena",7,"Exit_Zone",4
341.263,"Info","Arena",7,"Enter_Zone",3
341.333,"Info","Arena",8,"Exit_Zone",2
341.333,"Info","Arena",8,"Enter_Zone",4
342.817,"Info","Arena",5,"Exit_Zone",3
342.817,"Info","Arena",5,"Enter_Zone",4
342.888,"Info","Arena",8,"Exit_Zone",4
342.888,"Info","Arena",8,"Enter_Zone",1
343.311,"Info","Arena",5,"Exit_Zone",4
343.311,"Info","Arena",5,"Enter_Zone",2
344.339,"Info","Arena",2,"Exit_Zone",1
344.339,"Info","Arena",2,"Enter_Zone",4
344.883,"Info","Arena",2,"Exit_Zone",4
344.883,"Info","Arena",2,"Enter_Zone",3
345.192,"Info","Arena",1,"Exit_Zone",1
345.192,"Info","Arena",1,"Enter_Zone",4
345.504,"Info","Arena",1,"Exit_Zone",4
345.504,"Info","Arena",1,"Enter_Zone",2
346.258,"Info","Arena",5,"Exit_Zone",2
346.258,"Info","Arena",5,"Enter_Zone",4
346.594,"Info","Arena",5,"Exit_Zone",4
346.594,"Info","Arena",5,"Enter_Zone",1
347.009,"Info","Arena",4,"Exit_Zone",3
347.009,"Info","Arena",4,"Enter_Zone",4
347.310,"Info","Arena",3,"Exit_Zone",1
347.310,"Info","Arena",3,"Enter_Zone",4
347.411,"Info","Arena",4,"Exit_Zone",4
347.411,"Info","Arena",4,"Enter_Zone",1
347.732,"Info","Arena",3,"Exit_Zone",4
347.732,"Info","Arena",3,"Enter_Zone",2
348.133,"Info","Arena",8,"Exit_Zone",1
348.133,"Info","Arena",8,"Enter_Zone",4
348.221,"Info","Arena",7,"Exit_Zone",3
348.221,"Info","Arena",7,"Enter_Zone",4
348.255,"Info","Arena",2,"Exit_Zone",3
348.255,"Info","Arena",2,"Enter_Zone",4
348.365,"Info","Arena",2,"Exit_Zone",4
348.365,"Info","Arena",2,"Enter_Zone",2
348.507,"Info","Arena",7,"Exit_Zone",4
348.507,"Info","Arena",7,"Enter_Zone",2
348.809,"Info","Arena",6,"Exit_Zone",3
348.809,"Info","Arena",6,"Enter_Zone",4
349.051,"Info","Arena",8,"Exit_Zone",4
349.051,"Info","Arena",8,"Enter_Zone",3
349.535,"Info","Arena",6,"Exit_Zone",4
349.535,"Info","Arena",6,"Enter_Zone",1
351.155,"Info","Arena",1,"Exit_Zone",2
351.155,"Info","Arena",1,"Enter_Zone",4
351.335,"Info","Arena",1,"Exit_Zone",4
351.335,"Info","Arena",1,"Enter_Zone",3
352.040,"Info","Arena",5,"Exit_Zone",1
352.040,"Info","Arena",5,"Enter_Zone",4
352.374,"Info","Arena",4,"Exit_Zone",1
352.374,"Info","Arena",4,"Enter_Zone",4
352.765,"Info","Arena",2,"Exit_Zone",2
352.765,"Info","Arena",2,"Enter_Zone",4
352.936,"Info","Arena",8,"Exit_Zone",3
352.936,"Info","Arena",8,"Enter_Zone",4
353.107,"Info","Arena",5,"Exit_Zone",4
353.107,"Info","Arena",5,"Enter_Zone",3
353.173,"Info","Arena",2,"Exit_Zone",4
353.173,"Info","Arena",2,"Enter_Zone",1
353.353,"Info","Arena",4,"Exit_Zone",4
353.353,"Info","Arena",4,"Enter_Zone",2
353.490,"Info","Arena",8,"Exit_Zone",4
353.490,"Info","Arena",8,"Enter_Zone",2
354.398,"Info","Arena",6,"Exit_Zone",1
354.398,"Info","Arena",6,"Enter_Zone",4
354.433,"Info","Arena",1,"Exit_Zone",3
354.433,"Info","Arena",1,"Enter_Zone",4
354.717,"Info","Arena",1,"Exit_Zone",4
354.717,"Info","Arena",1,"Enter_Zone",2
355.065,"Info","Arena",6,"Exit_Zone",4
355.065,"Info","Arena",6,"Enter_Zone",3
355.328,"Info","Arena",2,"Exit_Zone",1
355.328,"Info","Arena",2,"Enter_Zone",4
355.433,"Info","Arena",7,"Exit_Zone",2
355.433,"Info","Arena",7,"Enter_Zone",4
355.673,"Info","Arena",2,"Exit_Zone",4
355.673,"Info","Arena",2,"Enter_Zone",3
355.673,"Info","Arena",7,"Exit_Zone",4
355.673,"Info","Arena",7,"Enter_Zone",3
355.708,"Info","Arena",3,"Exit_Zone",2
355.708,"Info","Arena",3,"Enter_Zone",4
356.205,"Info","Arena",3,"Exit_Zone",4
356.205,"Info","Arena",3,"Enter_Zone",3
356.591,"Info","Arena",5,"Exit_Zone",3
356.591,"Info","Arena",5,"Enter_Zone",4
357.142,"Info","Arena",6,"Exit_Zone",3
357.142,"Info","Arena",6,"Enter_Zone",4
357.320,"Info","Arena",6,"Exit_Zone",4
357.320,"Info","Arena",6,"Enter_Zone",3
357.522,"Info","Arena",5,"Exit_Zone",4
357.522,"Info","Arena",5,"Enter_Zone",1
357.940,"Info","Arena",6,"Exit_Zone",3
357.940,"Info","Arena",6,"Enter_Zone",4
358.327,"Info","Arena",2,"Exit_Zone",3
358.327,"Info","Arena",2,"Enter_Zone",4
358.477,"Info","Arena",7,"Exit_Zone",3
358.477,"Info","Arena",7,"Enter_Zone",4
358.596,"Info","Arena",7,"Exit_Zone",4
358.596,"Info","Arena",7,"Enter_Zone",2
358.634,"Info","Arena",6,"Exit_Zone",4
358.634,"Info","Arena",6,"Enter_Zone",1
358.749,"Info","Arena",2,"Exit_Zone",4
358.749,"Info","Arena",2,"Enter_Zone",2
358.936,"Info","Arena",8,"Exit_Zone",2
358.936,"Info","Arena",8,"Enter_Zone",4
359.046,"Info","Arena",4,"Exit_Zone",2
359.046,"Info","Arena",4,"Enter_Zone",4
359.441,"Info","Arena",4,"Exit_Zone",4
359.441,"Info","Arena",4,"Enter_Zone",3
359.756,"Info","Arena",8,"Exit_Zone",4
359.756,"Info","Arena",8,"Enter_Zone",1
359.934,"Info","Arena",7,"Exit_Zone",2
359.934,"Info","Arena",7,"Enter_Zone",4
360.151,"Info","Arena",7,"Exit_Zone",4
360.151,"Info","Arena",7,"Enter_Zone",3
362.010,"Info","Arena",1,"Exit_Zone",2
362.010,"Info","Arena",1,"Enter_Zone",4
362.267,"Info","Arena",4,"Exit_Zone",3
362.267,"Info","Arena",4,"Enter_Zone",4
362.373,"Info","Arena",1,"Exit_Zone",4
362.373,"Info","Arena",1,"Enter_Zone",1
362.552,"Info","Arena",6,"Exit_Zone",1
362.552,"Info","Arena",6,"Enter_Zone",4
362.730,"Info","Arena",4,"Exit_Zone",4
362.730,"Info","Arena",4,"Enter_Zone",1
362.801,"Info","Arena",7,"Exit_Zone",3
362.801,"Info","Arena",7,"Enter_Zone",4
362.837,"Info","Arena",7,"Exit_Zone",4
362.837,"Info","Arena",7,"Enter_Zone",2
363.083,"Info","Arena",6,"Exit_Zone",4
363.083,"Info","Arena",6,"Enter_Zone",2
363.613,"Info","Arena",2,"Exit_Zone",2
363.613,"Info","Arena",2,"Enter_Zone",4
364.180,"Info","Arena",2,"Exit_Zone",4
364.180,"Info","Arena",2,"Enter_Zone",1
364.634,"Info","Arena",1,"Exit_Zone",1
364.634,"Info","Arena",1,"Enter_Zone",4
364.939,"Info","Arena",1,"Exit_Zone",4
364.939,"Info","Arena",1,"Enter_Zone",2
365.120,"Info","Arena",1,"Exit_Zone",2
365.120,"Info","Arena",1,"Enter_Zone",4
365.155,"Info","Arena",1,"Exit_Zone",4
365.155,"Info","Arena",1,"Enter_Zone",3
365.278,"Info","Arena",5,"Exit_Zone",1
365.278,"Info","Arena",5,"Enter_Zone",4
365.526,"Info","Arena",8,"Exit_Zone",1
365.526,"Info","Arena",8,"Enter_Zone",4
365.632,"Info","Arena",4,"Exit_Zone",1
365.632,"Info","Arena",4,"Enter_Zone",4
366.239,"Info","Arena",8,"Exit_Zone",4
366.239,"Info","Arena",8,"Enter_Zone",3
366.508,"Info","Arena",4,"Exit_Zone",4
366.508,"Info","Arena",4,"Enter_Zone",2
366.646,"Info","Arena",6,"Exit_Zone",2
366.646,"Info","Arena",6,"Enter_Zone",4
366.783,"Info","Arena",5,"Exit_Zone",4
366.783,"Info","Arena",5,"Enter_Zone",3
367.262,"Info","Arena",6,"Exit_Zone",4
367.262,"Info","Arena",6,"Enter_Zone",1
368.100,"Info","Arena",2,"Exit_Zone",1
368.100,"Info","Arena",2,"Enter_Zone",4
368.279,"Info","Arena",1,"Exit_Zone",3
368.279,"Info","Arena",1,"Enter_Zone",4
368.541,"Info","Arena",1,"Exit_Zone",4
368.541,"Info","Arena",1,"Enter_Zone",2
368.608,"Info","Arena",2,"Exit_Zone",4
368.608,"Info","Arena",2,"Enter_Zone",3
370.091,"Info","Arena",5,"Exit_Zone",3
370.091,"Info","Arena",5,"Enter_Zone",4
370.091,"Info","Arena",7,"Exit_Zone",2
370.091,"Info","Arena",7,"Enter_Zone",4
370.158,"Info","Arena",7,"Exit_Zone",4
370.158,"Info","Arena",7,"Enter_Zone",1
370.642,"Info","Arena",5,"Exit_Zone",4
370.642,"Info","Arena",5,"Enter_Zone",2
371.115,"Info","Arena",6,"Exit_Zone",1
371.115,"Info","Arena",6,"Enter_Zone",4
371.546,"Info","Arena",1,"Exit_Zone",2
371.546,"Info","Arena",1,"Enter_Zone",4
371.757,"Info","Arena",1,"Exit_Zone",4
371.757,"Info","Arena",1,"Enter_Zone",1
371.793,"Info","Arena",8,"Exit_Zone",3
371.793,"Info","Arena",8,"Enter_Zone",4
371.905,"Info","Arena",6,"Exit_Zone",4
371.905,"Info","Arena",6,"Enter_Zone",2
371.905,"Info","Arena",7,"Exit_Zone",1
371.905,"Info","Arena",7,"Enter_Zone",4
372.120,"Info","Arena",4,"Exit_Zone",2
372.120,"Info","Arena",4,"Enter_Zone",4
372.120,"Info","Arena",8,"Exit_Zone",4
372.120,"Info","Arena",8,"Enter_Zone",1
372.156,"Info","Arena",7,"Exit_Zone",4
372.156,"Info","Arena",7,"Enter_Zone",2
372.719,"Info","Arena",2,"Exit_Zone",3
372.719,"Info","Arena",2,"Enter_Zone",4
372.754,"Info","Arena",4,"Exit_Zone",4
372.754,"Info","Arena",4,"Enter_Zone",3
372.940,"Info","Arena",2,"Exit_Zone",4
372.940,"Info","Arena",2,"Enter_Zone",2
373.313,"Info","Arena",8,"Exit_Zone",1
373.313,"Info","Arena",8,"Enter_Zone",4
373.700,"Info","Arena",5,"Exit_Zone",2
373.700,"Info","Arena",5,"Enter_Zone",4
374.393,"Info","Arena",1,"Exit_Zone",1
374.393,"Info","Arena",1,"Enter_Zone",4
374.393,"Info","Arena",8,"Exit_Zone",4
374.393,"Info","Arena",8,"Enter_Zone",3
374.428,"Info","Arena",5,"Exit_Zone",4
374.428,"Info","Arena",5,"Enter_Zone",1
374.568,"Info","Arena",1,"Exit_Zone",4
374.568,"Info","Arena",1,"Enter_Zone",2
375.277,"Info","Arena",4,"Exit_Zone",3
375.277,"Info","Arena",4,"Enter_Zone",4
375.521,"Info","Arena",2,"Exit_Zone",2
375.521,"Info","Arena",2,"Enter_Zone",4
375.626,"Info","Arena",4,"Exit_Zone",4
375.626,"Info","Arena",4,"Enter_Zone",1
375.833,"Info","Arena",2,"Exit_Zone",4
375.833,"Info","Arena",2,"Enter_Zone",1
376.042,"Info","Arena",6,"Exit_Zone",2
376.042,"Info","Arena",6,"Enter_Zone",4
376.296,"Info","Arena",6,"Exit_Zone",4
376.296,"Info","Arena",6,"Enter_Zone",1
376.366,"Info","Arena",6,"Exit_Zone",1
376.366,"Info","Arena",6,"Enter_Zone",4
376.435,"Info","Arena",6,"Exit_Zone",4
376.435,"Info","Arena",6,"Enter_Zone",1
378.439,"Info","Arena",6,"Exit_Zone",1
378.439,"Info","Arena",6,"Enter_Zone",4
378.930,"Info","Arena",6,"Exit_Zone",4
378.930,"Info","Arena",6,"Enter_Zone",2
379.188,"Info","Arena",2,"Exit_Zone",1
379.188,"Info","Arena",2,"Enter_Zone",4
379.234,"Info","Arena",8,"Exit_Zone",3
379.234,"Info","Arena",8,"Enter_Zone",4
379.626,"Info","Arena",4,"Exit_Zone",1
379.626,"Info","Arena",4,"Enter_Zone",4
379.701,"Info","Arena",2,"Exit_Zone",4
379.701,"Info","Arena",2,"Enter_Zone",3
379.739,"Info","Arena",8,"Exit_Zone",4
379.739,"Info","Arena",8,"Enter_Zone",1
379.855,"Info","Arena",5,"Exit_Zone",1
379.855,"Info","Arena",5,"Enter_Zone",4
379.978,"Info","Arena",1,"Exit_Zone",2
379.978,"Info","Arena",1,"Enter_Zone",4
380.140,"Info","Arena",4,"Exit_Zone",4
380.140,"Info","Arena",4,"Enter_Zone",2
380.175,"Info","Arena",1,"Exit_Zone",4
380.175,"Info","Arena",1,"Enter_Zone",1
380.298,"Info","Arena",7,"Exit_Zone",2
380.298,"Info","Arena",7,"Enter_Zone",4
380.333,"Info","Arena",7,"Exit_Zone",4
380.333,"Info","Arena",7,"Enter_Zone",1
380.627,"Info","Arena",5,"Exit_Zone",4
380.627,"Info","Arena",5,"Enter_Zone",3
381.604,"Info","Arena",7,"Exit_Zone",1
381.604,"Info","Arena",7,"Enter_Zone",3
381.672,"Info","Arena",2,"Exit_Zone",3
381.672,"Info","Arena",2,"Enter_Zone",4
381.672,"Info","Arena",7,"Exit_Zone",3
381.672,"Info","Arena",7,"Enter_Zone",1
381.773,"Info","Arena",8,"Exit_Zone",1
381.773,"Info","Arena",8,"Enter_Zone",4
381.806,"Info","Arena",7,"Exit_Zone",1
381.806,"Info","Arena",7,"Enter_Zone",3
381.843,"Info","Arena",7,"Exit_Zone",3
381.843,"Info","Arena",7,"Enter_Zone",1
382.007,"Info","Arena",2,"Exit_Zone",4
382.007,"Info","Arena",2,"Enter_Zone",2
382.075,"Info","Arena",6,"Exit_Zone",2
382.075,"Info","Arena",6,"Enter_Zone",4
382.262,"Info","Arena",8,"Exit_Zone",4
382.262,"Info","Arena",8,"Enter_Zone",2
382.329,"Info","Arena",6,"Exit_Zone",4
382.329,"Info","Arena",6,"Enter_Zone",1
382.465,"Info","Arena",1,"Exit_Zone",1
382.465,"Info","Arena",1,"Enter_Zone",4
382.608,"Info","Arena",1,"Exit_Zone",4
382.608,"Info","Arena",1,"Enter_Zone",2
384.671,"Info","Arena",4,"Exit_Zone",2
384.671,"Info","Arena",4,"Enter_Zone",4
385.138,"Info","Arena",4,"Exit_Zone",4
385.138,"Info","Arena",4,"Enter_Zone",3
385.138,"Info","Arena",8,"Exit_Zone",2
385.138,"Info","Arena",8,"Enter_Zone",4
385.346,"Info","Arena",2,"Exit_Zone",2
385.346,"Info","Arena",2,"Enter_Zone",4
385.660,"Info","Arena",8,"Exit_Zone",4
385.660,"Info","Arena",8,"Enter_Zone",3
385.841,"Info","Arena",7,"Exit_Zone",1
385.841,"Info","Arena",7,"Enter_Zone",3
385.912,"Info","Arena",7,"Exit_Zone",3
385.912,"Info","Arena",7,"Enter_Zone",1
385.983,"Info","Arena",2,"Exit_Zone",4
385.983,"Info","Arena",2,"Enter_Zone",1
386.771,"Info","Arena",6,"Exit_Zone",1
386.771,"Info","Arena",6,"Enter_Zone",4
387.045,"Info","Arena",5,"Exit_Zone",3
387.045,"Info","Arena",5,"Enter_Zone",4
387.287,"Info","Arena",6,"Exit_Zone",4
387.287,"Info","Arena",6,"Enter_Zone",2
387.705,"Info","Arena",5,"Exit_Zone",4
387.705,"Info","Arena",5,"Enter_Zone",2
388.454,"Info","Arena",7,"Exit_Zone",1
388.454,"Info","Arena",7,"Enter_Zone",3
388.557,"Info","Arena",7,"Exit_Zone",3
388.557,"Info","Arena",7,"Enter_Zone",1
388.786,"Info","Arena",4,"Exit_Zone",3
388.786,"Info","Arena",4,"Enter_Zone",4
388.819,"Info","Arena",8,"Exit_Zone",3
388.819,"Info","Arena",8,"Enter_Zone",4
389.020,"Info","Arena",4,"Exit_Zone",4
389.020,"Info","Arena",4,"Enter_Zone",1
389.262,"Info","Arena",8,"Exit_Zone",4
389.262,"Info","Arena",8,"Enter_Zone",2
389.972,"Info","Arena",2,"Exit_Zone",1
389.972,"Info","Arena",2,"Enter_Zone",4
390.413,"Info","Arena",2,"Exit_Zone",4
390.413,"Info","Arena",2,"Enter_Zone",3
390.775,"Info","Arena",6,"Exit_Zone",2
390.775,"Info","Arena",6,"Enter_Zone",4
391.317,"Info","Arena",1,"Exit_Zone",2
391.317,"Info","Arena",1,"Enter_Zone",4
391.415,"Info","Arena",7,"Exit_Zone",1
391.415,"Info","Arena",7,"Enter_Zone",3
391.484,"Info","Arena",6,"Exit_Zone",4
391.484,"Info","Arena",6,"Enter_Zone",1
391.657,"Info","Arena",4,"Exit_Zone",1
391.657,"Info","Arena",4,"Enter_Zone",4
391.726,"Info","Arena",1,"Exit_Zone",4
391.726,"Info","Arena",1,"Enter_Zone",1
391.760,"Info","Arena",7,"Exit_Zone",3
391.760,"Info","Arena",7,"Enter_Zone",1
392.150,"Info","Arena",4,"Exit_Zone",4
392.150,"Info","Arena",4,"Enter_Zone",2
392.561,"Info","Arena",5,"Exit_Zone",2
392.561,"Info","Arena",5,"Enter_Zone",4
392.810,"Info","Arena",5,"Exit_Zone",4
392.810,"Info","Arena",5,"Enter_Zone",1
393.374,"Info","Arena",2,"Exit_Zone",3
393.374,"Info","Arena",2,"Enter_Zone",4
393.413,"Info","Arena",8,"Exit_Zone",2
393.413,"Info","Arena",8,"Enter_Zone",4
393.671,"Info","Arena",7,"Exit_Zone",1
393.671,"Info","Arena",7,"Enter_Zone",4
393.946,"Info","Arena",2,"Exit_Zone",4
393.946,"Info","Arena",2,"Enter_Zone",2
393.980,"Info","Arena",8,"Exit_Zone",4
393.980,"Info","Arena",8,"Enter_Zone",1
394.016,"Info","Arena",7,"Exit_Zone",4
394.016,"Info","Arena",7,"Enter_Zone",3
395.060,"Info","Arena",6,"Exit_Zone",1
395.060,"Info","Arena",6,"Enter_Zone",4
395.317,"Info","Arena",4,"Exit_Zone",2
395.317,"Info","Arena",4,"Enter_Zone",4
395.529,"Info","Arena",6,"Exit_Zone",4
395.529,"Info","Arena",6,"Enter_Zone",2
395.797,"Info","Arena",4,"Exit_Zone",4
395.797,"Info","Arena",4,"Enter_Zone",3
397.257,"Info","Arena",4,"Exit_Zone",3
397.257,"Info","Arena",4,"Enter_Zone",4
397.294,"Info","Arena",1,"Exit_Zone",1
397.294,"Info","Arena",1,"Enter_Zone",4
397.406,"Info","Arena",1,"Exit_Zone",4
397.406,"Info","Arena",1,"Enter_Zone",2
397.963,"Info","Arena",4,"Exit_Zone",4
397.963,"Info","Arena",4,"Enter_Zone",2
398.036,"Info","Arena",8,"Exit_Zone",1
398.036,"Info","Arena",8,"Enter_Zone",4
398.323,"Info","Arena",2,"Exit_Zone",2
398.323,"Info","Arena",2,"Enter_Zone",3
398.391,"Info","Arena",2,"Exit_Zone",3
398.391,"Info","Arena",2,"Enter_Zone",2
398.924,"Info","Arena",8,"Exit_Zone",4
398.924,"Info","Arena",8,"Enter_Zone",3
399.734,"Info","Arena",2,"Exit_Zone",2
399.734,"Info","Arena",2,"Enter_Zone",4
400.256,"Info","Arena",2,"Exit_Zone",4
400.256,"Info","Arena",2,"Enter_Zone",1
400.695,"Info","Arena",6,"Exit_Zone",2
400.695,"Info","Arena",6,"Enter_Zone",4
400.832,"Info","Arena",6,"Exit_Zone",4
400.832,"Info","Arena",6,"Enter_Zone",3
401.175,"Info","Arena",4,"Exit_Zone",2
401.175,"Info","Arena",4,"Enter_Zone",4
401.589,"Info","Arena",4,"Exit_Zone",4
401.589,"Info","Arena",4,"Enter_Zone",3
403.387,"Info","Arena",2,"Exit_Zone",1
403.387,"Info","Arena",2,"Enter_Zone",4
403.387,"Info","Arena",6,"Exit_Zone",3
403.387,"Info","Arena",6,"Enter_Zone",4
403.521,"Info","Arena",1,"Exit_Zone",2
403.521,"Info","Arena",1,"Enter_Zone",4
403.521,"Info","Arena",2,"Exit_Zone",4
403.521,"Info","Arena",2,"Enter_Zone",2
403.721,"Info","Arena",1,"Exit_Zone",4
403.721,"Info","Arena",1,"Enter_Zone",3
403.881,"Info","Arena",6,"Exit_Zone",4
403.881,"Info","Arena",6,"Enter_Zone",2
405.347,"Info","Arena",2,"Exit_Zone",2
405.347,"Info","Arena",2,"Enter_Zone",4
406.170,"Info","Arena",2,"Exit_Zone",4
406.170,"Info","Arena",2,"Enter_Zone",1
406.250,"Info","Arena",7,"Exit_Zone",3
406.250,"Info","Arena",7,"Enter_Zone",4
406.355,"Info","Arena",7,"Exit_Zone",4
406.355,"Info","Arena",7,"Enter_Zone",2
406.705,"Info","Arena",5,"Exit_Zone",1
406.705,"Info","Arena",5,"Enter_Zone",4
406.778,"Info","Arena",5,"Exit_Zone",4
406.778,"Info","Arena",5,"Enter_Zone",1
407.098,"Info","Arena",1,"Exit_Zone",3
407.098,"Info","Arena",1,"Enter_Zone",4
407.320,"Info","Arena",1,"Exit_Zone",4
407.320,"Info","Arena",1,"Enter_Zone",1
407.358,"Info","Arena",4,"Exit_Zone",3
407.358,"Info","Arena",4,"Enter_Zone",4
407.642,"Info","Arena",4,"Exit_Zone",4
407.642,"Info","Arena",4,"Enter_Zone",3
408.064,"Info","Arena",6,"Exit_Zone",2
408.064,"Info","Arena",6,"Enter_Zone",4
408.864,"Info","Arena",6,"Exit_Zone",4
408.864,"Info","Arena",6,"Enter_Zone",3
408.990,"Info","Arena",1,"Exit_Zone",1
408.990,"Info","Arena",1,"Enter_Zone",3
409.055,"Info","Arena",8,"Exit_Zone",3
409.055,"Info","Arena",8,"Enter_Zone",4
409.464,"Info","Arena",1,"Exit_Zone",3
409.464,"Info","Arena",1,"Enter_Zone",1
409.464,"Info","Arena",8,"Exit_Zone",4
409.464,"Info","Arena",8,"Enter_Zone",2
409.596,"Info","Arena",2,"Exit_Zone",1
409.596,"Info","Arena",2,"Enter_Zone",4
410.008,"Info","Arena",2,"Exit_Zone",4
410.008,"Info","Arena",2,"Enter_Zone",3
410.079,"Info","Arena",7,"Exit_Zone",2
410.079,"Info","Arena",7,"Enter_Zone",4
410.188,"Info","Arena",7,"Exit_Zone",4
410.188,"Info","Arena",7,"Enter_Zone",3
410.307,"Info","Arena",1,"Exit_Zone",1
410.307,"Info","Arena",1,"Enter_Zone",4
410.482,"Info","Arena",1,"Exit_Zone",4
410.482,"Info","Arena",1,"Enter_Zone",2
411.034,"Info","Arena",5,"Exit_Zone",1
411.034,"Info","Arena",5,"Enter_Zone",4
411.633,"Info","Arena",5,"Exit_Zone",4
411.633,"Info","Arena",5,"Enter_Zone",2
411.965,"Info","Arena",4,"Exit_Zone",3
411.965,"Info","Arena",4,"Enter_Zone",4
412.171,"Info","Arena",8,"Exit_Zone",2
412.171,"Info","Arena",8,"Enter_Zone",4
412.394,"Info","Arena",7,"Exit_Zone",3
412.394,"Info","Arena",7,"Enter_Zone",4
412.464,"Info","Arena",7,"Exit_Zone",4
412.464,"Info","Arena",7,"Enter_Zone",2
412.500,"Info","Arena",8,"Exit_Zone",4
412.500,"Info","Arena",8,"Enter_Zone",1
412.640,"Info","Arena",4,"Exit_Zone",4
412.640,"Info","Arena",4,"Enter_Zone",2
413.125,"Info","Arena",6,"Exit_Zone",3
413.125,"Info","Arena",6,"Enter_Zone",4
413.340,"Info","Arena",2,"Exit_Zone",3
413.340,"Info","Arena",2,"Enter_Zone",4
413.505,"Info","Arena",2,"Exit_Zone",4
413.505,"Info","Arena",2,"Enter_Zone",2
413.668,"Info","Arena",6,"Exit_Zone",4
413.668,"Info","Arena",6,"Enter_Zone",1
413.924,"Info","Arena",5,"Exit_Zone",2
413.924,"Info","Arena",5,"Enter_Zone",4
414.018,"Info","Arena",5,"Exit_Zone",4
414.018,"Info","Arena",5,"Enter_Zone",1
414.915,"Info","Arena",4,"Exit_Zone",2
414.915,"Info","Arena",4,"Enter_Zone",4
415.308,"Info","Arena",4,"Exit_Zone",4
415.308,"Info","Arena",4,"Enter_Zone",3
416.275,"Info","Arena",8,"Exit_Zone",1
416.275,"Info","Arena",8,"Enter_Zone",4
416.435,"Info","Arena",6,"Exit_Zone",1
416.435,"Info","Arena",6,"Enter_Zone",4
417.068,"Info","Arena",6,"Exit_Zone",4
417.068,"Info","Arena",6,"Enter_Zone",2
417.136,"Info","Arena",8,"Exit_Zone",4
417.136,"Info","Arena",8,"Enter_Zone",3
417.468,"Info","Arena",5,"Exit_Zone",1
417.468,"Info","Arena",5,"Enter_Zone",4
418.241,"Info","Arena",5,"Exit_Zone",4
418.241,"Info","Arena",5,"Enter_Zone",3
418.468,"Info","Arena",2,"Exit_Zone",2
418.468,"Info","Arena",2,"Enter_Zone",4
418.835,"Info","Arena",2,"Exit_Zone",4
418.835,"Info","Arena",2,"Enter_Zone",1
419.968,"Info","Arena",8,"Exit_Zone",3
419.968,"Info","Arena",8,"Enter_Zone",4
420.503,"Info","Arena",8,"Exit_Zone",4
420.503,"Info","Arena",8,"Enter_Zone",2
420.803,"Info","Arena",4,"Exit_Zone",3
420.803,"Info","Arena",4,"Enter_Zone",4
421.162,"Info","Arena",1,"Exit_Zone",2
421.162,"Info","Arena",1,"Enter_Zone",4
421.162,"Info","Arena",4,"Exit_Zone",4
421.162,"Info","Arena",4,"Enter_Zone",2
421.312,"Info","Arena",2,"Exit_Zone",1
421.312,"Info","Arena",2,"Enter_Zone",4
421.524,"Info","Arena",6,"Exit_Zone",2
421.524,"Info","Arena",6,"Enter_Zone",4
421.595,"Info","Arena",1,"Exit_Zone",4
421.595,"Info","Arena",1,"Enter_Zone",1
421.699,"Info","Arena",5,"Exit_Zone",3
421.699,"Info","Arena",5,"Enter_Zone",4
422.088,"Info","Arena",2,"Exit_Zone",4
422.088,"Info","Arena",2,"Enter_Zone",3
422.264,"Info","Arena",5,"Exit_Zone",4
422.264,"Info","Arena",5,"Enter_Zone",2
422.365,"Info","Arena",6,"Exit_Zone",4
422.365,"Info","Arena",6,"Enter_Zone",1
424.153,"Info","Arena",7,"Exit_Zone",2
424.153,"Info","Arena",7,"Enter_Zone",4
424.228,"Info","Arena",7,"Exit_Zone",4
424.228,"Info","Arena",7,"Enter_Zone",1
424.601,"Info","Arena",6,"Exit_Zone",1
424.601,"Info","Arena",6,"Enter_Zone",4
425.166,"Info","Arena",7,"Exit_Zone",1
425.166,"Info","Arena",7,"Enter_Zone",3
425.166,"Info","Arena",8,"Exit_Zone",2
425.166,"Info","Arena",8,"Enter_Zone",4
425.200,"Info","Arena",7,"Exit_Zone",3
425.200,"Info","Arena",7,"Enter_Zone",1
425.246,"Info","Arena",6,"Exit_Zone",4
425.246,"Info","Arena",6,"Enter_Zone",2
425.731,"Info","Arena",4,"Exit_Zone",2
425.731,"Info","Arena",4,"Enter_Zone",4
425.731,"Info","Arena",8,"Exit_Zone",4
425.731,"Info","Arena",8,"Enter_Zone",1
426.055,"Info","Arena",4,"Exit_Zone",4
426.055,"Info","Arena",4,"Enter_Zone",1
426.126,"Info","Arena",1,"Exit_Zone",1
426.126,"Info","Arena",1,"Enter_Zone",4
426.282,"Info","Arena",1,"Exit_Zone",4
426.282,"Info","Arena",1,"Enter_Zone",2
427.691,"Info","Arena",2,"Exit_Zone",3
427.691,"Info","Arena",2,"Enter_Zone",4
427.787,"Info","Arena",2,"Exit_Zone",4
427.787,"Info","Arena",2,"Enter_Zone",2
428.144,"Info","Arena",7,"Exit_Zone",1
428.144,"Info","Arena",7,"Enter_Zone",4
428.221,"Info","Arena",7,"Exit_Zone",4
428.221,"Info","Arena",7,"Enter_Zone",2
428.423,"Info","Arena",5,"Exit_Zone",2
428.423,"Info","Arena",5,"Enter_Zone",4
428.692,"Info","Arena",4,"Exit_Zone",1
428.692,"Info","Arena",4,"Enter_Zone",4
429.226,"Info","Arena",5,"Exit_Zone",4
429.226,"Info","Arena",5,"Enter_Zone",3
429.263,"Info","Arena",4,"Exit_Zone",4
429.263,"Info","Arena",4,"Enter_Zone",3
429.506,"Info","Arena",1,"Exit_Zone",2
429.506,"Info","Arena",1,"Enter_Zone",4
429.782,"Info","Arena",1,"Exit_Zone",4
429.782,"Info","Arena",1,"Enter_Zone",3
429.887,"Info","Arena",8,"Exit_Zone",1
429.887,"Info","Arena",8,"Enter_Zone",4
430.240,"Info","Arena",6,"Exit_Zone",2
430.240,"Info","Arena",6,"Enter_Zone",4
430.370,"Info","Arena",6,"Exit_Zone",4
430.370,"Info","Arena",6,"Enter_Zone",3
430.530,"Info","Arena",8,"Exit_Zone",4
430.530,"Info","Arena",8,"Enter_Zone",3
431.259,"Info","Arena",7,"Exit_Zone",2
431.259,"Info","Arena",7,"Enter_Zone",4
431.294,"Info","Arena",7,"Exit_Zone",4
431.294,"Info","Arena",7,"Enter_Zone",1
432.327,"Info","Arena",2,"Exit_Zone",2
432.327,"Info","Arena",2,"Enter_Zone",4
432.562,"Info","Arena",4,"Exit_Zone",3
432.562,"Info","Arena",4,"Enter_Zone",4
432.804,"Info","Arena",7,"Exit_Zone",1
432.804,"Info","Arena",7,"Enter_Zone",3
432.843,"Info","Arena",7,"Exit_Zone",3
432.843,"Info","Arena",7,"Enter_Zone",1
432.946,"Info","Arena",5,"Exit_Zone",3
432.946,"Info","Arena",5,"Enter_Zone",4
433.159,"Info","Arena",4,"Exit_Zone",4
433.159,"Info","Arena",4,"Enter_Zone",2
433.417,"Info","Arena",2,"Exit_Zone",4
433.417,"Info","Arena",2,"Enter_Zone",1
433.771,"Info","Arena",5,"Exit_Zone",4
433.771,"Info","Arena",5,"Enter_Zone",2
434.012,"Info","Arena",7,"Exit_Zone",1
434.012,"Info","Arena",7,"Enter_Zone",4
434.268,"Info","Arena",7,"Exit_Zone",4
434.268,"Info","Arena",7,"Enter_Zone",2
436.134,"Info","Arena",4,"Exit_Zone",2
436.134,"Info","Arena",4,"Enter_Zone",4
436.734,"Info","Arena",4,"Exit_Zone",4
436.734,"Info","Arena",4,"Enter_Zone",1
437.800,"Info","Arena",1,"Exit_Zone",3
437.800,"Info","Arena",1,"Enter_Zone",4
437.867,"Info","Arena",1,"Exit_Zone",4
437.867,"Info","Arena",1,"Enter_Zone",2
437.933,"Info","Arena",5,"Exit_Zone",2
437.933,"Info","Arena",5,"Enter_Zone",4
438.244,"Info","Arena",5,"Exit_Zone",4
438.244,"Info","Arena",5,"Enter_Zone",1
439.070,"Info","Arena",3,"Exit_Zone",3
439.070,"Info","Arena",3,"Enter_Zone",4
439.135,"Info","Arena",7,"Exit_Zone",2
439.135,"Info","Arena",7,"Enter_Zone",4
439.413,"Info","Arena",7,"Exit_Zone",4
439.413,"Info","Arena",7,"Enter_Zone",2
439.447,"Info","Arena",7,"Exit_Zone",2
439.447,"Info","Arena",7,"Enter_Zone",4
439.482,"Info","Arena",7,"Exit_Zone",4
439.482,"Info","Arena",7,"Enter_Zone",2
439.684,"Info","Arena",3,"Exit_Zone",4
439.684,"Info","Arena",3,"Enter_Zone",1
440.050,"Info","Arena",2,"Exit_Zone",1
440.050,"Info","Arena",2,"Enter_Zone",4
440.148,"Info","Arena",6,"Exit_Zone",3
440.148,"Info","Arena",6,"Enter_Zone",4
440.644,"Info","Arena",2,"Exit_Zone",4
440.644,"Info","Arena",2,"Enter_Zone",3
441.070,"Info","Arena",6,"Exit_Zone",4
441.070,"Info","Arena",6,"Enter_Zone",2
442.124,"Info","Arena",4,"Exit_Zone",1
442.124,"Info","Arena",4,"Enter_Zone",4
442.697,"Info","Arena",4,"Exit_Zone",4
442.697,"Info","Arena",4,"Enter_Zone",2
442.870,"Info","Arena",5,"Exit_Zone",1
442.870,"Info","Arena",5,"Enter_Zone",4
443.266,"Info","Arena",5,"Exit_Zone",4
443.266,"Info","Arena",5,"Enter_Zone",3
443.266,"Info","Arena",7,"Exit_Zone",2
443.266,"Info","Arena",7,"Enter_Zone",4
443.370,"Info","Arena",7,"Exit_Zone",4
443.370,"Info","Arena",7,"Enter_Zone",1
443.755,"Info","Arena",2,"Exit_Zone",3
443.755,"Info","Arena",2,"Enter_Zone",4
443.987,"Info","Arena",2,"Exit_Zone",4
443.987,"Info","Arena",2,"Enter_Zone",2
444.986,"Info","Arena",2,"Exit_Zone",2
444.986,"Info","Arena",2,"Enter_Zone",3
445.053,"Info","Arena",2,"Exit_Zone",3
445.053,"Info","Arena",2,"Enter_Zone",2
445.274,"Info","Arena",8,"Exit_Zone",3
445.274,"Info","Arena",8,"Enter_Zone",4
445.418,"Info","Arena",4,"Exit_Zone",2
445.418,"Info","Arena",4,"Enter_Zone",4
445.933,"Info","Arena",4,"Exit_Zone",4
445.933,"Info","Arena",4,"Enter_Zone",3
445.933,"Info","Arena",8,"Exit_Zone",4
445.933,"Info","Arena",8,"Enter_Zone",2
446.809,"Info","Arena",2,"Exit_Zone",2
446.809,"Info","Arena",2,"Enter_Zone",4
446.900,"Info","Arena",7,"Exit_Zone",1
446.900,"Info","Arena",7,"Enter_Zone",3
446.963,"Info","Arena",7,"Exit_Zone",3
446.963,"Info","Arena",7,"Enter_Zone",1
447.384,"Info","Arena",6,"Exit_Zone",2
447.384,"Info","Arena",6,"Enter_Zone",4
447.460,"Info","Arena",2,"Exit_Zone",4
447.460,"Info","Arena",2,"Enter_Zone",1
447.792,"Info","Arena",1,"Exit_Zone",2
447.792,"Info","Arena",1,"Enter_Zone",4
447.865,"Info","Arena",8,"Exit_Zone",2
447.865,"Info","Arena",8,"Enter_Zone",4
448.004,"Info","Arena",1,"Exit_Zone",4
448.004,"Info","Arena",1,"Enter_Zone",1
448.037,"Info","Arena",8,"Exit_Zone",4
448.037,"Info","Arena",8,"Enter_Zone",3
448.072,"Info","Arena",6,"Exit_Zone",4
448.072,"Info","Arena",6,"Enter_Zone",3
448.387,"Info","Arena",1,"Exit_Zone",1
448.387,"Info","Arena",1,"Enter_Zone",3
448.420,"Info","Arena",1,"Exit_Zone",3
448.420,"Info","Arena",1,"Enter_Zone",1
448.672,"Info","Arena",4,"Exit_Zone",3
448.672,"Info","Arena",4,"Enter_Zone",4
449.079,"Info","Arena",4,"Exit_Zone",4
449.079,"Info","Arena",4,"Enter_Zone",2
449.112,"Info","Arena",5,"Exit_Zone",3
449.112,"Info","Arena",5,"Enter_Zone",4
449.409,"Info","Arena",5,"Exit_Zone",4
449.409,"Info","Arena",5,"Enter_Zone",2
449.973,"Info","Arena",1,"Exit_Zone",1
449.973,"Info","Arena",1,"Enter_Zone",3
450.151,"Info","Arena",1,"Exit_Zone",3
450.151,"Info","Arena",1,"Enter_Zone",1
450.411,"Info","Arena",6,"Exit_Zone",3
450.411,"Info","Arena",6,"Enter_Zone",4
450.746,"Info","Arena",2,"Exit_Zone",1
450.746,"Info","Arena",2,"Enter_Zone",4
450.901,"Info","Arena",1,"Exit_Zone",1
450.901,"Info","Arena",1,"Enter_Zone",4
451.051,"Info","Arena",1,"Exit_Zone",4
451.051,"Info","Arena",1,"Enter_Zone",2
451.127,"Info","Arena",7,"Exit_Zone",1
451.127,"Info","Arena",7,"Enter_Zone",3
451.168,"Info","Arena",7,"Exit_Zone",3
451.168,"Info","Arena",7,"Enter_Zone",1
451.290,"Info","Arena",3,"Exit_Zone",1
451.290,"Info","Arena",3,"Enter_Zone",4
451.329,"Info","Arena",2,"Exit_Zone",4
451.329,"Info","Arena",2,"Enter_Zone",3
451.367,"Info","Arena",6,"Exit_Zone",4
451.367,"Info","Arena",6,"Enter_Zone",1
451.561,"Info","Arena",8,"Exit_Zone",3
451.561,"Info","Arena",8,"Enter_Zone",4
451.736,"Info","Arena",3,"Exit_Zone",4
451.736,"Info","Arena",3,"Enter_Zone",2
452.147,"Info","Arena",8,"Exit_Zone",4
452.147,"Info","Arena",8,"Enter_Zone",2
452.223,"Info","Arena",8,"Exit_Zone",2
452.223,"Info","Arena",8,"Enter_Zone",4
452.524,"Info","Arena",8,"Exit_Zone",4
452.524,"Info","Arena",8,"Enter_Zone",3
455.031,"Info","Arena",2,"Exit_Zone",3
455.031,"Info","Arena",2,"Enter_Zone",4
455.242,"Info","Arena",6,"Exit_Zone",1
455.242,"Info","Arena",6,"Enter_Zone",4
455.616,"Info","Arena",2,"Exit_Zone",4
455.616,"Info","Arena",2,"Enter_Zone",2
456.045,"Info","Arena",6,"Exit_Zone",4
456.045,"Info","Arena",6,"Enter_Zone",2
456.960,"Info","Arena",8,"Exit_Zone",3
456.960,"Info","Arena",8,"Enter_Zone",4
457.426,"Info","Arena",8,"Exit_Zone",4
457.426,"Info","Arena",8,"Enter_Zone",1
459.066,"Info","Arena",7,"Exit_Zone",1
459.066,"Info","Arena",7,"Enter_Zone",3
459.097,"Info","Arena",7,"Exit_Zone",3
459.097,"Info","Arena",7,"Enter_Zone",1
459.431,"Info","Arena",4,"Exit_Zone",2
459.431,"Info","Arena",4,"Enter_Zone",4
459.465,"Info","Arena",2,"Exit_Zone",2
459.465,"Info","Arena",2,"Enter_Zone",4
459.697,"Info","Arena",2,"Exit_Zone",4
459.697,"Info","Arena",2,"Enter_Zone",3
460.065,"Info","Arena",4,"Exit_Zone",4
460.065,"Info","Arena",4,"Enter_Zone",3
460.481,"Info","Arena",8,"Exit_Zone",1
460.481,"Info","Arena",8,"Enter_Zone",4
460.548,"Info","Arena",1,"Exit_Zone",2
460.548,"Info","Arena",1,"Enter_Zone",4
460.787,"Info","Arena",1,"Exit_Zone",4
460.787,"Info","Arena",1,"Enter_Zone",3
460.787,"Info","Arena",2,"Exit_Zone",3
460.787,"Info","Arena",2,"Enter_Zone",4
460.923,"Info","Arena",2,"Exit_Zone",4
460.923,"Info","Arena",2,"Enter_Zone",2
461.128,"Info","Arena",8,"Exit_Zone",4
461.128,"Info","Arena",8,"Enter_Zone",3
461.652,"Info","Arena",2,"Exit_Zone",2
461.652,"Info","Arena",2,"Enter_Zone",4
461.831,"Info","Arena",2,"Exit_Zone",4
461.831,"Info","Arena",2,"Enter_Zone",3
462.182,"Info","Arena",6,"Exit_Zone",2
462.182,"Info","Arena",6,"Enter_Zone",4
462.386,"Info","Arena",5,"Exit_Zone",2
462.386,"Info","Arena",5,"Enter_Zone",4
462.576,"Info","Arena",6,"Exit_Zone",4
462.576,"Info","Arena",6,"Enter_Zone",3
463.163,"Info","Arena",5,"Exit_Zone",4
463.163,"Info","Arena",5,"Enter_Zone",3
463.615,"Info","Arena",1,"Exit_Zone",3
463.615,"Info","Arena",1,"Enter_Zone",4
463.717,"Info","Arena",4,"Exit_Zone",3
463.717,"Info","Arena",4,"Enter_Zone",4
464.137,"Info","Arena",7,"Exit_Zone",1
464.137,"Info","Arena",7,"Enter_Zone",4
464.286,"Info","Arena",1,"Exit_Zone",4
464.286,"Info","Arena",1,"Enter_Zone",2
464.323,"Info","Arena",7,"Exit_Zone",4
464.323,"Info","Arena",7,"Enter_Zone",3
464.391,"Info","Arena",1,"Exit_Zone",2
464.391,"Info","Arena",1,"Enter_Zone",4
464.627,"Info","Arena",1,"Exit_Zone",4
464.627,"Info","Arena",1,"Enter_Zone",1
464.695,"Info","Arena",4,"Exit_Zone",4
464.695,"Info","Arena",4,"Enter_Zone",1
466.549,"Info","Arena",1,"Exit_Zone",1
466.549,"Info","Arena",1,"Enter_Zone",3
466.686,"Info","Arena",1,"Exit_Zone",3
466.686,"Info","Arena",1,"Enter_Zone",1
467.100,"Info","Arena",2,"Exit_Zone",3
467.100,"Info","Arena",2,"Enter_Zone",4
467.169,"Info","Arena",2,"Exit_Zone",4
467.169,"Info","Arena",2,"Enter_Zone",2
467.254,"Info","Arena",4,"Exit_Zone",1
467.254,"Info","Arena",4,"Enter_Zone",4
467.539,"Info","Arena",4,"Exit_Zone",4
467.539,"Info","Arena",4,"Enter_Zone",3
467.539,"Info","Arena",8,"Exit_Zone",3
467.539,"Info","Arena",8,"Enter_Zone",4
467.965,"Info","Arena",5,"Exit_Zone",3
467.965,"Info","Arena",5,"Enter_Zone",4
468.001,"Info","Arena",3,"Exit_Zone",2
468.001,"Info","Arena",3,"Enter_Zone",4
468.072,"Info","Arena",3,"Exit_Zone",4
468.072,"Info","Arena",3,"Enter_Zone",3
468.290,"Info","Arena",8,"Exit_Zone",4
468.290,"Info","Arena",8,"Enter_Zone",2
468.849,"Info","Arena",7,"Exit_Zone",3
468.849,"Info","Arena",7,"Enter_Zone",4
469.264,"Info","Arena",7,"Exit_Zone",4
469.264,"Info","Arena",7,"Enter_Zone",1
469.333,"Info","Arena",5,"Exit_Zone",4
469.333,"Info","Arena",5,"Enter_Zone",1
469.467,"Info","Arena",1,"Exit_Zone",1
469.467,"Info","Arena",1,"Enter_Zone",4
469.570,"Info","Arena",1,"Exit_Zone",4
469.570,"Info","Arena",1,"Enter_Zone",2
469.938,"Info","Arena",6,"Exit_Zone",3
469.938,"Info","Arena",6,"Enter_Zone",4
470.816,"Info","Arena",6,"Exit_Zone",4
470.816,"Info","Arena",6,"Enter_Zone",1
471.947,"Info","Arena",2,"Exit_Zone",2
471.947,"Info","Arena",2,"Enter_Zone",4
472.251,"Info","Arena",1,"Exit_Zone",2
472.251,"Info","Arena",1,"Enter_Zone",4
472.251,"Info","Arena",8,"Exit_Zone",2
472.251,"Info","Arena",8,"Enter_Zone",4
472.446,"Info","Arena",1,"Exit_Zone",4
472.446,"Info","Arena",1,"Enter_Zone",1
472.903,"Info","Arena",2,"Exit_Zone",4
472.903,"Info","Arena",2,"Enter_Zone",1
472.903,"Info","Arena",8,"Exit_Zone",4
472.903,"Info","Arena",8,"Enter_Zone",1
473.645,"Info","Arena",7,"Exit_Zone",1
473.645,"Info","Arena",7,"Enter_Zone",4
473.679,"Info","Arena",7,"Exit_Zone",4
473.679,"Info","Arena",7,"Enter_Zone",3
473.778,"Info","Arena",1,"Exit_Zone",1
473.778,"Info","Arena",1,"Enter_Zone",3
473.813,"Info","Arena",1,"Exit_Zone",3
473.813,"Info","Arena",1,"Enter_Zone",1
473.813,"Info","Arena",5,"Exit_Zone",1
473.813,"Info","Arena",5,"Enter_Zone",4
473.980,"Info","Arena",4,"Exit_Zone",3
473.980,"Info","Arena",4,"Enter_Zone",4
474.050,"Info","Arena",4,"Exit_Zone",4
474.050,"Info","Arena",4,"Enter_Zone",1
474.363,"Info","Arena",5,"Exit_Zone",4
474.363,"Info","Arena",5,"Enter_Zone",3
474.495,"Info","Arena",1,"Exit_Zone",1
474.495,"Info","Arena",1,"Enter_Zone",3
474.624,"Info","Arena",1,"Exit_Zone",3
474.624,"Info","Arena",1,"Enter_Zone",1
474.655,"Info","Arena",1,"Exit_Zone",1
474.655,"Info","Arena",1,"Enter_Zone",3
474.784,"Info","Arena",1,"Exit_Zone",3
474.784,"Info","Arena",1,"Enter_Zone",1
475.518,"Info","Arena",1,"Exit_Zone",1
475.518,"Info","Arena",1,"Enter_Zone",4
475.581,"Info","Arena",6,"Exit_Zone",1
475.581,"Info","Arena",6,"Enter_Zone",4
475.645,"Info","Arena",1,"Exit_Zone",4
475.645,"Info","Arena",1,"Enter_Zone",2
476.827,"Info","Arena",4,"Exit_Zone",1
476.827,"Info","Arena",4,"Enter_Zone",4
477.030,"Info","Arena",2,"Exit_Zone",1
477.030,"Info","Arena",2,"Enter_Zone",4
477.030,"Info","Arena",8,"Exit_Zone",1
477.030,"Info","Arena",8,"Enter_Zone",4
477.314,"Info","Arena",4,"Exit_Zone",4
477.314,"Info","Arena",4,"Enter_Zone",2
477.417,"Info","Arena",6,"Exit_Zone",4
477.417,"Info","Arena",6,"Enter_Zone",3
477.556,"Info","Arena",2,"Exit_Zone",4
477.556,"Info","Arena",2,"Enter_Zone",3
477.697,"Info","Arena",8,"Exit_Zone",4
477.697,"Info","Arena",8,"Enter_Zone",3
478.573,"Info","Arena",5,"Exit_Zone",3
478.573,"Info","Arena",5,"Enter_Zone",4
478.698,"Info","Arena",5,"Exit_Zone",4
478.698,"Info","Arena",5,"Enter_Zone",2
479.327,"Info","Arena",7,"Exit_Zone",3
479.327,"Info","Arena",7,"Enter_Zone",4
479.357,"Info","Arena",7,"Exit_Zone",4
479.357,"Info","Arena",7,"Enter_Zone",2
479.709,"Info","Arena",3,"Exit_Zone",3
479.709,"Info","Arena",3,"Enter_Zone",4
480.238,"Info","Arena",3,"Exit_Zone",4
480.238,"Info","Arena",3,"Enter_Zone",1
480.301,"Info","Arena",4,"Exit_Zone",2
480.301,"Info","Arena",4,"Enter_Zone",4
480.830,"Info","Arena",4,"Exit_Zone",4
480.830,"Info","Arena",4,"Enter_Zone",3
480.896,"Info","Arena",2,"Exit_Zone",3
480.896,"Info","Arena",2,"Enter_Zone",4
481.096,"Info","Arena",2,"Exit_Zone",4
481.096,"Info","Arena",2,"Enter_Zone",2
481.630,"Info","Arena",8,"Exit_Zone",3
481.630,"Info","Arena",8,"Enter_Zone",4
482.196,"Info","Arena",7,"Exit_Zone",2
482.196,"Info","Arena",7,"Enter_Zone",4
482.339,"Info","Arena",7,"Exit_Zone",4
482.339,"Info","Arena",7,"Enter_Zone",3
482.339,"Info","Arena",8,"Exit_Zone",4
482.339,"Info","Arena",8,"Enter_Zone",1
482.752,"Info","Arena",5,"Exit_Zone",2
482.752,"Info","Arena",5,"Enter_Zone",4
483.314,"Info","Arena",4,"Exit_Zone",3
483.314,"Info","Arena",4,"Enter_Zone",4
483.531,"Info","Arena",5,"Exit_Zone",4
483.531,"Info","Arena",5,"Enter_Zone",1
483.570,"Info","Arena",4,"Exit_Zone",4
483.570,"Info","Arena",4,"Enter_Zone",1
483.749,"Info","Arena",8,"Exit_Zone",1
483.749,"Info","Arena",8,"Enter_Zone",4
483.785,"Info","Arena",1,"Exit_Zone",2
483.785,"Info","Arena",1,"Enter_Zone",4
483.997,"Info","Arena",1,"Exit_Zone",4
483.997,"Info","Arena",1,"Enter_Zone",1
484.135,"Info","Arena",8,"Exit_Zone",4
484.135,"Info","Arena",8,"Enter_Zone",2
484.168,"Info","Arena",8,"Exit_Zone",2
484.168,"Info","Arena",8,"Enter_Zone",4
484.314,"Info","Arena",8,"Exit_Zone",4
484.314,"Info","Arena",8,"Enter_Zone",3
485.151,"Info","Arena",2,"Exit_Zone",2
485.151,"Info","Arena",2,"Enter_Zone",4
485.151,"Info","Arena",7,"Exit_Zone",3
485.151,"Info","Arena",7,"Enter_Zone",4
485.182,"Info","Arena",7,"Exit_Zone",4
485.182,"Info","Arena",7,"Enter_Zone",2
485.388,"Info","Arena",1,"Exit_Zone",1
485.388,"Info","Arena",1,"Enter_Zone",4
485.487,"Info","Arena",1,"Exit_Zone",4
485.487,"Info","Arena",1,"Enter_Zone",2
485.487,"Info","Arena",2,"Exit_Zone",4
485.487,"Info","Arena",2,"Enter_Zone",3
486.516,"Info","Arena",3,"Exit_Zone",1
486.516,"Info","Arena",3,"Enter_Zone",4
486.682,"Info","Arena",4,"Exit_Zone",1
486.682,"Info","Arena",4,"Enter_Zone",4
487.156,"Info","Arena",3,"Exit_Zone",4
487.156,"Info","Arena",3,"Enter_Zone",1
487.306,"Info","Arena",4,"Exit_Zone",4
487.306,"Info","Arena",4,"Enter_Zone",2
487.708,"Info","Arena",6,"Exit_Zone",3
487.708,"Info","Arena",6,"Enter_Zone",4
488.067,"Info","Arena",5,"Exit_Zone",1
488.067,"Info","Arena",5,"Enter_Zone",4
488.199,"Info","Arena",8,"Exit_Zone",3
488.199,"Info","Arena",8,"Enter_Zone",4
488.412,"Info","Arena",5,"Exit_Zone",4
488.412,"Info","Arena",5,"Enter_Zone",2
488.722,"Info","Arena",8,"Exit_Zone",4
488.722,"Info","Arena",8,"Enter_Zone",2
488.899,"Info","Arena",1,"Exit_Zone",2
488.899,"Info","Arena",1,"Enter_Zone",4
488.935,"Info","Arena",6,"Exit_Zone",4
488.935,"Info","Arena",6,"Enter_Zone",2
489.112,"Info","Arena",1,"Exit_Zone",4
489.112,"Info","Arena",1,"Enter_Zone",1
489.615,"Info","Arena",1,"Exit_Zone",1
489.615,"Info","Arena",1,"Enter_Zone",3
489.649,"Info","Arena",1,"Exit_Zone",3
489.649,"Info","Arena",1,"Enter_Zone",1
489.952,"Info","Arena",1,"Exit_Zone",1
489.952,"Info","Arena",1,"Enter_Zone",3
490.020,"Info","Arena",1,"Exit_Zone",3
490.020,"Info","Arena",1,"Enter_Zone",1
490.020,"Info","Arena",2,"Exit_Zone",3
490.020,"Info","Arena",2,"Enter_Zone",4
490.321,"Info","Arena",2,"Exit_Zone",4
490.321,"Info","Arena",2,"Enter_Zone",2
490.446,"Info","Arena",1,"Exit_Zone",1
490.446,"Info","Arena",1,"Enter_Zone",3
490.507,"Info","Arena",1,"Exit_Zone",3
490.507,"Info","Arena",1,"Enter_Zone",1
491.007,"Info","Arena",1,"Exit_Zone",1
491.007,"Info","Arena",1,"Enter_Zone",3
491.036,"Info","Arena",1,"Exit_Zone",3
491.036,"Info","Arena",1,"Enter_Zone",1
491.237,"Info","Arena",4,"Exit_Zone",2
491.237,"Info","Arena",4,"Enter_Zone",4
491.401,"Info","Arena",1,"Exit_Zone",1
491.401,"Info","Arena",1,"Enter_Zone",3
491.433,"Info","Arena",1,"Exit_Zone",3
491.433,"Info","Arena",1,"Enter_Zone",1
491.466,"Info","Arena",4,"Exit_Zone",4
491.466,"Info","Arena",4,"Enter_Zone",3
491.823,"Info","Arena",2,"Exit_Zone",2
491.823,"Info","Arena",2,"Enter_Zone",4
491.888,"Info","Arena",2,"Exit_Zone",4
491.888,"Info","Arena",2,"Enter_Zone",1
492.152,"Info","Arena",1,"Exit_Zone",1
492.152,"Info","Arena",1,"Enter_Zone",3
492.185,"Info","Arena",1,"Exit_Zone",3
492.185,"Info","Arena",1,"Enter_Zone",1
492.291,"Info","Arena",1,"Exit_Zone",1
492.291,"Info","Arena",1,"Enter_Zone",3
492.360,"Info","Arena",1,"Exit_Zone",3
492.360,"Info","Arena",1,"Enter_Zone",1
492.652,"Info","Arena",8,"Exit_Zone",2
492.652,"Info","Arena",8,"Enter_Zone",4
493.152,"Info","Arena",8,"Exit_Zone",4
493.152,"Info","Arena",8,"Enter_Zone",1
493.447,"Info","Arena",5,"Exit_Zone",2
493.447,"Info","Arena",5,"Enter_Zone",4
493.736,"Info","Arena",5,"Exit_Zone",4
493.736,"Info","Arena",5,"Enter_Zone",1
494.387,"Info","Arena",4,"Exit_Zone",3
494.387,"Info","Arena",4,"Enter_Zone",4
494.461,"Info","Arena",2,"Exit_Zone",1
494.461,"Info","Arena",2,"Enter_Zone",4
494.913,"Info","Arena",4,"Exit_Zone",4
494.913,"Info","Arena",4,"Enter_Zone",1
495.018,"Info","Arena",6,"Exit_Zone",2
495.018,"Info","Arena",6,"Enter_Zone",4
495.198,"Info","Arena",2,"Exit_Zone",4
495.198,"Info","Arena",2,"Enter_Zone",3
495.858,"Info","Arena",6,"Exit_Zone",4
495.858,"Info","Arena",6,"Enter_Zone",3
497.155,"Info","Arena",8,"Exit_Zone",1
497.155,"Info","Arena",8,"Enter_Zone",4
497.396,"Info","Arena",8,"Exit_Zone",4
497.396,"Info","Arena",8,"Enter_Zone",2
497.675,"Info","Arena",5,"Exit_Zone",1
497.675,"Info","Arena",5,"Enter_Zone",4
498.027,"Info","Arena",5,"Exit_Zone",4
498.027,"Info","Arena",5,"Enter_Zone",3
498.529,"Info","Arena",4,"Exit_Zone",1
498.529,"Info","Arena",4,"Enter_Zone",4
498.908,"Info","Arena",3,"Exit_Zone",1
498.908,"Info","Arena",3,"Enter_Zone",4
499.409,"Info","Arena",3,"Exit_Zone",4
499.409,"Info","Arena",3,"Enter_Zone",3
499.447,"Info","Arena",4,"Exit_Zone",4
499.447,"Info","Arena",4,"Enter_Zone",2
499.755,"Info","Arena",1,"Exit_Zone",1
499.755,"Info","Arena",1,"Enter_Zone",3
499.755,"Info","Arena",2,"Exit_Zone",3
499.755,"Info","Arena",2,"Enter_Zone",4
499.791,"Info","Arena",1,"Exit_Zone",3
499.791,"Info","Arena",1,"Enter_Zone",1
499.828,"Info","Arena",8,"Exit_Zone",2
499.828,"Info","Arena",8,"Enter_Zone",4
500.015,"Info","Arena",5,"Exit_Zone",3
500.015,"Info","Arena",5,"Enter_Zone",4
500.055,"Info","Arena",5,"Exit_Zone",4
500.055,"Info","Arena",5,"Enter_Zone",3
500.129,"Info","Arena",2,"Exit_Zone",4
500.129,"Info","Arena",2,"Enter_Zone",2
500.512,"Info","Arena",6,"Exit_Zone",3
500.512,"Info","Arena",6,"Enter_Zone",4
500.512,"Info","Arena",8,"Exit_Zone",4
500.512,"Info","Arena",8,"Enter_Zone",1
500.663,"Info","Arena",1,"Exit_Zone",1
500.663,"Info","Arena",1,"Enter_Zone",4
501.099,"Info","Arena",1,"Exit_Zone",4
501.099,"Info","Arena",1,"Enter_Zone",3
501.169,"Info","Arena",6,"Exit_Zone",4
501.169,"Info","Arena",6,"Enter_Zone",1
501.569,"Info","Arena",7,"Exit_Zone",2
501.569,"Info","Arena",7,"Enter_Zone",4
501.815,"Info","Arena",7,"Exit_Zone",4
501.815,"Info","Arena",7,"Enter_Zone",1
502.740,"Info","Arena",4,"Exit_Zone",2
502.740,"Info","Arena",4,"Enter_Zone",4
502.740,"Info","Arena",7,"Exit_Zone",1
502.740,"Info","Arena",7,"Enter_Zone",4
502.854,"Info","Arena",7,"Exit_Zone",4
502.854,"Info","Arena",7,"Enter_Zone",2
503.040,"Info","Arena",1,"Exit_Zone",3
503.040,"Info","Arena",1,"Enter_Zone",4
503.309,"Info","Arena",1,"Exit_Zone",4
503.309,"Info","Arena",1,"Enter_Zone",1
503.349,"Info","Arena",4,"Exit_Zone",4
503.349,"Info","Arena",4,"Enter_Zone",3
503.349,"Info","Arena",7,"Exit_Zone",2
503.349,"Info","Arena",7,"Enter_Zone",4
503.464,"Info","Arena",7,"Exit_Zone",4
503.464,"Info","Arena",7,"Enter_Zone",3
503.500,"Info","Arena",2,"Exit_Zone",2
503.500,"Info","Arena",2,"Enter_Zone",4
503.615,"Info","Arena",1,"Exit_Zone",1
503.615,"Info","Arena",1,"Enter_Zone",3
503.652,"Info","Arena",1,"Exit_Zone",3
503.652,"Info","Arena",1,"Enter_Zone",1
503.904,"Info","Arena",8,"Exit_Zone",1
503.904,"Info","Arena",8,"Enter_Zone",4
504.013,"Info","Arena",2,"Exit_Zone",4
504.013,"Info","Arena",2,"Enter_Zone",1
504.526,"Info","Arena",8,"Exit_Zone",4
504.526,"Info","Arena",8,"Enter_Zone",3
505.573,"Info","Arena",7,"Exit_Zone",3
505.573,"Info","Arena",7,"Enter_Zone",4
505.739,"Info","Arena",7,"Exit_Zone",4
505.739,"Info","Arena",7,"Enter_Zone",2
506.059,"Info","Arena",1,"Exit_Zone",1
506.059,"Info","Arena",1,"Enter_Zone",3
506.096,"Info","Arena",1,"Exit_Zone",3
506.096,"Info","Arena",1,"Enter_Zone",1
506.317,"Info","Arena",4,"Exit_Zone",3
506.317,"Info","Arena",4,"Enter_Zone",4
506.667,"Info","Arena",4,"Exit_Zone",4
506.667,"Info","Arena",4,"Enter_Zone",1
507.379,"Info","Arena",1,"Exit_Zone",1
507.379,"Info","Arena",1,"Enter_Zone",3
507.413,"Info","Arena",1,"Exit_Zone",3
507.413,"Info","Arena",1,"Enter_Zone",1
507.754,"Info","Arena",8,"Exit_Zone",3
507.754,"Info","Arena",8,"Enter_Zone",4
507.965,"Info","Arena",3,"Exit_Zone",3
507.965,"Info","Arena",3,"Enter_Zone",4
508.461,"Info","Arena",8,"Exit_Zone",4
508.461,"Info","Arena",8,"Enter_Zone",1
508.635,"Info","Arena",2,"Exit_Zone",1
508.635,"Info","Arena",2,"Enter_Zone",4
508.705,"Info","Arena",1,"Exit_Zone",1
508.705,"Info","Arena",1,"Enter_Zone",3
508.776,"Info","Arena",1,"Exit_Zone",3
508.776,"Info","Arena",1,"Enter_Zone",1
508.918,"Info","Arena",3,"Exit_Zone",4
508.918,"Info","Arena",3,"Enter_Zone",1
509.251,"Info","Arena",2,"Exit_Zone",4
509.251,"Info","Arena",2,"Enter_Zone",3
509.874,"Info","Arena",4,"Exit_Zone",1
509.874,"Info","Arena",4,"Enter_Zone",4
510.278,"Info","Arena",1,"Exit_Zone",1
510.278,"Info","Arena",1,"Enter_Zone",3
510.313,"Info","Arena",4,"Exit_Zone",4
510.313,"Info","Arena",4,"Enter_Zone",2
510.452,"Info","Arena",1,"Exit_Zone",3
510.452,"Info","Arena",1,"Enter_Zone",1
510.695,"Info","Arena",5,"Exit_Zone",3
510.695,"Info","Arena",5,"Enter_Zone",4
510.763,"Info","Arena",3,"Exit_Zone",1
510.763,"Info","Arena",3,"Enter_Zone",4
510.833,"Info","Arena",3,"Exit_Zone",4
510.833,"Info","Arena",3,"Enter_Zone",1
511.010,"Info","Arena",5,"Exit_Zone",4
511.010,"Info","Arena",5,"Enter_Zone",1
512.244,"Info","Arena",1,"Exit_Zone",1
512.244,"Info","Arena",1,"Enter_Zone",3
512.344,"Info","Arena",1,"Exit_Zone",3
512.344,"Info","Arena",1,"Enter_Zone",1
512.747,"Info","Arena",3,"Exit_Zone",1
512.747,"Info","Arena",3,"Enter_Zone",4
513.128,"Info","Arena",2,"Exit_Zone",3
513.128,"Info","Arena",2,"Enter_Zone",4
513.162,"Info","Arena",1,"Exit_Zone",1
513.162,"Info","Arena",1,"Enter_Zone",4
513.195,"Info","Arena",3,"Exit_Zone",4
513.195,"Info","Arena",3,"Enter_Zone",3
513.309,"Info","Arena",2,"Exit_Zone",4
513.309,"Info","Arena",2,"Enter_Zone",2
513.447,"Info","Arena",1,"Exit_Zone",4
513.447,"Info","Arena",1,"Enter_Zone",3
514.417,"Info","Arena",8,"Exit_Zone",1
514.417,"Info","Arena",8,"Enter_Zone",4
514.991,"Info","Arena",8,"Exit_Zone",4
514.991,"Info","Arena",8,"Enter_Zone",2
515.198,"Info","Arena",2,"Exit_Zone",2
515.198,"Info","Arena",2,"Enter_Zone",4
515.421,"Info","Arena",2,"Exit_Zone",4
515.421,"Info","Arena",2,"Enter_Zone",1
515.603,"Info","Arena",5,"Exit_Zone",1
515.603,"Info","Arena",5,"Enter_Zone",4
516.201,"Info","Arena",5,"Exit_Zone",4
516.201,"Info","Arena",5,"Enter_Zone",3
517.730,"Info","Arena",3,"Exit_Zone",3
517.730,"Info","Arena",3,"Enter_Zone",4
517.803,"Info","Arena",2,"Exit_Zone",1
517.803,"Info","Arena",2,"Enter_Zone",4
518.031,"Info","Arena",4,"Exit_Zone",2
518.031,"Info","Arena",4,"Enter_Zone",4
518.067,"Info","Arena",7,"Exit_Zone",2
518.067,"Info","Arena",7,"Enter_Zone",4
518.140,"Info","Arena",5,"Exit_Zone",3
518.140,"Info","Arena",5,"Enter_Zone",4
518.179,"Info","Arena",2,"Exit_Zone",4
518.179,"Info","Arena",2,"Enter_Zone",3
518.341,"Info","Arena",7,"Exit_Zone",4
518.341,"Info","Arena",7,"Enter_Zone",1
518.530,"Info","Arena",4,"Exit_Zone",4
518.530,"Info","Arena",4,"Enter_Zone",3
518.833,"Info","Arena",3,"Exit_Zone",4
518.833,"Info","Arena",3,"Enter_Zone",1
518.945,"Info","Arena",5,"Exit_Zone",4
518.945,"Info","Arena",5,"Enter_Zone",1
519.280,"Info","Arena",8,"Exit_Zone",2
519.280,"Info","Arena",8,"Enter_Zone",4
519.809,"Info","Arena",1,"Exit_Zone",3
519.809,"Info","Arena",1,"Enter_Zone",4
519.961,"Info","Arena",1,"Exit_Zone",4
519.961,"Info","Arena",1,"Enter_Zone",2
520.075,"Info","Arena",8,"Exit_Zone",4
520.075,"Info","Arena",8,"Enter_Zone",1
522.064,"Info","Arena",4,"Exit_Zone",3
522.064,"Info","Arena",4,"Enter_Zone",4
522.442,"Info","Arena",4,"Exit_Zone",4
522.442,"Info","Arena",4,"Enter_Zone",1
523.106,"Info","Arena",3,"Exit_Zone",1
523.106,"Info","Arena",3,"Enter_Zone",4
523.288,"Info","Arena",2,"Exit_Zone",3
523.288,"Info","Arena",2,"Enter_Zone",4
523.322,"Info","Arena",3,"Exit_Zone",4
523.322,"Info","Arena",3,"Enter_Zone",3
523.428,"Info","Arena",2,"Exit_Zone",4
523.428,"Info","Arena",2,"Enter_Zone",2
523.731,"Info","Arena",5,"Exit_Zone",1
523.731,"Info","Arena",5,"Enter_Zone",4
523.836,"Info","Arena",5,"Exit_Zone",4
523.836,"Info","Arena",5,"Enter_Zone",2
524.202,"Info","Arena",8,"Exit_Zone",1
524.202,"Info","Arena",8,"Enter_Zone",4
524.415,"Info","Arena",5,"Exit_Zone",2
524.415,"Info","Arena",5,"Enter_Zone",4
524.893,"Info","Arena",5,"Exit_Zone",4
524.893,"Info","Arena",5,"Enter_Zone",3
524.923,"Info","Arena",8,"Exit_Zone",4
524.923,"Info","Arena",8,"Enter_Zone",3
525.674,"Info","Arena",7,"Exit_Zone",1
525.674,"Info","Arena",7,"Enter_Zone",4
525.821,"Info","Arena",7,"Exit_Zone",4
525.821,"Info","Arena",7,"Enter_Zone",3
525.895,"Info","Arena",1,"Exit_Zone",2
525.895,"Info","Arena",1,"Enter_Zone",4
525.968,"Info","Arena",1,"Exit_Zone",4
525.968,"Info","Arena",1,"Enter_Zone",1
526.613,"Info","Arena",7,"Exit_Zone",3
526.613,"Info","Arena",7,"Enter_Zone",4
527.089,"Info","Arena",7,"Exit_Zone",4
527.089,"Info","Arena",7,"Enter_Zone",2
527.126,"Info","Arena",2,"Exit_Zone",2
527.126,"Info","Arena",2,"Enter_Zone",4
527.165,"Info","Arena",4,"Exit_Zone",1
527.165,"Info","Arena",4,"Enter_Zone",4
527.165,"Info","Arena",8,"Exit_Zone",3
527.165,"Info","Arena",8,"Enter_Zone",4
527.509,"Info","Arena",3,"Exit_Zone",3
527.509,"Info","Arena",3,"Enter_Zone",4
527.848,"Info","Arena",4,"Exit_Zone",4
527.848,"Info","Arena",4,"Enter_Zone",2
527.921,"Info","Arena",8,"Exit_Zone",4
527.921,"Info","Arena",8,"Enter_Zone",2
527.993,"Info","Arena",2,"Exit_Zone",4
527.993,"Info","Arena",2,"Enter_Zone",1
528.675,"Info","Arena",5,"Exit_Zone",3
528.675,"Info","Arena",5,"Enter_Zone",4
529.122,"Info","Arena",5,"Exit_Zone",4
529.122,"Info","Arena",5,"Enter_Zone",1
529.550,"Info","Arena",3,"Exit_Zone",4
529.550,"Info","Arena",3,"Enter_Zone",1
529.622,"Info","Arena",1,"Exit_Zone",1
529.622,"Info","Arena",1,"Enter_Zone",4
529.797,"Info","Arena",1,"Exit_Zone",4
529.797,"Info","Arena",1,"Enter_Zone",2
529.868,"Info","Arena",7,"Exit_Zone",2
529.868,"Info","Arena",7,"Enter_Zone",4
530.267,"Info","Arena",7,"Exit_Zone",4
530.267,"Info","Arena",7,"Enter_Zone",3
530.501,"Info","Arena",2,"Exit_Zone",1
530.501,"Info","Arena",2,"Enter_Zone",4
531.098,"Info","Arena",2,"Exit_Zone",4
531.098,"Info","Arena",2,"Enter_Zone",3
531.772,"Info","Arena",4,"Exit_Zone",2
531.772,"Info","Arena",4,"Enter_Zone",4
532.014,"Info","Arena",8,"Exit_Zone",2
532.014,"Info","Arena",8,"Enter_Zone",4
532.460,"Info","Arena",8,"Exit_Zone",4
532.460,"Info","Arena",8,"Enter_Zone",3
532.568,"Info","Arena",4,"Exit_Zone",4
532.568,"Info","Arena",4,"Enter_Zone",1
532.604,"Info","Arena",7,"Exit_Zone",3
532.604,"Info","Arena",7,"Enter_Zone",4
532.787,"Info","Arena",7,"Exit_Zone",4
532.787,"Info","Arena",7,"Enter_Zone",2
533.610,"Info","Arena",5,"Exit_Zone",1
533.610,"Info","Arena",5,"Enter_Zone",4
533.987,"Info","Arena",5,"Exit_Zone",4
533.987,"Info","Arena",5,"Enter_Zone",3
534.095,"Info","Arena",2,"Exit_Zone",3
534.095,"Info","Arena",2,"Enter_Zone",4
534.389,"Info","Arena",2,"Exit_Zone",4
534.389,"Info","Arena",2,"Enter_Zone",2
534.522,"Info","Arena",6,"Exit_Zone",1
534.522,"Info","Arena",6,"Enter_Zone",4
534.652,"Info","Arena",8,"Exit_Zone",3
534.652,"Info","Arena",8,"Enter_Zone",4
535.178,"Info","Arena",8,"Exit_Zone",4
535.178,"Info","Arena",8,"Enter_Zone",1
535.334,"Info","Arena",6,"Exit_Zone",4
535.334,"Info","Arena",6,"Enter_Zone",3
535.448,"Info","Arena",1,"Exit_Zone",2
535.448,"Info","Arena",1,"Enter_Zone",4
535.634,"Info","Arena",1,"Exit_Zone",4
535.634,"Info","Arena",1,"Enter_Zone",1
535.880,"Info","Arena",1,"Exit_Zone",1
535.880,"Info","Arena",1,"Enter_Zone",3
535.914,"Info","Arena",1,"Exit_Zone",3
535.914,"Info","Arena",1,"Enter_Zone",1
535.948,"Info","Arena",7,"Exit_Zone",2
535.948,"Info","Arena",7,"Enter_Zone",4
536.125,"Info","Arena",7,"Exit_Zone",4
536.125,"Info","Arena",7,"Enter_Zone",1
536.956,"Info","Arena",4,"Exit_Zone",1
536.956,"Info","Arena",4,"Enter_Zone",4
537.234,"Info","Arena",8,"Exit_Zone",1
537.234,"Info","Arena",8,"Enter_Zone",4
537.752,"Info","Arena",1,"Exit_Zone",1
537.752,"Info","Arena",1,"Enter_Zone",4
537.792,"Info","Arena",1,"Exit_Zone",4
537.792,"Info","Arena",1,"Enter_Zone",2
537.792,"Info","Arena",4,"Exit_Zone",4
537.792,"Info","Arena",4,"Enter_Zone",2
537.826,"Info","Arena",8,"Exit_Zone",4
537.826,"Info","Arena",8,"Enter_Zone",3
538.564,"Info","Arena",5,"Exit_Zone",3
538.564,"Info","Arena",5,"Enter_Zone",4
539.033,"Info","Arena",1,"Exit_Zone",2
539.033,"Info","Arena",1,"Enter_Zone",4
539.144,"Info","Arena",5,"Exit_Zone",4
539.144,"Info","Arena",5,"Enter_Zone",2
539.231,"Info","Arena",1,"Exit_Zone",4
539.231,"Info","Arena",1,"Enter_Zone",1
539.483,"Info","Arena",2,"Exit_Zone",2
539.483,"Info","Arena",2,"Enter_Zone",4
539.621,"Info","Arena",1,"Exit_Zone",1
539.621,"Info","Arena",1,"Enter_Zone",3
539.621,"Info","Arena",7,"Exit_Zone",1
539.621,"Info","Arena",7,"Enter_Zone",4
539.657,"Info","Arena",1,"Exit_Zone",3
539.657,"Info","Arena",1,"Enter_Zone",1
540.179,"Info","Arena",7,"Exit_Zone",4
540.179,"Info","Arena",7,"Enter_Zone",3
540.623,"Info","Arena",2,"Exit_Zone",4
540.623,"Info","Arena",2,"Enter_Zone",1
541.134,"Info","Arena",4,"Exit_Zone",2
541.134,"Info","Arena",4,"Enter_Zone",4
541.352,"Info","Arena",6,"Exit_Zone",3
541.352,"Info","Arena",6,"Enter_Zone",4
541.388,"Info","Arena",1,"Exit_Zone",1
541.388,"Info","Arena",1,"Enter_Zone",4
541.592,"Info","Arena",1,"Exit_Zone",4
541.592,"Info","Arena",1,"Enter_Zone",2
541.992,"Info","Arena",4,"Exit_Zone",4
541.992,"Info","Arena",4,"Enter_Zone",3
542.198,"Info","Arena",6,"Exit_Zone",4
542.198,"Info","Arena",6,"Enter_Zone",1
542.278,"Info","Arena",6,"Exit_Zone",1
542.278,"Info","Arena",6,"Enter_Zone",4
542.312,"Info","Arena",6,"Exit_Zone",4
542.312,"Info","Arena",6,"Enter_Zone",1
542.594,"Info","Arena",7,"Exit_Zone",3
542.594,"Info","Arena",7,"Enter_Zone",4
543.063,"Info","Arena",7,"Exit_Zone",4
543.063,"Info","Arena",7,"Enter_Zone",2
543.096,"Info","Arena",2,"Exit_Zone",1
543.096,"Info","Arena",2,"Enter_Zone",4
543.573,"Info","Arena",2,"Exit_Zone",4
543.573,"Info","Arena",2,"Enter_Zone",3
543.608,"Info","Arena",5,"Exit_Zone",2
543.608,"Info","Arena",5,"Enter_Zone",4
543.608,"Info","Arena",8,"Exit_Zone",3
543.608,"Info","Arena",8,"Enter_Zone",4
544.007,"Info","Arena",5,"Exit_Zone",4
544.007,"Info","Arena",5,"Enter_Zone",1
544.367,"Info","Arena",8,"Exit_Zone",4
544.367,"Info","Arena",8,"Enter_Zone",2
544.823,"Info","Arena",1,"Exit_Zone",2
544.823,"Info","Arena",1,"Enter_Zone",4
544.857,"Info","Arena",4,"Exit_Zone",3
544.857,"Info","Arena",4,"Enter_Zone",4
544.923,"Info","Arena",1,"Exit_Zone",4
544.923,"Info","Arena",1,"Enter_Zone",1
545.249,"Info","Arena",1,"Exit_Zone",1
545.249,"Info","Arena",1,"Enter_Zone",3
545.282,"Info","Arena",1,"Exit_Zone",3
545.282,"Info","Arena",1,"Enter_Zone",1
545.489,"Info","Arena",4,"Exit_Zone",4
545.489,"Info","Arena",4,"Enter_Zone",1
545.753,"Info","Arena",1,"Exit_Zone",1
545.753,"Info","Arena",1,"Enter_Zone",3
545.819,"Info","Arena",1,"Exit_Zone",3
545.819,"Info","Arena",1,"Enter_Zone",1
546.299,"Info","Arena",7,"Exit_Zone",2
546.299,"Info","Arena",7,"Enter_Zone",4
546.715,"Info","Arena",7,"Exit_Zone",4
546.715,"Info","Arena",7,"Enter_Zone",1
547.823,"Info","Arena",6,"Exit_Zone",1
547.823,"Info","Arena",6,"Enter_Zone",4
547.900,"Info","Arena",1,"Exit_Zone",1
547.900,"Info","Arena",1,"Enter_Zone",4
547.977,"Info","Arena",2,"Exit_Zone",3
547.977,"Info","Arena",2,"Enter_Zone",4
547.977,"Info","Arena",5,"Exit_Zone",1
547.977,"Info","Arena",5,"Enter_Zone",4
548.016,"Info","Arena",1,"Exit_Zone",4
548.016,"Info","Arena",1,"Enter_Zone",2
548.130,"Info","Arena",2,"Exit_Zone",4
548.130,"Info","Arena",2,"Enter_Zone",2
548.248,"Info","Arena",3,"Exit_Zone",1
548.248,"Info","Arena",3,"Enter_Zone",4
548.483,"Info","Arena",4,"Exit_Zone",1
548.483,"Info","Arena",4,"Enter_Zone",4
548.523,"Info","Arena",3,"Exit_Zone",4
548.523,"Info","Arena",3,"Enter_Zone",3
548.597,"Info","Arena",6,"Exit_Zone",4
548.597,"Info","Arena",6,"Enter_Zone",3
548.637,"Info","Arena",5,"Exit_Zone",4
548.637,"Info","Arena",5,"Enter_Zone",3
548.945,"Info","Arena",4,"Exit_Zone",4
548.945,"Info","Arena",4,"Enter_Zone",2
549.217,"Info","Arena",7,"Exit_Zone",1
549.217,"Info","Arena",7,"Enter_Zone",4
549.392,"Info","Arena",7,"Exit_Zone",4
549.392,"Info","Arena",7,"Enter_Zone",2
550.991,"Info","Arena",1,"Exit_Zone",2
550.991,"Info","Arena",1,"Enter_Zone",4
551.190,"Info","Arena",1,"Exit_Zone",4
551.190,"Info","Arena",1,"Enter_Zone",1
551.300,"Info","Arena",7,"Exit_Zone",2
551.300,"Info","Arena",7,"Enter_Zone",4
551.468,"Info","Arena",7,"Exit_Zone",4
551.468,"Info","Arena",7,"Enter_Zone",1
552.007,"Info","Arena",1,"Exit_Zone",1
552.007,"Info","Arena",1,"Enter_Zone",3
552.042,"Info","Arena",1,"Exit_Zone",3
552.042,"Info","Arena",1,"Enter_Zone",1
552.074,"Info","Arena",1,"Exit_Zone",1
552.074,"Info","Arena",1,"Enter_Zone",3
552.224,"Info","Arena",1,"Exit_Zone",3
552.224,"Info","Arena",1,"Enter_Zone",1
552.611,"Info","Arena",8,"Exit_Zone",2
552.611,"Info","Arena",8,"Enter_Zone",4
552.683,"Info","Arena",1,"Exit_Zone",1
552.683,"Info","Arena",1,"Enter_Zone",4
552.858,"Info","Arena",1,"Exit_Zone",4
552.858,"Info","Arena",1,"Enter_Zone",2
553.332,"Info","Arena",5,"Exit_Zone",3
553.332,"Info","Arena",5,"Enter_Zone",4
553.367,"Info","Arena",2,"Exit_Zone",2
553.367,"Info","Arena",2,"Enter_Zone",4
553.512,"Info","Arena",8,"Exit_Zone",4
553.512,"Info","Arena",8,"Enter_Zone",1
553.623,"Info","Arena",6,"Exit_Zone",3
553.623,"Info","Arena",6,"Enter_Zone",4
553.837,"Info","Arena",5,"Exit_Zone",4
553.837,"Info","Arena",5,"Enter_Zone",2
553.837,"Info","Arena",7,"Exit_Zone",1
553.837,"Info","Arena",7,"Enter_Zone",4
553.911,"Info","Arena",7,"Exit_Zone",4
553.911,"Info","Arena",7,"Enter_Zone",2
553.982,"Info","Arena",2,"Exit_Zone",4
553.982,"Info","Arena",2,"Enter_Zone",1
554.383,"Info","Arena",6,"Exit_Zone",4
554.383,"Info","Arena",6,"Enter_Zone",1
554.625,"Info","Arena",4,"Exit_Zone",2
554.625,"Info","Arena",4,"Enter_Zone",4
555.024,"Info","Arena",4,"Exit_Zone",4
555.024,"Info","Arena",4,"Enter_Zone",3
555.193,"Info","Arena",1,"Exit_Zone",2
555.193,"Info","Arena",1,"Enter_Zone",4
555.368,"Info","Arena",1,"Exit_Zone",4
555.368,"Info","Arena",1,"Enter_Zone",1
555.830,"Info","Arena",7,"Exit_Zone",2
555.830,"Info","Arena",7,"Enter_Zone",4
556.028,"Info","Arena",1,"Exit_Zone",1
556.028,"Info","Arena",1,"Enter_Zone",3
556.028,"Info","Arena",7,"Exit_Zone",4
556.028,"Info","Arena",7,"Enter_Zone",1
556.059,"Info","Arena",1,"Exit_Zone",3
556.059,"Info","Arena",1,"Enter_Zone",1
556.321,"Info","Arena",3,"Exit_Zone",3
556.321,"Info","Arena",3,"Enter_Zone",4
556.706,"Info","Arena",1,"Exit_Zone",1
556.706,"Info","Arena",1,"Enter_Zone",3
556.736,"Info","Arena",1,"Exit_Zone",3
556.736,"Info","Arena",1,"Enter_Zone",1
557.326,"Info","Arena",3,"Exit_Zone",4
557.326,"Info","Arena",3,"Enter_Zone",1
557.393,"Info","Arena",2,"Exit_Zone",1
557.393,"Info","Arena",2,"Enter_Zone",4
557.736,"Info","Arena",8,"Exit_Zone",1
557.736,"Info","Arena",8,"Enter_Zone",4
558.013,"Info","Arena",2,"Exit_Zone",4
558.013,"Info","Arena",2,"Enter_Zone",3
558.311,"Info","Arena",4,"Exit_Zone",3
558.311,"Info","Arena",4,"Enter_Zone",4
558.786,"Info","Arena",4,"Exit_Zone",4
558.786,"Info","Arena",4,"Enter_Zone",1
558.821,"Info","Arena",8,"Exit_Zone",4
558.821,"Info","Arena",8,"Enter_Zone",2
558.991,"Info","Arena",1,"Exit_Zone",1
558.991,"Info","Arena",1,"Enter_Zone",3
559.025,"Info","Arena",5,"Exit_Zone",2
559.025,"Info","Arena",5,"Enter_Zone",4
559.096,"Info","Arena",1,"Exit_Zone",3
559.096,"Info","Arena",1,"Enter_Zone",1
559.607,"Info","Arena",1,"Exit_Zone",1
559.607,"Info","Arena",1,"Enter_Zone",3
559.646,"Info","Arena",6,"Exit_Zone",1
559.646,"Info","Arena",6,"Enter_Zone",4
559.646,"Info","Arena",7,"Exit_Zone",1
559.646,"Info","Arena",7,"Enter_Zone",4
559.795,"Info","Arena",5,"Exit_Zone",4
559.795,"Info","Arena",5,"Enter_Zone",3
559.795,"Info","Arena",7,"Exit_Zone",4
559.795,"Info","Arena",7,"Enter_Zone",2
559.946,"Info","Arena",1,"Exit_Zone",3
559.946,"Info","Arena",1,"Enter_Zone",1
560.165,"Info","Arena",8,"Exit_Zone",2
560.165,"Info","Arena",8,"Enter_Zone",4
560.245,"Info","Arena",6,"Exit_Zone",4
560.245,"Info","Arena",6,"Enter_Zone",3
561.395,"Info","Arena",1,"Exit_Zone",1
561.395,"Info","Arena",1,"Enter_Zone",3
561.432,"Info","Arena",1,"Exit_Zone",3
561.432,"Info","Arena",1,"Enter_Zone",1
561.467,"Info","Arena",3,"Exit_Zone",1
561.467,"Info","Arena",3,"Enter_Zone",4
561.467,"Info","Arena",8,"Exit_Zone",4
561.467,"Info","Arena",8,"Enter_Zone",2
562.020,"Info","Arena",3,"Exit_Zone",4
562.020,"Info","Arena",3,"Enter_Zone",3
562.020,"Info","Arena",8,"Exit_Zone",2
562.020,"Info","Arena",8,"Enter_Zone",4
562.357,"Info","Arena",2,"Exit_Zone",3
562.357,"Info","Arena",2,"Enter_Zone",4
562.357,"Info","Arena",4,"Exit_Zone",1
562.357,"Info","Arena",4,"Enter_Zone",4
562.576,"Info","Arena",2,"Exit_Zone",4
562.576,"Info","Arena",2,"Enter_Zone",2
562.647,"Info","Arena",8,"Exit_Zone",4
562.647,"Info","Arena",8,"Enter_Zone",3
562.866,"Info","Arena",1,"Exit_Zone",1
562.866,"Info","Arena",1,"Enter_Zone",3
562.947,"Info","Arena",1,"Exit_Zone",3
562.947,"Info","Arena",1,"Enter_Zone",1
563.062,"Info","Arena",4,"Exit_Zone",4
563.062,"Info","Arena",4,"Enter_Zone",2
563.348,"Info","Arena",5,"Exit_Zone",3
563.348,"Info","Arena",5,"Enter_Zone",4
564.044,"Info","Arena",5,"Exit_Zone",4
564.044,"Info","Arena",5,"Enter_Zone",2
565.008,"Info","Arena",1,"Exit_Zone",1
565.008,"Info","Arena",1,"Enter_Zone",3
565.073,"Info","Arena",1,"Exit_Zone",3
565.073,"Info","Arena",1,"Enter_Zone",1
565.532,"Info","Arena",6,"Exit_Zone",3
565.532,"Info","Arena",6,"Enter_Zone",4
565.635,"Info","Arena",5,"Exit_Zone",2
565.635,"Info","Arena",5,"Enter_Zone",1
565.704,"Info","Arena",5,"Exit_Zone",1
565.704,"Info","Arena",5,"Enter_Zone",2
565.704,"Info","Arena",8,"Exit_Zone",3
565.704,"Info","Arena",8,"Enter_Zone",4
565.991,"Info","Arena",1,"Exit_Zone",1
565.991,"Info","Arena",1,"Enter_Zone",4
566.105,"Info","Arena",1,"Exit_Zone",4
566.105,"Info","Arena",1,"Enter_Zone",2
566.376,"Info","Arena",5,"Exit_Zone",2
566.376,"Info","Arena",5,"Enter_Zone",4
566.376,"Info","Arena",6,"Exit_Zone",4
566.376,"Info","Arena",6,"Enter_Zone",1
566.719,"Info","Arena",8,"Exit_Zone",4
566.719,"Info","Arena",8,"Enter_Zone",2
566.936,"Info","Arena",5,"Exit_Zone",4
566.936,"Info","Arena",5,"Enter_Zone",2
567.006,"Info","Arena",2,"Exit_Zone",2
567.006,"Info","Arena",2,"Enter_Zone",3
567.147,"Info","Arena",4,"Exit_Zone",2
567.147,"Info","Arena",4,"Enter_Zone",4
567.226,"Info","Arena",2,"Exit_Zone",3
567.226,"Info","Arena",2,"Enter_Zone",2
567.261,"Info","Arena",7,"Exit_Zone",2
567.261,"Info","Arena",7,"Enter_Zone",4
567.335,"Info","Arena",2,"Exit_Zone",2
567.335,"Info","Arena",2,"Enter_Zone",3
567.374,"Info","Arena",2,"Exit_Zone",3
567.374,"Info","Arena",2,"Enter_Zone",2
567.638,"Info","Arena",1,"Exit_Zone",2
567.638,"Info","Arena",1,"Enter_Zone",4
567.638,"Info","Arena",7,"Exit_Zone",4
567.638,"Info","Arena",7,"Enter_Zone",1
567.638,"Info","Arena",8,"Exit_Zone",2
567.638,"Info","Arena",8,"Enter_Zone",4
567.828,"Info","Arena",1,"Exit_Zone",4
567.828,"Info","Arena",1,"Enter_Zone",1
568.180,"Info","Arena",1,"Exit_Zone",1
568.180,"Info","Arena",1,"Enter_Zone",3
568.303,"Info","Arena",1,"Exit_Zone",3
568.303,"Info","Arena",1,"Enter_Zone",1
568.337,"Info","Arena",8,"Exit_Zone",4
568.337,"Info","Arena",8,"Enter_Zone",3
568.484,"Info","Arena",4,"Exit_Zone",4
568.484,"Info","Arena",4,"Enter_Zone",3
568.556,"Info","Arena",1,"Exit_Zone",1
568.556,"Info","Arena",1,"Enter_Zone",3
568.736,"Info","Arena",1,"Exit_Zone",3
568.736,"Info","Arena",1,"Enter_Zone",1
569.031,"Info","Arena",2,"Exit_Zone",2
569.031,"Info","Arena",2,"Enter_Zone",4
569.455,"Info","Arena",5,"Exit_Zone",2
569.455,"Info","Arena",5,"Enter_Zone",4
569.568,"Info","Arena",2,"Exit_Zone",4
569.568,"Info","Arena",2,"Enter_Zone",1
570.055,"Info","Arena",5,"Exit_Zone",4
570.055,"Info","Arena",5,"Enter_Zone",3
570.389,"Info","Arena",3,"Exit_Zone",3
570.389,"Info","Arena",3,"Enter_Zone",4
570.498,"Info","Arena",1,"Exit_Zone",1
570.498,"Info","Arena",1,"Enter_Zone",4
570.498,"Info","Arena",3,"Exit_Zone",4
570.498,"Info","Arena",3,"Enter_Zone",3
570.571,"Info","Arena",7,"Exit_Zone",1
570.571,"Info","Arena",7,"Enter_Zone",4
570.608,"Info","Arena",1,"Exit_Zone",4
570.608,"Info","Arena",1,"Enter_Zone",2
570.608,"Info","Arena",3,"Exit_Zone",3
570.608,"Info","Arena",3,"Enter_Zone",4
570.644,"Info","Arena",3,"Exit_Zone",4
570.644,"Info","Arena",3,"Enter_Zone",3
570.681,"Info","Arena",7,"Exit_Zone",4
570.681,"Info","Arena",7,"Enter_Zone",2
570.754,"Info","Arena",3,"Exit_Zone",3
570.754,"Info","Arena",3,"Enter_Zone",4
570.792,"Info","Arena",6,"Exit_Zone",1
570.792,"Info","Arena",6,"Enter_Zone",4
571.082,"Info","Arena",3,"Exit_Zone",4
571.082,"Info","Arena",3,"Enter_Zone",3
571.479,"Info","Arena",6,"Exit_Zone",4
571.479,"Info","Arena",6,"Enter_Zone",3
571.865,"Info","Arena",4,"Exit_Zone",3
571.865,"Info","Arena",4,"Enter_Zone",4
572.004,"Info","Arena",8,"Exit_Zone",3
572.004,"Info","Arena",8,"Enter_Zone",4
572.319,"Info","Arena",4,"Exit_Zone",4
572.319,"Info","Arena",4,"Enter_Zone",1
572.991,"Info","Arena",8,"Exit_Zone",4
572.991,"Info","Arena",8,"Enter_Zone",1
573.787,"Info","Arena",5,"Exit_Zone",3
573.787,"Info","Arena",5,"Enter_Zone",4
574.113,"Info","Arena",3,"Exit_Zone",3
574.113,"Info","Arena",3,"Enter_Zone",4
574.263,"Info","Arena",2,"Exit_Zone",1
574.263,"Info","Arena",2,"Enter_Zone",4
574.445,"Info","Arena",5,"Exit_Zone",4
574.445,"Info","Arena",5,"Enter_Zone",1
574.942,"Info","Arena",2,"Exit_Zone",4
574.942,"Info","Arena",2,"Enter_Zone",3
575.561,"Info","Arena",6,"Exit_Zone",3
575.561,"Info","Arena",6,"Enter_Zone",4
575.890,"Info","Arena",3,"Exit_Zone",4
575.890,"Info","Arena",3,"Enter_Zone",1
576.190,"Info","Arena",1,"Exit_Zone",2
576.190,"Info","Arena",1,"Enter_Zone",4
576.239,"Info","Arena",6,"Exit_Zone",4
576.239,"Info","Arena",6,"Enter_Zone",1
576.319,"Info","Arena",1,"Exit_Zone",4
576.319,"Info","Arena",1,"Enter_Zone",2
576.319,"Info","Arena",4,"Exit_Zone",1
576.319,"Info","Arena",4,"Enter_Zone",4
577.148,"Info","Arena",8,"Exit_Zone",1
577.148,"Info","Arena",8,"Enter_Zone",4
578.188,"Info","Arena",4,"Exit_Zone",4
578.188,"Info","Arena",4,"Enter_Zone",2
578.272,"Info","Arena",2,"Exit_Zone",3
578.272,"Info","Arena",2,"Enter_Zone",4
578.569,"Info","Arena",2,"Exit_Zone",4
578.569,"Info","Arena",2,"Enter_Zone",2
578.569,"Info","Arena",8,"Exit_Zone",4
578.569,"Info","Arena",8,"Enter_Zone",3
579.060,"Info","Arena",1,"Exit_Zone",2
579.060,"Info","Arena",1,"Enter_Zone",4
579.336,"Info","Arena",1,"Exit_Zone",4
579.336,"Info","Arena",1,"Enter_Zone",1
579.336,"Info","Arena",7,"Exit_Zone",2
579.336,"Info","Arena",7,"Enter_Zone",4
579.450,"Info","Arena",7,"Exit_Zone",4
579.450,"Info","Arena",7,"Enter_Zone",3
579.526,"Info","Arena",6,"Exit_Zone",1
579.526,"Info","Arena",6,"Enter_Zone",4
579.895,"Info","Arena",1,"Exit_Zone",1
579.895,"Info","Arena",1,"Enter_Zone",3
579.972,"Info","Arena",1,"Exit_Zone",3
579.972,"Info","Arena",1,"Enter_Zone",1
580.006,"Info","Arena",2,"Exit_Zone",2
580.006,"Info","Arena",2,"Enter_Zone",3
580.077,"Info","Arena",6,"Exit_Zone",4
580.077,"Info","Arena",6,"Enter_Zone",3
580.115,"Info","Arena",5,"Exit_Zone",1
580.115,"Info","Arena",5,"Enter_Zone",4
580.115,"Info","Arena",6,"Exit_Zone",3
580.115,"Info","Arena",6,"Enter_Zone",4
580.147,"Info","Arena",6,"Exit_Zone",4
580.147,"Info","Arena",6,"Enter_Zone",3
580.231,"Info","Arena",1,"Exit_Zone",1
580.231,"Info","Arena",1,"Enter_Zone",3
580.303,"Info","Arena",2,"Exit_Zone",3
580.303,"Info","Arena",2,"Enter_Zone",2
580.407,"Info","Arena",1,"Exit_Zone",3
580.407,"Info","Arena",1,"Enter_Zone",1
580.810,"Info","Arena",1,"Exit_Zone",1
580.810,"Info","Arena",1,"Enter_Zone",3
580.810,"Info","Arena",5,"Exit_Zone",4
580.810,"Info","Arena",5,"Enter_Zone",3
581.022,"Info","Arena",1,"Exit_Zone",3
581.022,"Info","Arena",1,"Enter_Zone",1
581.056,"Info","Arena",1,"Exit_Zone",1
581.056,"Info","Arena",1,"Enter_Zone",3
581.091,"Info","Arena",1,"Exit_Zone",3
581.091,"Info","Arena",1,"Enter_Zone",1
581.455,"Info","Arena",1,"Exit_Zone",1
581.455,"Info","Arena",1,"Enter_Zone",4
581.605,"Info","Arena",1,"Exit_Zone",4
581.605,"Info","Arena",1,"Enter_Zone",2
582.244,"Info","Arena",4,"Exit_Zone",2
582.244,"Info","Arena",4,"Enter_Zone",4
582.767,"Info","Arena",8,"Exit_Zone",3
582.767,"Info","Arena",8,"Enter_Zone",4
583.049,"Info","Arena",4,"Exit_Zone",4
583.049,"Info","Arena",4,"Enter_Zone",3
583.757,"Info","Arena",5,"Exit_Zone",3
583.757,"Info","Arena",5,"Enter_Zone",4
583.838,"Info","Arena",5,"Exit_Zone",4
583.838,"Info","Arena",5,"Enter_Zone",1
583.879,"Info","Arena",2,"Exit_Zone",2
583.879,"Info","Arena",2,"Enter_Zone",4
583.879,"Info","Arena",8,"Exit_Zone",4
583.879,"Info","Arena",8,"Enter_Zone",1
584.436,"Info","Arena",2,"Exit_Zone",4
584.436,"Info","Arena",2,"Enter_Zone",1
584.721,"Info","Arena",3,"Exit_Zone",1
584.721,"Info","Arena",3,"Enter_Zone",4
584.821,"Info","Arena",6,"Exit_Zone",3
584.821,"Info","Arena",6,"Enter_Zone",4
585.218,"Info","Arena",3,"Exit_Zone",4
585.218,"Info","Arena",3,"Enter_Zone",3
585.467,"Info","Arena",6,"Exit_Zone",4
585.467,"Info","Arena",6,"Enter_Zone",1
586.239,"Info","Arena",4,"Exit_Zone",3
586.239,"Info","Arena",4,"Enter_Zone",4
586.422,"Info","Arena",5,"Exit_Zone",1
586.422,"Info","Arena",5,"Enter_Zone",4
586.557,"Info","Arena",7,"Exit_Zone",3
586.557,"Info","Arena",7,"Enter_Zone",4
586.628,"Info","Arena",7,"Exit_Zone",4
586.628,"Info","Arena",7,"Enter_Zone",2
586.744,"Info","Arena",8,"Exit_Zone",1
586.744,"Info","Arena",8,"Enter_Zone",4
586.781,"Info","Arena",5,"Exit_Zone",4
586.781,"Info","Arena",5,"Enter_Zone",3
586.818,"Info","Arena",4,"Exit_Zone",4
586.818,"Info","Arena",4,"Enter_Zone",1
587.464,"Info","Arena",8,"Exit_Zone",4
587.464,"Info","Arena",8,"Enter_Zone",3
588.317,"Info","Arena",1,"Exit_Zone",2
588.317,"Info","Arena",1,"Enter_Zone",4
588.539,"Info","Arena",5,"Exit_Zone",3
588.539,"Info","Arena",5,"Enter_Zone",4
588.626,"Info","Arena",1,"Exit_Zone",4
588.626,"Info","Arena",1,"Enter_Zone",3
589.147,"Info","Arena",5,"Exit_Zone",4
589.147,"Info","Arena",5,"Enter_Zone",2
589.569,"Info","Arena",6,"Exit_Zone",1
589.569,"Info","Arena",6,"Enter_Zone",4
590.190,"Info","Arena",7,"Exit_Zone",2
590.190,"Info","Arena",7,"Enter_Zone",4
590.236,"Info","Arena",8,"Exit_Zone",3
590.236,"Info","Arena",8,"Enter_Zone",4
590.342,"Info","Arena",7,"Exit_Zone",4
590.342,"Info","Arena",7,"Enter_Zone",3
590.483,"Info","Arena",6,"Exit_Zone",4
590.483,"Info","Arena",6,"Enter_Zone",3
590.733,"Info","Arena",4,"Exit_Zone",1
590.733,"Info","Arena",4,"Enter_Zone",4
591.168,"Info","Arena",4,"Exit_Zone",4
591.168,"Info","Arena",4,"Enter_Zone",3
591.168,"Info","Arena",8,"Exit_Zone",4
591.168,"Info","Arena",8,"Enter_Zone",1
591.473,"Info","Arena",2,"Exit_Zone",1
591.473,"Info","Arena",2,"Enter_Zone",4
592.055,"Info","Arena",2,"Exit_Zone",4
592.055,"Info","Arena",2,"Enter_Zone",3
592.635,"Info","Arena",5,"Exit_Zone",2
592.635,"Info","Arena",5,"Enter_Zone",4
593.289,"Info","Arena",5,"Exit_Zone",4
593.289,"Info","Arena",5,"Enter_Zone",3
593.467,"Info","Arena",8,"Exit_Zone",1
593.467,"Info","Arena",8,"Enter_Zone",4
593.790,"Info","Arena",3,"Exit_Zone",3
593.790,"Info","Arena",3,"Enter_Zone",4
594.132,"Info","Arena",3,"Exit_Zone",4
594.132,"Info","Arena",3,"Enter_Zone",3
594.173,"Info","Arena",2,"Exit_Zone",3
594.173,"Info","Arena",2,"Enter_Zone",4
594.221,"Info","Arena",8,"Exit_Zone",4
594.221,"Info","Arena",8,"Enter_Zone",3
594.300,"Info","Arena",3,"Exit_Zone",3
594.300,"Info","Arena",3,"Enter_Zone",4
594.384,"Info","Arena",3,"Exit_Zone",4
594.384,"Info","Arena",3,"Enter_Zone",3
594.498,"Info","Arena",2,"Exit_Zone",4
594.498,"Info","Arena",2,"Enter_Zone",2
594.757,"Info","Arena",6,"Exit_Zone",3
594.757,"Info","Arena",6,"Enter_Zone",4
594.794,"Info","Arena",3,"Exit_Zone",3
594.794,"Info","Arena",3,"Enter_Zone",4
594.905,"Info","Arena",3,"Exit_Zone",4
594.905,"Info","Arena",3,"Enter_Zone",1
595.360,"Info","Arena",4,"Exit_Zone",3
595.360,"Info","Arena",4,"Enter_Zone",4
595.432,"Info","Arena",6,"Exit_Zone",4
595.432,"Info","Arena",6,"Enter_Zone",1
595.858,"Info","Arena",4,"Exit_Zone",4
595.858,"Info","Arena",4,"Enter_Zone",1
595.963,"Info","Arena",1,"Exit_Zone",3
595.963,"Info","Arena",1,"Enter_Zone",4
595.963,"Info","Arena",5,"Exit_Zone",3
595.963,"Info","Arena",5,"Enter_Zone",4
596.250,"Info","Arena",5,"Exit_Zone",4
596.250,"Info","Arena",5,"Enter_Zone",1
596.317,"Info","Arena",1,"Exit_Zone",4
596.317,"Info","Arena",1,"Enter_Zone",3
597.780,"Info","Arena",6,"Exit_Zone",1
597.780,"Info","Arena",6,"Enter_Zone",4
598.444,"Info","Arena",4,"Exit_Zone",1
598.444,"Info","Arena",4,"Enter_Zone",4
598.444,"Info","Arena",7,"Exit_Zone",3
598.444,"Info","Arena",7,"Enter_Zone",4
598.488,"Info","Arena",8,"Exit_Zone",3
598.488,"Info","Arena",8,"Enter_Zone",4
598.882,"Info","Arena",4,"Exit_Zone",4
598.882,"Info","Arena",4,"Enter_Zone",2
598.882,"Info","Arena",7,"Exit_Zone",4
598.882,"Info","Arena",7,"Enter_Zone",2
599.046,"Info","Arena",1,"Exit_Zone",3
599.046,"Info","Arena",1,"Enter_Zone",4
599.086,"Info","Arena",1,"Exit_Zone",4
599.086,"Info","Arena",1,"Enter_Zone",2
599.126,"Info","Arena",6,"Exit_Zone",4
599.126,"Info","Arena",6,"Enter_Zone",3
599.166,"Info","Arena",2,"Exit_Zone",2
599.166,"Info","Arena",2,"Enter_Zone",4
599.260,"Info","Arena",8,"Exit_Zone",4
599.260,"Info","Arena",8,"Enter_Zone",2
599.658,"Info","Arena",2,"Exit_Zone",4
599.658,"Info","Arena",2,"Enter_Zone",1
600.430,"Info","Arena",5,"Exit_Zone",1
600.430,"Info","Arena",5,"Enter_Zone",4
600.888,"Info","Arena",3,"Exit_Zone",1
600.888,"Info","Arena",3,"Enter_Zone",4
600.958,"Info","Arena",5,"Exit_Zone",4
600.958,"Info","Arena",5,"Enter_Zone",3
601.163,"Info","Arena",2,"Exit_Zone",1
601.163,"Info","Arena",2,"Enter_Zone",4
601.622,"Info","Arena",1,"Exit_Zone",2
601.622,"Info","Arena",1,"Enter_Zone",3
601.690,"Info","Arena",1,"Exit_Zone",3
601.690,"Info","Arena",1,"Enter_Zone",2
601.726,"Info","Arena",2,"Exit_Zone",4
601.726,"Info","Arena",2,"Enter_Zone",3
602.307,"Info","Arena",3,"Exit_Zone",4
602.307,"Info","Arena",3,"Enter_Zone",1
602.804,"Info","Arena",3,"Exit_Zone",1
602.804,"Info","Arena",3,"Enter_Zone",4
602.957,"Info","Arena",1,"Exit_Zone",2
602.957,"Info","Arena",1,"Enter_Zone",3
603.035,"Info","Arena",1,"Exit_Zone",3
603.035,"Info","Arena",1,"Enter_Zone",2
603.336,"Info","Arena",4,"Exit_Zone",2
603.336,"Info","Arena",4,"Enter_Zone",4
603.371,"Info","Arena",3,"Exit_Zone",4
603.371,"Info","Arena",3,"Enter_Zone",3
603.371,"Info","Arena",8,"Exit_Zone",2
603.371,"Info","Arena",8,"Enter_Zone",4
603.557,"Info","Arena",6,"Exit_Zone",3
603.557,"Info","Arena",6,"Enter_Zone",4
603.811,"Info","Arena",8,"Exit_Zone",4
603.811,"Info","Arena",8,"Enter_Zone",1
603.917,"Info","Arena",4,"Exit_Zone",4
603.917,"Info","Arena",4,"Enter_Zone",3
604.305,"Info","Arena",6,"Exit_Zone",4
604.305,"Info","Arena",6,"Enter_Zone",1
604.536,"Info","Arena",1,"Exit_Zone",2
604.536,"Info","Arena",1,"Enter_Zone",4
604.536,"Info","Arena",5,"Exit_Zone",3
604.536,"Info","Arena",5,"Enter_Zone",4
604.681,"Info","Arena",1,"Exit_Zone",4
604.681,"Info","Arena",1,"Enter_Zone",3
605.012,"Info","Arena",5,"Exit_Zone",4
605.012,"Info","Arena",5,"Enter_Zone",2
606.301,"Info","Arena",3,"Exit_Zone",3
606.301,"Info","Arena",3,"Enter_Zone",4
607.054,"Info","Arena",3,"Exit_Zone",4
607.054,"Info","Arena",3,"Enter_Zone",1
607.248,"Info","Arena",2,"Exit_Zone",3
607.248,"Info","Arena",2,"Enter_Zone",4
607.323,"Info","Arena",1,"Exit_Zone",3
607.323,"Info","Arena",1,"Enter_Zone",4
607.434,"Info","Arena",1,"Exit_Zone",4
607.434,"Info","Arena",1,"Enter_Zone",2
607.476,"Info","Arena",2,"Exit_Zone",4
607.476,"Info","Arena",2,"Enter_Zone",2
607.897,"Info","Arena",8,"Exit_Zone",1
607.897,"Info","Arena",8,"Enter_Zone",4
607.934,"Info","Arena",6,"Exit_Zone",1
607.934,"Info","Arena",6,"Enter_Zone",4
608.317,"Info","Arena",8,"Exit_Zone",4
608.317,"Info","Arena",8,"Enter_Zone",2
608.769,"Info","Arena",4,"Exit_Zone",3
608.769,"Info","Arena",4,"Enter_Zone",4
608.769,"Info","Arena",6,"Exit_Zone",4
608.769,"Info","Arena",6,"Enter_Zone",2
608.918,"Info","Arena",2,"Exit_Zone",2
608.918,"Info","Arena",2,"Enter_Zone",3
609.237,"Info","Arena",2,"Exit_Zone",3
609.237,"Info","Arena",2,"Enter_Zone",2
609.413,"Info","Arena",4,"Exit_Zone",4
609.413,"Info","Arena",4,"Enter_Zone",1
610.501,"Info","Arena",1,"Exit_Zone",2
610.501,"Info","Arena",1,"Enter_Zone",3
610.573,"Info","Arena",1,"Exit_Zone",3
610.573,"Info","Arena",1,"Enter_Zone",2
610.879,"Info","Arena",2,"Exit_Zone",2
610.879,"Info","Arena",2,"Enter_Zone",4
611.485,"Info","Arena",2,"Exit_Zone",4
611.485,"Info","Arena",2,"Enter_Zone",3
612.547,"Info","Arena",6,"Exit_Zone",2
612.547,"Info","Arena",6,"Enter_Zone",4
612.578,"Info","Arena",4,"Exit_Zone",1
612.578,"Info","Arena",4,"Enter_Zone",4
613.012,"Info","Arena",4,"Exit_Zone",4
613.012,"Info","Arena",4,"Enter_Zone",2
613.291,"Info","Arena",6,"Exit_Zone",4
613.291,"Info","Arena",6,"Enter_Zone",3
613.359,"Info","Arena",3,"Exit_Zone",1
613.359,"Info","Arena",3,"Enter_Zone",4
613.828,"Info","Arena",3,"Exit_Zone",4
613.828,"Info","Arena",3,"Enter_Zone",3
613.962,"Info","Arena",5,"Exit_Zone",2
613.962,"Info","Arena",5,"Enter_Zone",1
614.170,"Info","Arena",5,"Exit_Zone",1
614.170,"Info","Arena",5,"Enter_Zone",2
614.406,"Info","Arena",1,"Exit_Zone",2
614.406,"Info","Arena",1,"Enter_Zone",3
614.439,"Info","Arena",1,"Exit_Zone",3
614.439,"Info","Arena",1,"Enter_Zone",2
615.560,"Info","Arena",1,"Exit_Zone",2
615.560,"Info","Arena",1,"Enter_Zone",4
615.811,"Info","Arena",1,"Exit_Zone",4
615.811,"Info","Arena",1,"Enter_Zone",3
615.848,"Info","Arena",7,"Exit_Zone",2
615.848,"Info","Arena",7,"Enter_Zone",4
615.882,"Info","Arena",2,"Exit_Zone",3
615.882,"Info","Arena",2,"Enter_Zone",4
615.920,"Info","Arena",1,"Exit_Zone",3
615.920,"Info","Arena",1,"Enter_Zone",4
615.953,"Info","Arena",2,"Exit_Zone",4
615.953,"Info","Arena",2,"Enter_Zone",2
616.025,"Info","Arena",7,"Exit_Zone",4
616.025,"Info","Arena",7,"Enter_Zone",1
616.385,"Info","Arena",1,"Exit_Zone",4
616.385,"Info","Arena",1,"Enter_Zone",2
616.385,"Info","Arena",4,"Exit_Zone",2
616.385,"Info","Arena",4,"Enter_Zone",4
616.545,"Info","Arena",1,"Exit_Zone",2
616.545,"Info","Arena",1,"Enter_Zone",4
616.859,"Info","Arena",6,"Exit_Zone",3
616.859,"Info","Arena",6,"Enter_Zone",4
617.052,"Info","Arena",1,"Exit_Zone",4
617.052,"Info","Arena",1,"Enter_Zone",2
617.052,"Info","Arena",4,"Exit_Zone",4
617.052,"Info","Arena",4,"Enter_Zone",3
617.203,"Info","Arena",1,"Exit_Zone",2
617.203,"Info","Arena",1,"Enter_Zone",4
617.329,"Info","Arena",5,"Exit_Zone",2
617.329,"Info","Arena",5,"Enter_Zone",4
617.405,"Info","Arena",5,"Exit_Zone",4
617.405,"Info","Arena",5,"Enter_Zone",1
617.519,"Info","Arena",1,"Exit_Zone",4
617.519,"Info","Arena",1,"Enter_Zone",3
617.519,"Info","Arena",6,"Exit_Zone",4
617.519,"Info","Arena",6,"Enter_Zone",1
618.763,"Info","Arena",2,"Exit_Zone",2
618.763,"Info","Arena",2,"Enter_Zone",4
618.798,"Info","Arena",8,"Exit_Zone",2
618.798,"Info","Arena",8,"Enter_Zone",1
619.440,"Info","Arena",3,"Exit_Zone",3
619.440,"Info","Arena",3,"Enter_Zone",4
619.651,"Info","Arena",4,"Exit_Zone",3
619.651,"Info","Arena",4,"Enter_Zone",4
619.722,"Info","Arena",2,"Exit_Zone",4
619.722,"Info","Arena",2,"Enter_Zone",1
619.935,"Info","Arena",3,"Exit_Zone",4
619.935,"Info","Arena",3,"Enter_Zone",1
620.081,"Info","Arena",4,"Exit_Zone",4
620.081,"Info","Arena",4,"Enter_Zone",1
621.054,"Info","Arena",7,"Exit_Zone",1
621.054,"Info","Arena",7,"Enter_Zone",4
621.164,"Info","Arena",7,"Exit_Zone",4
621.164,"Info","Arena",7,"Enter_Zone",2
622.137,"Info","Arena",5,"Exit_Zone",1
622.137,"Info","Arena",5,"Enter_Zone",4
622.401,"Info","Arena",8,"Exit_Zone",1
622.401,"Info","Arena",8,"Enter_Zone",4
622.513,"Info","Arena",5,"Exit_Zone",4
622.513,"Info","Arena",5,"Enter_Zone",2
622.619,"Info","Arena",6,"Exit_Zone",1
622.619,"Info","Arena",6,"Enter_Zone",4
622.768,"Info","Arena",8,"Exit_Zone",4
622.768,"Info","Arena",8,"Enter_Zone",2
622.806,"Info","Arena",4,"Exit_Zone",1
622.806,"Info","Arena",4,"Enter_Zone",4
622.918,"Info","Arena",7,"Exit_Zone",2
622.918,"Info","Arena",7,"Enter_Zone",4
623.114,"Info","Arena",4,"Exit_Zone",4
623.114,"Info","Arena",4,"Enter_Zone",2
623.189,"Info","Arena",6,"Exit_Zone",4
623.189,"Info","Arena",6,"Enter_Zone",2
623.189,"Info","Arena",7,"Exit_Zone",4
623.189,"Info","Arena",7,"Enter_Zone",1
623.778,"Info","Arena",2,"Exit_Zone",1
623.778,"Info","Arena",2,"Enter_Zone",4
624.276,"Info","Arena",2,"Exit_Zone",4
624.276,"Info","Arena",2,"Enter_Zone",3
624.735,"Info","Arena",3,"Exit_Zone",1
624.735,"Info","Arena",3,"Enter_Zone",4
624.934,"Info","Arena",3,"Exit_Zone",4
624.934,"Info","Arena",3,"Enter_Zone",3
625.868,"Info","Arena",8,"Exit_Zone",2
625.868,"Info","Arena",8,"Enter_Zone",4
626.280,"Info","Arena",8,"Exit_Zone",4
626.280,"Info","Arena",8,"Enter_Zone",1
626.349,"Info","Arena",4,"Exit_Zone",2
626.349,"Info","Arena",4,"Enter_Zone",4
626.549,"Info","Arena",5,"Exit_Zone",2
626.549,"Info","Arena",5,"Enter_Zone",4
626.756,"Info","Arena",5,"Exit_Zone",4
626.756,"Info","Arena",5,"Enter_Zone",1
626.864,"Info","Arena",1,"Exit_Zone",3
626.864,"Info","Arena",1,"Enter_Zone",4
627.225,"Info","Arena",4,"Exit_Zone",4
627.225,"Info","Arena",4,"Enter_Zone",3
627.326,"Info","Arena",1,"Exit_Zone",4
627.326,"Info","Arena",1,"Enter_Zone",1
628.471,"Info","Arena",2,"Exit_Zone",3
628.471,"Info","Arena",2,"Enter_Zone",4
628.609,"Info","Arena",1,"Exit_Zone",1
628.609,"Info","Arena",1,"Enter_Zone",3
628.644,"Info","Arena",1,"Exit_Zone",3
628.644,"Info","Arena",1,"Enter_Zone",1
628.677,"Info","Arena",2,"Exit_Zone",4
628.677,"Info","Arena",2,"Enter_Zone",2
628.743,"Info","Arena",8,"Exit_Zone",1
628.743,"Info","Arena",8,"Enter_Zone",4
628.782,"Info","Arena",7,"Exit_Zone",1
628.782,"Info","Arena",7,"Enter_Zone",4
628.922,"Info","Arena",1,"Exit_Zone",1
628.922,"Info","Arena",1,"Enter_Zone",3
629.287,"Info","Arena",1,"Exit_Zone",3
629.287,"Info","Arena",1,"Enter_Zone",1
629.326,"Info","Arena",8,"Exit_Zone",4
629.326,"Info","Arena",8,"Enter_Zone",2
629.365,"Info","Arena",7,"Exit_Zone",4
629.365,"Info","Arena",7,"Enter_Zone",1
630.021,"Info","Arena",1,"Exit_Zone",1
630.021,"Info","Arena",1,"Enter_Zone",3
630.091,"Info","Arena",1,"Exit_Zone",3
630.091,"Info","Arena",1,"Enter_Zone",1
630.165,"Info","Arena",3,"Exit_Zone",3
630.165,"Info","Arena",3,"Enter_Zone",4
630.404,"Info","Arena",5,"Exit_Zone",1
630.404,"Info","Arena",5,"Enter_Zone",4
630.596,"Info","Arena",1,"Exit_Zone",1
630.596,"Info","Arena",1,"Enter_Zone",4
630.719,"Info","Arena",4,"Exit_Zone",3
630.719,"Info","Arena",4,"Enter_Zone",4
630.879,"Info","Arena",1,"Exit_Zone",4
630.879,"Info","Arena",1,"Enter_Zone",2
630.879,"Info","Arena",5,"Exit_Zone",4
630.879,"Info","Arena",5,"Enter_Zone",3
630.958,"Info","Arena",3,"Exit_Zone",4
630.958,"Info","Arena",3,"Enter_Zone",1
631.077,"Info","Arena",6,"Exit_Zone",2
631.077,"Info","Arena",6,"Enter_Zone",4
631.615,"Info","Arena",6,"Exit_Zone",4
631.615,"Info","Arena",6,"Enter_Zone",3
631.689,"Info","Arena",7,"Exit_Zone",1
631.689,"Info","Arena",7,"Enter_Zone",4
631.942,"Info","Arena",7,"Exit_Zone",4
631.942,"Info","Arena",7,"Enter_Zone",2
631.978,"Info","Arena",4,"Exit_Zone",4
631.978,"Info","Arena",4,"Enter_Zone",2
632.551,"Info","Arena",3,"Exit_Zone",1
632.551,"Info","Arena",3,"Enter_Zone",4
633.030,"Info","Arena",3,"Exit_Zone",4
633.030,"Info","Arena",3,"Enter_Zone",3
633.409,"Info","Arena",6,"Exit_Zone",3
633.409,"Info","Arena",6,"Enter_Zone",4
634.056,"Info","Arena",7,"Exit_Zone",2
634.056,"Info","Arena",7,"Enter_Zone",4
634.124,"Info","Arena",6,"Exit_Zone",4
634.124,"Info","Arena",6,"Enter_Zone",1
634.392,"Info","Arena",7,"Exit_Zone",4
634.392,"Info","Arena",7,"Enter_Zone",1
636.039,"Info","Arena",5,"Exit_Zone",3
636.039,"Info","Arena",5,"Enter_Zone",4
636.538,"Info","Arena",5,"Exit_Zone",4
636.538,"Info","Arena",5,"Enter_Zone",2
636.737,"Info","Arena",6,"Exit_Zone",1
636.737,"Info","Arena",6,"Enter_Zone",4
637.232,"Info","Arena",6,"Exit_Zone",4
637.232,"Info","Arena",6,"Enter_Zone",3
637.502,"Info","Arena",3,"Exit_Zone",3
637.502,"Info","Arena",3,"Enter_Zone",4
637.654,"Info","Arena",1,"Exit_Zone",2
637.654,"Info","Arena",1,"Enter_Zone",4
637.774,"Info","Arena",1,"Exit_Zone",4
637.774,"Info","Arena",1,"Enter_Zone",1
638.247,"Info","Arena",3,"Exit_Zone",4
638.247,"Info","Arena",3,"Enter_Zone",1
638.247,"Info","Arena",7,"Exit_Zone",1
638.247,"Info","Arena",7,"Enter_Zone",4
638.321,"Info","Arena",8,"Exit_Zone",2
638.321,"Info","Arena",8,"Enter_Zone",4
638.394,"Info","Arena",2,"Exit_Zone",2
638.394,"Info","Arena",2,"Enter_Zone",3
638.469,"Info","Arena",2,"Exit_Zone",3
638.469,"Info","Arena",2,"Enter_Zone",2
638.621,"Info","Arena",7,"Exit_Zone",4
638.621,"Info","Arena",7,"Enter_Zone",1
638.690,"Info","Arena",8,"Exit_Zone",4
638.690,"Info","Arena",8,"Enter_Zone",1
639.016,"Info","Arena",1,"Exit_Zone",1
639.016,"Info","Arena",1,"Enter_Zone",3
639.056,"Info","Arena",1,"Exit_Zone",3
639.056,"Info","Arena",1,"Enter_Zone",1
639.409,"Info","Arena",4,"Exit_Zone",2
639.409,"Info","Arena",4,"Enter_Zone",4
639.778,"Info","Arena",2,"Exit_Zone",2
639.778,"Info","Arena",2,"Enter_Zone",4
640.076,"Info","Arena",1,"Exit_Zone",1
640.076,"Info","Arena",1,"Enter_Zone",3
640.326,"Info","Arena",3,"Exit_Zone",1
640.326,"Info","Arena",3,"Enter_Zone",4
640.374,"Info","Arena",2,"Exit_Zone",4
640.374,"Info","Arena",2,"Enter_Zone",1
640.419,"Info","Arena",3,"Exit_Zone",4
640.419,"Info","Arena",3,"Enter_Zone",3
640.496,"Info","Arena",5,"Exit_Zone",2
640.496,"Info","Arena",5,"Enter_Zone",4
640.582,"Info","Arena",1,"Exit_Zone",3
640.582,"Info","Arena",1,"Enter_Zone",1
641.154,"Info","Arena",5,"Exit_Zone",4
641.154,"Info","Arena",5,"Enter_Zone",1
641.552,"Info","Arena",6,"Exit_Zone",3
641.552,"Info","Arena",6,"Enter_Zone",4
641.708,"Info","Arena",1,"Exit_Zone",1
641.708,"Info","Arena",1,"Enter_Zone",4
641.708,"Info","Arena",3,"Exit_Zone",3
641.708,"Info","Arena",3,"Enter_Zone",2
641.708,"Info","Arena",4,"Exit_Zone",4
641.708,"Info","Arena",4,"Enter_Zone",3
641.751,"Info","Arena",1,"Exit_Zone",4
641.751,"Info","Arena",1,"Enter_Zone",2
642.068,"Info","Arena",3,"Exit_Zone",2
642.068,"Info","Arena",3,"Enter_Zone",4
642.384,"Info","Arena",3,"Exit_Zone",4
642.384,"Info","Arena",3,"Enter_Zone",1
642.522,"Info","Arena",6,"Exit_Zone",4
642.522,"Info","Arena",6,"Enter_Zone",2
644.717,"Info","Arena",4,"Exit_Zone",3
644.717,"Info","Arena",4,"Enter_Zone",4
644.750,"Info","Arena",2,"Exit_Zone",1
644.750,"Info","Arena",2,"Enter_Zone",4
645.032,"Info","Arena",4,"Exit_Zone",4
645.032,"Info","Arena",4,"Enter_Zone",2
645.360,"Info","Arena",2,"Exit_Zone",4
645.360,"Info","Arena",2,"Enter_Zone",3
645.400,"Info","Arena",1,"Exit_Zone",2
645.400,"Info","Arena",1,"Enter_Zone",4
645.400,"Info","Arena",5,"Exit_Zone",1
645.400,"Info","Arena",5,"Enter_Zone",4
645.762,"Info","Arena",1,"Exit_Zone",4
645.762,"Info","Arena",1,"Enter_Zone",3
646.157,"Info","Arena",5,"Exit_Zone",4
646.157,"Info","Arena",5,"Enter_Zone",2
646.761,"Info","Arena",8,"Exit_Zone",1
646.761,"Info","Arena",8,"Enter_Zone",4
646.986,"Info","Arena",6,"Exit_Zone",2
646.986,"Info","Arena",6,"Enter_Zone",4
647.411,"Info","Arena",6,"Exit_Zone",4
647.411,"Info","Arena",6,"Enter_Zone",1
647.448,"Info","Arena",8,"Exit_Zone",4
647.448,"Info","Arena",8,"Enter_Zone",3
647.987,"Info","Arena",4,"Exit_Zone",2
647.987,"Info","Arena",4,"Enter_Zone",4
649.061,"Info","Arena",4,"Exit_Zone",4
649.061,"Info","Arena",4,"Enter_Zone",3
649.912,"Info","Arena",2,"Exit_Zone",3
649.912,"Info","Arena",2,"Enter_Zone",4
649.981,"Info","Arena",2,"Exit_Zone",4
649.981,"Info","Arena",2,"Enter_Zone",2
650.012,"Info","Arena",6,"Exit_Zone",1
650.012,"Info","Arena",6,"Enter_Zone",4
650.525,"Info","Arena",1,"Exit_Zone",3
650.525,"Info","Arena",1,"Enter_Zone",4
650.560,"Info","Arena",1,"Exit_Zone",4
650.560,"Info","Arena",1,"Enter_Zone",2
650.665,"Info","Arena",7,"Exit_Zone",1
650.665,"Info","Arena",7,"Enter_Zone",4
650.771,"Info","Arena",7,"Exit_Zone",4
650.771,"Info","Arena",7,"Enter_Zone",2
650.807,"Info","Arena",1,"Exit_Zone",2
650.807,"Info","Arena",1,"Enter_Zone",4
650.954,"Info","Arena",1,"Exit_Zone",4
650.954,"Info","Arena",1,"Enter_Zone",3
650.993,"Info","Arena",6,"Exit_Zone",4
650.993,"Info","Arena",6,"Enter_Zone",2
651.781,"Info","Arena",4,"Exit_Zone",3
651.781,"Info","Arena",4,"Enter_Zone",4
652.079,"Info","Arena",2,"Exit_Zone",2
652.079,"Info","Arena",2,"Enter_Zone",3
652.108,"Info","Arena",2,"Exit_Zone",3
652.108,"Info","Arena",2,"Enter_Zone",2
652.445,"Info","Arena",7,"Exit_Zone",2
652.445,"Info","Arena",7,"Enter_Zone",4
652.479,"Info","Arena",8,"Exit_Zone",3
652.479,"Info","Arena",8,"Enter_Zone",4
652.607,"Info","Arena",7,"Exit_Zone",4
652.607,"Info","Arena",7,"Enter_Zone",1
652.736,"Info","Arena",4,"Exit_Zone",4
652.736,"Info","Arena",4,"Enter_Zone",2
652.771,"Info","Arena",7,"Exit_Zone",1
652.771,"Info","Arena",7,"Enter_Zone",4
652.835,"Info","Arena",7,"Exit_Zone",4
652.835,"Info","Arena",7,"Enter_Zone",2
653.219,"Info","Arena",2,"Exit_Zone",2
653.219,"Info","Arena",2,"Enter_Zone",4
653.319,"Info","Arena",8,"Exit_Zone",4
653.319,"Info","Arena",8,"Enter_Zone",2
653.935,"Info","Arena",2,"Exit_Zone",4
653.935,"Info","Arena",2,"Enter_Zone",1
653.972,"Info","Arena",1,"Exit_Zone",3
653.972,"Info","Arena",1,"Enter_Zone",4
654.147,"Info","Arena",1,"Exit_Zone",4
654.147,"Info","Arena",1,"Enter_Zone",1
654.432,"Info","Arena",1,"Exit_Zone",1
654.432,"Info","Arena",1,"Enter_Zone",3
654.537,"Info","Arena",1,"Exit_Zone",3
654.537,"Info","Arena",1,"Enter_Zone",1
654.570,"Info","Arena",6,"Exit_Zone",2
654.570,"Info","Arena",6,"Enter_Zone",4
654.784,"Info","Arena",7,"Exit_Zone",2
654.784,"Info","Arena",7,"Enter_Zone",1
654.852,"Info","Arena",7,"Exit_Zone",1
654.852,"Info","Arena",7,"Enter_Zone",2
655.031,"Info","Arena",6,"Exit_Zone",4
655.031,"Info","Arena",6,"Enter_Zone",3
655.102,"Info","Arena",8,"Exit_Zone",2
655.102,"Info","Arena",8,"Enter_Zone",4
655.429,"Info","Arena",5,"Exit_Zone",2
655.429,"Info","Arena",5,"Enter_Zone",4
655.502,"Info","Arena",5,"Exit_Zone",4
655.502,"Info","Arena",5,"Enter_Zone",2
655.542,"Info","Arena",5,"Exit_Zone",2
655.542,"Info","Arena",5,"Enter_Zone",4
655.542,"Info","Arena",8,"Exit_Zone",4
655.542,"Info","Arena",8,"Enter_Zone",2
655.792,"Info","Arena",7,"Exit_Zone",2
655.792,"Info","Arena",7,"Enter_Zone",4
655.900,"Info","Arena",5,"Exit_Zone",4
655.900,"Info","Arena",5,"Enter_Zone",3
656.112,"Info","Arena",7,"Exit_Zone",4
656.112,"Info","Arena",7,"Enter_Zone",1
656.256,"Info","Arena",4,"Exit_Zone",2
656.256,"Info","Arena",4,"Enter_Zone",4
656.939,"Info","Arena",4,"Exit_Zone",4
656.939,"Info","Arena",4,"Enter_Zone",3
657.959,"Info","Arena",8,"Exit_Zone",2
657.959,"Info","Arena",8,"Enter_Zone",4
658.261,"Info","Arena",8,"Exit_Zone",4
658.261,"Info","Arena",8,"Enter_Zone",3
658.582,"Info","Arena",4,"Exit_Zone",3
658.582,"Info","Arena",4,"Enter_Zone",4
658.656,"Info","Arena",2,"Exit_Zone",1
658.656,"Info","Arena",2,"Enter_Zone",4
658.693,"Info","Arena",7,"Exit_Zone",1
658.693,"Info","Arena",7,"Enter_Zone",4
658.728,"Info","Arena",6,"Exit_Zone",3
658.728,"Info","Arena",6,"Enter_Zone",4
659.016,"Info","Arena",7,"Exit_Zone",4
659.016,"Info","Arena",7,"Enter_Zone",3
659.054,"Info","Arena",4,"Exit_Zone",4
659.054,"Info","Arena",4,"Enter_Zone",1
659.161,"Info","Arena",2,"Exit_Zone",4
659.161,"Info","Arena",2,"Enter_Zone",2
659.161,"Info","Arena",7,"Exit_Zone",3
659.161,"Info","Arena",7,"Enter_Zone",4
659.430,"Info","Arena",2,"Exit_Zone",2
659.430,"Info","Arena",2,"Enter_Zone",4
659.504,"Info","Arena",2,"Exit_Zone",4
659.504,"Info","Arena",2,"Enter_Zone",1
659.539,"Info","Arena",7,"Exit_Zone",4
659.539,"Info","Arena",7,"Enter_Zone",1
659.576,"Info","Arena",6,"Exit_Zone",4
659.576,"Info","Arena",6,"Enter_Zone",3
660.106,"Info","Arena",5,"Exit_Zone",3
660.106,"Info","Arena",5,"Enter_Zone",4
660.530,"Info","Arena",1,"Exit_Zone",1
660.530,"Info","Arena",1,"Enter_Zone",3
660.530,"Info","Arena",5,"Exit_Zone",4
660.530,"Info","Arena",5,"Enter_Zone",1
660.566,"Info","Arena",1,"Exit_Zone",3
660.566,"Info","Arena",1,"Enter_Zone",1
661.185,"Info","Arena",4,"Exit_Zone",1
661.185,"Info","Arena",4,"Enter_Zone",4
661.265,"Info","Arena",1,"Exit_Zone",1
661.265,"Info","Arena",1,"Enter_Zone",3
661.336,"Info","Arena",1,"Exit_Zone",3
661.336,"Info","Arena",1,"Enter_Zone",1
661.438,"Info","Arena",1,"Exit_Zone",1
661.438,"Info","Arena",1,"Enter_Zone",3
661.508,"Info","Arena",1,"Exit_Zone",3
661.508,"Info","Arena",1,"Enter_Zone",1
661.508,"Info","Arena",4,"Exit_Zone",4
661.508,"Info","Arena",4,"Enter_Zone",2
661.578,"Info","Arena",1,"Exit_Zone",1
661.578,"Info","Arena",1,"Enter_Zone",3
661.578,"Info","Arena",2,"Exit_Zone",1
661.578,"Info","Arena",2,"Enter_Zone",3
661.615,"Info","Arena",1,"Exit_Zone",3
661.615,"Info","Arena",1,"Enter_Zone",1
661.615,"Info","Arena",2,"Exit_Zone",3
661.615,"Info","Arena",2,"Enter_Zone",1
661.758,"Info","Arena",7,"Exit_Zone",1
661.758,"Info","Arena",7,"Enter_Zone",4
661.794,"Info","Arena",8,"Exit_Zone",3
661.794,"Info","Arena",8,"Enter_Zone",4
662.044,"Info","Arena",7,"Exit_Zone",4
662.044,"Info","Arena",7,"Enter_Zone",3
662.512,"Info","Arena",1,"Exit_Zone",1
662.512,"Info","Arena",1,"Enter_Zone",3
662.512,"Info","Arena",8,"Exit_Zone",4
662.512,"Info","Arena",8,"Enter_Zone",1
662.550,"Info","Arena",1,"Exit_Zone",3
662.550,"Info","Arena",1,"Enter_Zone",1
662.621,"Info","Arena",2,"Exit_Zone",1
662.621,"Info","Arena",2,"Enter_Zone",4
662.693,"Info","Arena",1,"Exit_Zone",1
662.693,"Info","Arena",1,"Enter_Zone",3
662.800,"Info","Arena",1,"Exit_Zone",3
662.800,"Info","Arena",1,"Enter_Zone",1
662.836,"Info","Arena",6,"Exit_Zone",3
662.836,"Info","Arena",6,"Enter_Zone",4
663.078,"Info","Arena",6,"Exit_Zone",4
663.078,"Info","Arena",6,"Enter_Zone",1
663.330,"Info","Arena",1,"Exit_Zone",1
663.330,"Info","Arena",1,"Enter_Zone",3
663.364,"Info","Arena",1,"Exit_Zone",3
663.364,"Info","Arena",1,"Enter_Zone",1
663.567,"Info","Arena",2,"Exit_Zone",4
663.567,"Info","Arena",2,"Enter_Zone",3
664.594,"Info","Arena",1,"Exit_Zone",1
664.594,"Info","Arena",1,"Enter_Zone",3
664.625,"Info","Arena",1,"Exit_Zone",3
664.625,"Info","Arena",1,"Enter_Zone",1
665.226,"Info","Arena",1,"Exit_Zone",1
665.226,"Info","Arena",1,"Enter_Zone",3
665.261,"Info","Arena",1,"Exit_Zone",3
665.261,"Info","Arena",1,"Enter_Zone",1
665.541,"Info","Arena",4,"Exit_Zone",2
665.541,"Info","Arena",4,"Enter_Zone",4
665.936,"Info","Arena",5,"Exit_Zone",1
665.936,"Info","Arena",5,"Enter_Zone",4
665.936,"Info","Arena",8,"Exit_Zone",1
665.936,"Info","Arena",8,"Enter_Zone",4
666.008,"Info","Arena",5,"Exit_Zone",4
666.008,"Info","Arena",5,"Enter_Zone",2
666.194,"Info","Arena",1,"Exit_Zone",1
666.194,"Info","Arena",1,"Enter_Zone",3
666.313,"Info","Arena",1,"Exit_Zone",3
666.313,"Info","Arena",1,"Enter_Zone",1
666.643,"Info","Arena",8,"Exit_Zone",4
666.643,"Info","Arena",8,"Enter_Zone",3
666.754,"Info","Arena",4,"Exit_Zone",4
666.754,"Info","Arena",4,"Enter_Zone",1
666.827,"Info","Arena",6,"Exit_Zone",1
666.827,"Info","Arena",6,"Enter_Zone",4
666.939,"Info","Arena",7,"Exit_Zone",3
666.939,"Info","Arena",7,"Enter_Zone",4
667.083,"Info","Arena",7,"Exit_Zone",4
667.083,"Info","Arena",7,"Enter_Zone",2
667.386,"Info","Arena",6,"Exit_Zone",4
667.386,"Info","Arena",6,"Enter_Zone",3
667.458,"Info","Arena",2,"Exit_Zone",3
667.458,"Info","Arena",2,"Enter_Zone",4
667.531,"Info","Arena",1,"Exit_Zone",1
667.531,"Info","Arena",1,"Enter_Zone",4
667.601,"Info","Arena",2,"Exit_Zone",4
667.601,"Info","Arena",2,"Enter_Zone",2
667.836,"Info","Arena",1,"Exit_Zone",4
667.836,"Info","Arena",1,"Enter_Zone",3
669.480,"Info","Arena",5,"Exit_Zone",2
669.480,"Info","Arena",5,"Enter_Zone",4
669.947,"Info","Arena",7,"Exit_Zone",2
669.947,"Info","Arena",7,"Enter_Zone",4
670.113,"Info","Arena",5,"Exit_Zone",4
670.113,"Info","Arena",5,"Enter_Zone",3
670.352,"Info","Arena",7,"Exit_Zone",4
670.352,"Info","Arena",7,"Enter_Zone",1
670.724,"Info","Arena",2,"Exit_Zone",2
670.724,"Info","Arena",2,"Enter_Zone",3
670.755,"Info","Arena",2,"Exit_Zone",3
670.755,"Info","Arena",2,"Enter_Zone",2
671.035,"Info","Arena",4,"Exit_Zone",1
671.035,"Info","Arena",4,"Enter_Zone",4
671.071,"Info","Arena",1,"Exit_Zone",3
671.071,"Info","Arena",1,"Enter_Zone",4
671.293,"Info","Arena",1,"Exit_Zone",4
671.293,"Info","Arena",1,"Enter_Zone",1
671.432,"Info","Arena",4,"Exit_Zone",4
671.432,"Info","Arena",4,"Enter_Zone",2
671.740,"Info","Arena",1,"Exit_Zone",1
671.740,"Info","Arena",1,"Enter_Zone",3
672.234,"Info","Arena",1,"Exit_Zone",3
672.234,"Info","Arena",1,"Enter_Zone",1
672.541,"Info","Arena",6,"Exit_Zone",3
672.541,"Info","Arena",6,"Enter_Zone",4
673.062,"Info","Arena",2,"Exit_Zone",2
673.062,"Info","Arena",2,"Enter_Zone",4
673.367,"Info","Arena",6,"Exit_Zone",4
673.367,"Info","Arena",6,"Enter_Zone",2
673.435,"Info","Arena",2,"Exit_Zone",4
673.435,"Info","Arena",2,"Enter_Zone",3
673.644,"Info","Arena",1,"Exit_Zone",1
673.644,"Info","Arena",1,"Enter_Zone",4
674.119,"Info","Arena",7,"Exit_Zone",1
674.119,"Info","Arena",7,"Enter_Zone",4
674.347,"Info","Arena",7,"Exit_Zone",4
674.347,"Info","Arena",7,"Enter_Zone",3
674.733,"Info","Arena",1,"Exit_Zone",4
674.733,"Info","Arena",1,"Enter_Zone",2
674.977,"Info","Arena",1,"Exit_Zone",2
674.977,"Info","Arena",1,"Enter_Zone",1
675.075,"Info","Arena",4,"Exit_Zone",2
675.075,"Info","Arena",4,"Enter_Zone",4
675.480,"Info","Arena",3,"Exit_Zone",1
675.480,"Info","Arena",3,"Enter_Zone",4
675.805,"Info","Arena",3,"Exit_Zone",4
675.805,"Info","Arena",3,"Enter_Zone",3
676.064,"Info","Arena",4,"Exit_Zone",4
676.064,"Info","Arena",4,"Enter_Zone",3
676.163,"Info","Arena",8,"Exit_Zone",3
676.163,"Info","Arena",8,"Enter_Zone",4
676.751,"Info","Arena",8,"Exit_Zone",4
676.751,"Info","Arena",8,"Enter_Zone",1
676.821,"Info","Arena",7,"Exit_Zone",3
676.821,"Info","Arena",7,"Enter_Zone",4
677.031,"Info","Arena",1,"Exit_Zone",1
677.031,"Info","Arena",1,"Enter_Zone",3
677.067,"Info","Arena",1,"Exit_Zone",3
677.067,"Info","Arena",1,"Enter_Zone",1
677.134,"Info","Arena",7,"Exit_Zone",4
677.134,"Info","Arena",7,"Enter_Zone",2
677.349,"Info","Arena",7,"Exit_Zone",2
677.349,"Info","Arena",7,"Enter_Zone",3
677.485,"Info","Arena",6,"Exit_Zone",2
677.485,"Info","Arena",6,"Enter_Zone",4
677.621,"Info","Arena",1,"Exit_Zone",1
677.621,"Info","Arena",1,"Enter_Zone",3
677.689,"Info","Arena",1,"Exit_Zone",3
677.689,"Info","Arena",1,"Enter_Zone",1
678.054,"Info","Arena",2,"Exit_Zone",3
678.054,"Info","Arena",2,"Enter_Zone",4
678.434,"Info","Arena",2,"Exit_Zone",4
678.434,"Info","Arena",2,"Enter_Zone",2
678.644,"Info","Arena",6,"Exit_Zone",4
678.644,"Info","Arena",6,"Enter_Zone",3
678.713,"Info","Arena",5,"Exit_Zone",3
678.713,"Info","Arena",5,"Enter_Zone",4
678.782,"Info","Arena",3,"Exit_Zone",3
678.782,"Info","Arena",3,"Enter_Zone",4
679.032,"Info","Arena",8,"Exit_Zone",1
679.032,"Info","Arena",8,"Enter_Zone",4
679.071,"Info","Arena",3,"Exit_Zone",4
679.071,"Info","Arena",3,"Enter_Zone",1
679.366,"Info","Arena",5,"Exit_Zone",4
679.366,"Info","Arena",5,"Enter_Zone",1
679.401,"Info","Arena",4,"Exit_Zone",3
679.401,"Info","Arena",4,"Enter_Zone",4
679.727,"Info","Arena",7,"Exit_Zone",3
679.727,"Info","Arena",7,"Enter_Zone",4
679.763,"Info","Arena",8,"Exit_Zone",4
679.763,"Info","Arena",8,"Enter_Zone",2
679.869,"Info","Arena",4,"Exit_Zone",4
679.869,"Info","Arena",4,"Enter_Zone",1
680.335,"Info","Arena",1,"Exit_Zone",1
680.335,"Info","Arena",1,"Enter_Zone",3
680.373,"Info","Arena",7,"Exit_Zone",4
680.373,"Info","Arena",7,"Enter_Zone",2
680.477,"Info","Arena",1,"Exit_Zone",3
680.477,"Info","Arena",1,"Enter_Zone",1
681.774,"Info","Arena",4,"Exit_Zone",1
681.774,"Info","Arena",4,"Enter_Zone",4
682.188,"Info","Arena",6,"Exit_Zone",3
682.188,"Info","Arena",6,"Enter_Zone",4
682.537,"Info","Arena",6,"Exit_Zone",4
682.537,"Info","Arena",6,"Enter_Zone",1
682.604,"Info","Arena",4,"Exit_Zone",4
682.604,"Info","Arena",4,"Enter_Zone",3
683.655,"Info","Arena",7,"Exit_Zone",2
683.655,"Info","Arena",7,"Enter_Zone",4
683.966,"Info","Arena",2,"Exit_Zone",2
683.966,"Info","Arena",2,"Enter_Zone",4
684.001,"Info","Arena",5,"Exit_Zone",1
684.001,"Info","Arena",5,"Enter_Zone",4
684.035,"Info","Arena",7,"Exit_Zone",4
684.035,"Info","Arena",7,"Enter_Zone",3
684.807,"Info","Arena",2,"Exit_Zone",4
684.807,"Info","Arena",2,"Enter_Zone",1
685.186,"Info","Arena",5,"Exit_Zone",4
685.186,"Info","Arena",5,"Enter_Zone",3
685.403,"Info","Arena",6,"Exit_Zone",1
685.403,"Info","Arena",6,"Enter_Zone",4
685.781,"Info","Arena",4,"Exit_Zone",3
685.781,"Info","Arena",4,"Enter_Zone",4
686.204,"Info","Arena",6,"Exit_Zone",4
686.204,"Info","Arena",6,"Enter_Zone",3
686.532,"Info","Arena",4,"Exit_Zone",4
686.532,"Info","Arena",4,"Enter_Zone",1
686.532,"Info","Arena",6,"Exit_Zone",3
686.532,"Info","Arena",6,"Enter_Zone",4
686.671,"Info","Arena",8,"Exit_Zone",2
686.671,"Info","Arena",8,"Enter_Zone",4
686.741,"Info","Arena",7,"Exit_Zone",3
686.741,"Info","Arena",7,"Enter_Zone",4
686.881,"Info","Arena",6,"Exit_Zone",4
686.881,"Info","Arena",6,"Enter_Zone",1
687.016,"Info","Arena",8,"Exit_Zone",4
687.016,"Info","Arena",8,"Enter_Zone",3
687.406,"Info","Arena",7,"Exit_Zone",4
687.406,"Info","Arena",7,"Enter_Zone",2
687.740,"Info","Arena",3,"Exit_Zone",1
687.740,"Info","Arena",3,"Enter_Zone",4
687.840,"Info","Arena",1,"Exit_Zone",1
687.840,"Info","Arena",1,"Enter_Zone",3
687.871,"Info","Arena",1,"Exit_Zone",3
687.871,"Info","Arena",1,"Enter_Zone",1
688.661,"Info","Arena",3,"Exit_Zone",4
688.661,"Info","Arena",3,"Enter_Zone",1
689.883,"Info","Arena",4,"Exit_Zone",1
689.883,"Info","Arena",4,"Enter_Zone",4
690.046,"Info","Arena",4,"Exit_Zone",4
690.046,"Info","Arena",4,"Enter_Zone",2
690.484,"Info","Arena",8,"Exit_Zone",3
690.484,"Info","Arena",8,"Enter_Zone",4
691.362,"Info","Arena",8,"Exit_Zone",4
691.362,"Info","Arena",8,"Enter_Zone",2
691.394,"Info","Arena",6,"Exit_Zone",1
691.394,"Info","Arena",6,"Enter_Zone",4
691.428,"Info","Arena",5,"Exit_Zone",3
691.428,"Info","Arena",5,"Enter_Zone",4
691.733,"Info","Arena",1,"Exit_Zone",1
691.733,"Info","Arena",1,"Enter_Zone",3
691.768,"Info","Arena",5,"Exit_Zone",4
691.768,"Info","Arena",5,"Enter_Zone",2
691.801,"Info","Arena",1,"Exit_Zone",3
691.801,"Info","Arena",1,"Enter_Zone",1
691.979,"Info","Arena",6,"Exit_Zone",4
691.979,"Info","Arena",6,"Enter_Zone",2
692.187,"Info","Arena",1,"Exit_Zone",1
692.187,"Info","Arena",1,"Enter_Zone",4
692.339,"Info","Arena",1,"Exit_Zone",4
692.339,"Info","Arena",1,"Enter_Zone",2
692.588,"Info","Arena",2,"Exit_Zone",1
692.588,"Info","Arena",2,"Enter_Zone",4
693.030,"Info","Arena",2,"Exit_Zone",4
693.030,"Info","Arena",2,"Enter_Zone",3
693.971,"Info","Arena",4,"Exit_Zone",2
693.971,"Info","Arena",4,"Enter_Zone",4
694.195,"Info","Arena",3,"Exit_Zone",1
694.195,"Info","Arena",3,"Enter_Zone",4
694.461,"Info","Arena",3,"Exit_Zone",4
694.461,"Info","Arena",3,"Enter_Zone",2
694.845,"Info","Arena",4,"Exit_Zone",4
694.845,"Info","Arena",4,"Enter_Zone",1
695.013,"Info","Arena",5,"Exit_Zone",2
695.013,"Info","Arena",5,"Enter_Zone",4
695.686,"Info","Arena",5,"Exit_Zone",4
695.686,"Info","Arena",5,"Enter_Zone",1
695.923,"Info","Arena",8,"Exit_Zone",2
695.923,"Info","Arena",8,"Enter_Zone",4
695.994,"Info","Arena",1,"Exit_Zone",2
695.994,"Info","Arena",1,"Enter_Zone",4
696.167,"Info","Arena",8,"Exit_Zone",4
696.167,"Info","Arena",8,"Enter_Zone",1
696.317,"Info","Arena",6,"Exit_Zone",2
696.317,"Info","Arena",6,"Enter_Zone",4
696.748,"Info","Arena",1,"Exit_Zone",4
696.748,"Info","Arena",1,"Enter_Zone",2
696.853,"Info","Arena",4,"Exit_Zone",1
696.853,"Info","Arena",4,"Enter_Zone",4
697.030,"Info","Arena",6,"Exit_Zone",4
697.030,"Info","Arena",6,"Enter_Zone",3
697.311,"Info","Arena",4,"Exit_Zone",4
697.311,"Info","Arena",4,"Enter_Zone",2
697.818,"Info","Arena",2,"Exit_Zone",3
697.818,"Info","Arena",2,"Enter_Zone",4
698.431,"Info","Arena",2,"Exit_Zone",4
698.431,"Info","Arena",2,"Enter_Zone",2
698.945,"Info","Arena",8,"Exit_Zone",1
698.945,"Info","Arena",8,"Enter_Zone",4
699.552,"Info","Arena",8,"Exit_Zone",4
699.552,"Info","Arena",8,"Enter_Zone",3
699.854,"Info","Arena",7,"Exit_Zone",2
699.854,"Info","Arena",7,"Enter_Zone",4
700.121,"Info","Arena",7,"Exit_Zone",4
700.121,"Info","Arena",7,"Enter_Zone",1
701.411,"Info","Arena",4,"Exit_Zone",2
701.411,"Info","Arena",4,"Enter_Zone",4
701.444,"Info","Arena",6,"Exit_Zone",3
701.444,"Info","Arena",6,"Enter_Zone",4
702.078,"Info","Arena",3,"Exit_Zone",2
702.078,"Info","Arena",3,"Enter_Zone",4
702.181,"Info","Arena",6,"Exit_Zone",4
702.181,"Info","Arena",6,"Enter_Zone",1
702.327,"Info","Arena",4,"Exit_Zone",4
702.327,"Info","Arena",4,"Enter_Zone",3
702.503,"Info","Arena",2,"Exit_Zone",2
702.503,"Info","Arena",2,"Enter_Zone",3
702.539,"Info","Arena",2,"Exit_Zone",3
702.539,"Info","Arena",2,"Enter_Zone",2
703.137,"Info","Arena",8,"Exit_Zone",3
703.137,"Info","Arena",8,"Enter_Zone",4
703.418,"Info","Arena",3,"Exit_Zone",4
703.418,"Info","Arena",3,"Enter_Zone",3
703.713,"Info","Arena",8,"Exit_Zone",4
703.713,"Info","Arena",8,"Enter_Zone",2
704.499,"Info","Arena",2,"Exit_Zone",2
704.499,"Info","Arena",2,"Enter_Zone",4
705.125,"Info","Arena",2,"Exit_Zone",4
705.125,"Info","Arena",2,"Enter_Zone",3
705.607,"Info","Arena",6,"Exit_Zone",1
705.607,"Info","Arena",6,"Enter_Zone",4
705.669,"Info","Arena",4,"Exit_Zone",3
705.669,"Info","Arena",4,"Enter_Zone",4
705.990,"Info","Arena",1,"Exit_Zone",2
705.990,"Info","Arena",1,"Enter_Zone",3
706.023,"Info","Arena",1,"Exit_Zone",3
706.023,"Info","Arena",1,"Enter_Zone",2
706.325,"Info","Arena",4,"Exit_Zone",4
706.325,"Info","Arena",4,"Enter_Zone",1
706.551,"Info","Arena",6,"Exit_Zone",4
706.551,"Info","Arena",6,"Enter_Zone",2
708.244,"Info","Arena",5,"Exit_Zone",1
708.244,"Info","Arena",5,"Enter_Zone",4
708.314,"Info","Arena",8,"Exit_Zone",2
708.314,"Info","Arena",8,"Enter_Zone",4
708.552,"Info","Arena",2,"Exit_Zone",3
708.552,"Info","Arena",2,"Enter_Zone",4
708.654,"Info","Arena",5,"Exit_Zone",4
708.654,"Info","Arena",5,"Enter_Zone",3
709.095,"Info","Arena",2,"Exit_Zone",4
709.095,"Info","Arena",2,"Enter_Zone",2
709.195,"Info","Arena",8,"Exit_Zone",4
709.195,"Info","Arena",8,"Enter_Zone",3
709.339,"Info","Arena",4,"Exit_Zone",1
709.339,"Info","Arena",4,"Enter_Zone",4
709.803,"Info","Arena",4,"Exit_Zone",4
709.803,"Info","Arena",4,"Enter_Zone",2
710.988,"Info","Arena",7,"Exit_Zone",1
710.988,"Info","Arena",7,"Enter_Zone",4
711.223,"Info","Arena",7,"Exit_Zone",4
711.223,"Info","Arena",7,"Enter_Zone",2
711.418,"Info","Arena",6,"Exit_Zone",2
711.418,"Info","Arena",6,"Enter_Zone",4
712.318,"Info","Arena",2,"Exit_Zone",2
712.318,"Info","Arena",2,"Enter_Zone",4
712.549,"Info","Arena",6,"Exit_Zone",4
712.549,"Info","Arena",6,"Enter_Zone",3
713.288,"Info","Arena",2,"Exit_Zone",4
713.288,"Info","Arena",2,"Enter_Zone",1
713.456,"Info","Arena",4,"Exit_Zone",2
713.456,"Info","Arena",4,"Enter_Zone",4
714.543,"Info","Arena",4,"Exit_Zone",4
714.543,"Info","Arena",4,"Enter_Zone",2
714.876,"Info","Arena",8,"Exit_Zone",3
714.876,"Info","Arena",8,"Enter_Zone",4
715.176,"Info","Arena",8,"Exit_Zone",4
715.176,"Info","Arena",8,"Enter_Zone",2
715.944,"Info","Arena",7,"Exit_Zone",2
715.944,"Info","Arena",7,"Enter_Zone",4
716.391,"Info","Arena",7,"Exit_Zone",4
716.391,"Info","Arena",7,"Enter_Zone",1
716.896,"Info","Arena",6,"Exit_Zone",3
716.896,"Info","Arena",6,"Enter_Zone",4
717.070,"Info","Arena",2,"Exit_Zone",1
717.070,"Info","Arena",2,"Enter_Zone",4
717.738,"Info","Arena",2,"Exit_Zone",4
717.738,"Info","Arena",2,"Enter_Zone",3
717.775,"Info","Arena",6,"Exit_Zone",4
717.775,"Info","Arena",6,"Enter_Zone",1
717.881,"Info","Arena",1,"Exit_Zone",2
717.881,"Info","Arena",1,"Enter_Zone",4
718.061,"Info","Arena",1,"Exit_Zone",4
718.061,"Info","Arena",1,"Enter_Zone",3
718.132,"Info","Arena",5,"Exit_Zone",3
718.132,"Info","Arena",5,"Enter_Zone",4
718.282,"Info","Arena",4,"Exit_Zone",2
718.282,"Info","Arena",4,"Enter_Zone",4
718.462,"Info","Arena",5,"Exit_Zone",4
718.462,"Info","Arena",5,"Enter_Zone",1
718.764,"Info","Arena",8,"Exit_Zone",2
718.764,"Info","Arena",8,"Enter_Zone",4
718.803,"Info","Arena",4,"Exit_Zone",4
718.803,"Info","Arena",4,"Enter_Zone",3
719.382,"Info","Arena",8,"Exit_Zone",4
719.382,"Info","Arena",8,"Enter_Zone",3
720.906,"Info","Arena",7,"Exit_Zone",1
720.906,"Info","Arena",7,"Enter_Zone",4
720.940,"Info","Arena",2,"Exit_Zone",3
720.940,"Info","Arena",2,"Enter_Zone",4
721.442,"Info","Arena",2,"Exit_Zone",4
721.442,"Info","Arena",2,"Enter_Zone",2
721.577,"Info","Arena",7,"Exit_Zone",4
721.577,"Info","Arena",7,"Enter_Zone",3
722.109,"Info","Arena",1,"Exit_Zone",3
722.109,"Info","Arena",1,"Enter_Zone",4
722.265,"Info","Arena",4,"Exit_Zone",3
722.265,"Info","Arena",4,"Enter_Zone",4
722.375,"Info","Arena",1,"Exit_Zone",4
722.375,"Info","Arena",1,"Enter_Zone",2
722.941,"Info","Arena",6,"Exit_Zone",1
722.941,"Info","Arena",6,"Enter_Zone",4
723.008,"Info","Arena",7,"Exit_Zone",3
723.008,"Info","Arena",7,"Enter_Zone",4
723.114,"Info","Arena",4,"Exit_Zone",4
723.114,"Info","Arena",4,"Enter_Zone",1
723.442,"Info","Arena",7,"Exit_Zone",4
723.442,"Info","Arena",7,"Enter_Zone",1
723.859,"Info","Arena",5,"Exit_Zone",1
723.859,"Info","Arena",5,"Enter_Zone",4
723.894,"Info","Arena",6,"Exit_Zone",4
723.894,"Info","Arena",6,"Enter_Zone",3
724.668,"Info","Arena",5,"Exit_Zone",4
724.668,"Info","Arena",5,"Enter_Zone",3
725.224,"Info","Arena",8,"Exit_Zone",3
725.224,"Info","Arena",8,"Enter_Zone",4
725.366,"Info","Arena",2,"Exit_Zone",2
725.366,"Info","Arena",2,"Enter_Zone",4
725.811,"Info","Arena",2,"Exit_Zone",4
725.811,"Info","Arena",2,"Enter_Zone",3
725.881,"Info","Arena",8,"Exit_Zone",4
725.881,"Info","Arena",8,"Enter_Zone",3
726.089,"Info","Arena",4,"Exit_Zone",1
726.089,"Info","Arena",4,"Enter_Zone",4
726.773,"Info","Arena",4,"Exit_Zone",4
726.773,"Info","Arena",4,"Enter_Zone",3
726.876,"Info","Arena",7,"Exit_Zone",1
726.876,"Info","Arena",7,"Enter_Zone",4
727.699,"Info","Arena",7,"Exit_Zone",4
727.699,"Info","Arena",7,"Enter_Zone",3
727.868,"Info","Arena",6,"Exit_Zone",3
727.868,"Info","Arena",6,"Enter_Zone",4
728.634,"Info","Arena",6,"Exit_Zone",4
728.634,"Info","Arena",6,"Enter_Zone",1
729.465,"Info","Arena",5,"Exit_Zone",3
729.465,"Info","Arena",5,"Enter_Zone",4
729.774,"Info","Arena",4,"Exit_Zone",3
729.774,"Info","Arena",4,"Enter_Zone",4
730.360,"Info","Arena",5,"Exit_Zone",4
730.360,"Info","Arena",5,"Enter_Zone",2
730.399,"Info","Arena",7,"Exit_Zone",3
730.399,"Info","Arena",7,"Enter_Zone",4
730.399,"Info","Arena",8,"Exit_Zone",3
730.399,"Info","Arena",8,"Enter_Zone",4
730.508,"Info","Arena",4,"Exit_Zone",4
730.508,"Info","Arena",4,"Enter_Zone",1
730.853,"Info","Arena",8,"Exit_Zone",4
730.853,"Info","Arena",8,"Enter_Zone",2
731.042,"Info","Arena",7,"Exit_Zone",4
731.042,"Info","Arena",7,"Enter_Zone",2
732.275,"Info","Arena",1,"Exit_Zone",2
732.275,"Info","Arena",1,"Enter_Zone",4
732.376,"Info","Arena",1,"Exit_Zone",4
732.376,"Info","Arena",1,"Enter_Zone",1
732.726,"Info","Arena",4,"Exit_Zone",1
732.726,"Info","Arena",4,"Enter_Zone",4
733.072,"Info","Arena",4,"Exit_Zone",4
733.072,"Info","Arena",4,"Enter_Zone",3
733.377,"Info","Arena",8,"Exit_Zone",2
733.377,"Info","Arena",8,"Enter_Zone",4
733.646,"Info","Arena",6,"Exit_Zone",1
733.646,"Info","Arena",6,"Enter_Zone",4
734.132,"Info","Arena",6,"Exit_Zone",4
734.132,"Info","Arena",6,"Enter_Zone",2
734.320,"Info","Arena",8,"Exit_Zone",4
734.320,"Info","Arena",8,"Enter_Zone",3
734.675,"Info","Arena",1,"Exit_Zone",1
734.675,"Info","Arena",1,"Enter_Zone",4
734.675,"Info","Arena",7,"Exit_Zone",2
734.675,"Info","Arena",7,"Enter_Zone",4
734.855,"Info","Arena",1,"Exit_Zone",4
734.855,"Info","Arena",1,"Enter_Zone",3
735.037,"Info","Arena",7,"Exit_Zone",4
735.037,"Info","Arena",7,"Enter_Zone",1
735.409,"Info","Arena",5,"Exit_Zone",2
735.409,"Info","Arena",5,"Enter_Zone",4
736.108,"Info","Arena",4,"Exit_Zone",3
736.108,"Info","Arena",4,"Enter_Zone",4
736.204,"Info","Arena",5,"Exit_Zone",4
736.204,"Info","Arena",5,"Enter_Zone",3
737.172,"Info","Arena",4,"Exit_Zone",4
737.172,"Info","Arena",4,"Enter_Zone",1
737.291,"Info","Arena",7,"Exit_Zone",1
737.291,"Info","Arena",7,"Enter_Zone",4
737.612,"Info","Arena",6,"Exit_Zone",2
737.612,"Info","Arena",6,"Enter_Zone",4
738.304,"Info","Arena",6,"Exit_Zone",4
738.304,"Info","Arena",6,"Enter_Zone",3
738.583,"Info","Arena",7,"Exit_Zone",4
738.583,"Info","Arena",7,"Enter_Zone",3
738.720,"Info","Arena",2,"Exit_Zone",3
738.720,"Info","Arena",2,"Enter_Zone",4
738.892,"Info","Arena",2,"Exit_Zone",4
738.892,"Info","Arena",2,"Enter_Zone",2
739.136,"Info","Arena",1,"Exit_Zone",3
739.136,"Info","Arena",1,"Enter_Zone",4
739.284,"Info","Arena",1,"Exit_Zone",4
739.284,"Info","Arena",1,"Enter_Zone",1
740.199,"Info","Arena",1,"Exit_Zone",1
740.199,"Info","Arena",1,"Enter_Zone",4
740.357,"Info","Arena",4,"Exit_Zone",1
740.357,"Info","Arena",4,"Enter_Zone",4
740.393,"Info","Arena",1,"Exit_Zone",4
740.393,"Info","Arena",1,"Enter_Zone",2
740.690,"Info","Arena",7,"Exit_Zone",3
740.690,"Info","Arena",7,"Enter_Zone",4
740.729,"Info","Arena",4,"Exit_Zone",4
740.729,"Info","Arena",4,"Enter_Zone",2
741.086,"Info","Arena",5,"Exit_Zone",3
741.086,"Info","Arena",5,"Enter_Zone",4
741.086,"Info","Arena",7,"Exit_Zone",4
741.086,"Info","Arena",7,"Enter_Zone",2
741.086,"Info","Arena",8,"Exit_Zone",3
741.086,"Info","Arena",8,"Enter_Zone",4
741.660,"Info","Arena",8,"Exit_Zone",4
741.660,"Info","Arena",8,"Enter_Zone",2
741.940,"Info","Arena",5,"Exit_Zone",4
741.940,"Info","Arena",5,"Enter_Zone",1
742.043,"Info","Arena",1,"Exit_Zone",2
742.043,"Info","Arena",1,"Enter_Zone",4
742.153,"Info","Arena",1,"Exit_Zone",4
742.153,"Info","Arena",1,"Enter_Zone",3
742.304,"Info","Arena",6,"Exit_Zone",3
742.304,"Info","Arena",6,"Enter_Zone",4
742.975,"Info","Arena",6,"Exit_Zone",4
742.975,"Info","Arena",6,"Enter_Zone",1
743.006,"Info","Arena",6,"Exit_Zone",1
743.006,"Info","Arena",6,"Enter_Zone",4
743.041,"Info","Arena",6,"Exit_Zone",4
743.041,"Info","Arena",6,"Enter_Zone",1
743.861,"Info","Arena",4,"Exit_Zone",2
743.861,"Info","Arena",4,"Enter_Zone",4
743.861,"Info","Arena",7,"Exit_Zone",2
743.861,"Info","Arena",7,"Enter_Zone",4
744.342,"Info","Arena",4,"Exit_Zone",4
744.342,"Info","Arena",4,"Enter_Zone",3
744.342,"Info","Arena",7,"Exit_Zone",4
744.342,"Info","Arena",7,"Enter_Zone",1
745.960,"Info","Arena",1,"Exit_Zone",3
745.960,"Info","Arena",1,"Enter_Zone",4
746.163,"Info","Arena",1,"Exit_Zone",4
746.163,"Info","Arena",1,"Enter_Zone",1
746.163,"Info","Arena",2,"Exit_Zone",2
746.163,"Info","Arena",2,"Enter_Zone",4
746.415,"Info","Arena",4,"Exit_Zone",3
746.415,"Info","Arena",4,"Enter_Zone",4
746.676,"Info","Arena",2,"Exit_Zone",4
746.676,"Info","Arena",2,"Enter_Zone",1
747.189,"Info","Arena",4,"Exit_Zone",4
747.189,"Info","Arena",4,"Enter_Zone",1
747.579,"Info","Arena",8,"Exit_Zone",2
747.579,"Info","Arena",8,"Enter_Zone",4
748.135,"Info","Arena",7,"Exit_Zone",1
748.135,"Info","Arena",7,"Enter_Zone",4
748.167,"Info","Arena",6,"Exit_Zone",1
748.167,"Info","Arena",6,"Enter_Zone",4
748.414,"Info","Arena",8,"Exit_Zone",4
748.414,"Info","Arena",8,"Enter_Zone",1
748.925,"Info","Arena",7,"Exit_Zone",4
748.925,"Info","Arena",7,"Enter_Zone",3
749.281,"Info","Arena",1,"Exit_Zone",1
749.281,"Info","Arena",1,"Enter_Zone",4
749.534,"Info","Arena",6,"Exit_Zone",4
749.534,"Info","Arena",6,"Enter_Zone",2
749.679,"Info","Arena",1,"Exit_Zone",4
749.679,"Info","Arena",1,"Enter_Zone",3
749.858,"Info","Arena",4,"Exit_Zone",1
749.858,"Info","Arena",4,"Enter_Zone",4
750.002,"Info","Arena",5,"Exit_Zone",1
750.002,"Info","Arena",5,"Enter_Zone",4
750.357,"Info","Arena",4,"Exit_Zone",4
750.357,"Info","Arena",4,"Enter_Zone",3
750.461,"Info","Arena",5,"Exit_Zone",4
750.461,"Info","Arena",5,"Enter_Zone",2
751.811,"Info","Arena",2,"Exit_Zone",1
751.811,"Info","Arena",2,"Enter_Zone",4
751.844,"Info","Arena",7,"Exit_Zone",3
751.844,"Info","Arena",7,"Enter_Zone",4
751.915,"Info","Arena",8,"Exit_Zone",1
751.915,"Info","Arena",8,"Enter_Zone",4
752.273,"Info","Arena",2,"Exit_Zone",4
752.273,"Info","Arena",2,"Enter_Zone",3
752.490,"Info","Arena",8,"Exit_Zone",4
752.490,"Info","Arena",8,"Enter_Zone",2
752.566,"Info","Arena",7,"Exit_Zone",4
752.566,"Info","Arena",7,"Enter_Zone",1
752.679,"Info","Arena",1,"Exit_Zone",3
752.679,"Info","Arena",1,"Enter_Zone",4
752.862,"Info","Arena",1,"Exit_Zone",4
752.862,"Info","Arena",1,"Enter_Zone",2
753.008,"Info","Arena",6,"Exit_Zone",2
753.008,"Info","Arena",6,"Enter_Zone",4
753.462,"Info","Arena",4,"Exit_Zone",3
753.462,"Info","Arena",4,"Enter_Zone",4
753.861,"Info","Arena",6,"Exit_Zone",4
753.861,"Info","Arena",6,"Enter_Zone",3
754.383,"Info","Arena",4,"Exit_Zone",4
754.383,"Info","Arena",4,"Enter_Zone",1
754.973,"Info","Arena",7,"Exit_Zone",1
754.973,"Info","Arena",7,"Enter_Zone",4
755.231,"Info","Arena",7,"Exit_Zone",4
755.231,"Info","Arena",7,"Enter_Zone",2
755.303,"Info","Arena",7,"Exit_Zone",2
755.303,"Info","Arena",7,"Enter_Zone",4
755.545,"Info","Arena",7,"Exit_Zone",4
755.545,"Info","Arena",7,"Enter_Zone",3
755.828,"Info","Arena",5,"Exit_Zone",2
755.828,"Info","Arena",5,"Enter_Zone",4
755.828,"Info","Arena",6,"Exit_Zone",3
755.828,"Info","Arena",6,"Enter_Zone",4
756.043,"Info","Arena",1,"Exit_Zone",2
756.043,"Info","Arena",1,"Enter_Zone",4
756.303,"Info","Arena",1,"Exit_Zone",4
756.303,"Info","Arena",1,"Enter_Zone",3
756.413,"Info","Arena",7,"Exit_Zone",3
756.413,"Info","Arena",7,"Enter_Zone",4
756.485,"Info","Arena",5,"Exit_Zone",4
756.485,"Info","Arena",5,"Enter_Zone",1
756.521,"Info","Arena",7,"Exit_Zone",4
756.521,"Info","Arena",7,"Enter_Zone",2
756.740,"Info","Arena",2,"Exit_Zone",3
756.740,"Info","Arena",2,"Enter_Zone",4
757.072,"Info","Arena",6,"Exit_Zone",4
757.072,"Info","Arena",6,"Enter_Zone",1
757.303,"Info","Arena",8,"Exit_Zone",2
757.303,"Info","Arena",8,"Enter_Zone",4
757.521,"Info","Arena",2,"Exit_Zone",4
757.521,"Info","Arena",2,"Enter_Zone",2
757.882,"Info","Arena",4,"Exit_Zone",1
757.882,"Info","Arena",4,"Enter_Zone",4
757.988,"Info","Arena",8,"Exit_Zone",4
757.988,"Info","Arena",8,"Enter_Zone",1
758.280,"Info","Arena",4,"Exit_Zone",4
758.280,"Info","Arena",4,"Enter_Zone",3
758.521,"Info","Arena",1,"Exit_Zone",3
758.521,"Info","Arena",1,"Enter_Zone",4
759.199,"Info","Arena",1,"Exit_Zone",4
759.199,"Info","Arena",1,"Enter_Zone",1
759.731,"Info","Arena",6,"Exit_Zone",1
759.731,"Info","Arena",6,"Enter_Zone",4
759.928,"Info","Arena",7,"Exit_Zone",2
759.928,"Info","Arena",7,"Enter_Zone",4
760.197,"Info","Arena",7,"Exit_Zone",4
760.197,"Info","Arena",7,"Enter_Zone",1
760.894,"Info","Arena",6,"Exit_Zone",4
760.894,"Info","Arena",6,"Enter_Zone",1
760.965,"Info","Arena",2,"Exit_Zone",2
760.965,"Info","Arena",2,"Enter_Zone",3
760.999,"Info","Arena",2,"Exit_Zone",3
760.999,"Info","Arena",2,"Enter_Zone",2
760.999,"Info","Arena",4,"Exit_Zone",3
760.999,"Info","Arena",4,"Enter_Zone",4
761.258,"Info","Arena",6,"Exit_Zone",1
761.258,"Info","Arena",6,"Enter_Zone",4
761.401,"Info","Arena",6,"Exit_Zone",4
761.401,"Info","Arena",6,"Enter_Zone",2
761.474,"Info","Arena",5,"Exit_Zone",1
761.474,"Info","Arena",5,"Enter_Zone",4
761.544,"Info","Arena",4,"Exit_Zone",4
761.544,"Info","Arena",4,"Enter_Zone",1
761.617,"Info","Arena",8,"Exit_Zone",1
761.617,"Info","Arena",8,"Enter_Zone",4
761.863,"Info","Arena",5,"Exit_Zone",4
761.863,"Info","Arena",5,"Enter_Zone",2
762.515,"Info","Arena",1,"Exit_Zone",1
762.515,"Info","Arena",1,"Enter_Zone",3
762.623,"Info","Arena",8,"Exit_Zone",4
762.623,"Info","Arena",8,"Enter_Zone",3
762.660,"Info","Arena",2,"Exit_Zone",2
762.660,"Info","Arena",2,"Enter_Zone",4
762.697,"Info","Arena",7,"Exit_Zone",1
762.697,"Info","Arena",7,"Enter_Zone",4
762.807,"Info","Arena",1,"Exit_Zone",3
762.807,"Info","Arena",1,"Enter_Zone",1
763.249,"Info","Arena",2,"Exit_Zone",4
763.249,"Info","Arena",2,"Enter_Zone",3
763.286,"Info","Arena",1,"Exit_Zone",1
763.286,"Info","Arena",1,"Enter_Zone",4
763.324,"Info","Arena",7,"Exit_Zone",4
763.324,"Info","Arena",7,"Enter_Zone",3
763.509,"Info","Arena",1,"Exit_Zone",4
763.509,"Info","Arena",1,"Enter_Zone",3
763.762,"Info","Arena",5,"Exit_Zone",2
763.762,"Info","Arena",5,"Enter_Zone",1
763.876,"Info","Arena",5,"Exit_Zone",1
763.876,"Info","Arena",5,"Enter_Zone",2
763.948,"Info","Arena",4,"Exit_Zone",1
763.948,"Info","Arena",4,"Enter_Zone",4
764.055,"Info","Arena",5,"Exit_Zone",2
764.055,"Info","Arena",5,"Enter_Zone",1
764.197,"Info","Arena",4,"Exit_Zone",4
764.197,"Info","Arena",4,"Enter_Zone",3
764.197,"Info","Arena",5,"Exit_Zone",1
764.197,"Info","Arena",5,"Enter_Zone",2
765.411,"Info","Arena",5,"Exit_Zone",2
765.411,"Info","Arena",5,"Enter_Zone",4
765.723,"Info","Arena",7,"Exit_Zone",3
765.723,"Info","Arena",7,"Enter_Zone",4
765.756,"Info","Arena",5,"Exit_Zone",4
765.756,"Info","Arena",5,"Enter_Zone",1
766.099,"Info","Arena",7,"Exit_Zone",4
766.099,"Info","Arena",7,"Enter_Zone",2
766.378,"Info","Arena",8,"Exit_Zone",3
766.378,"Info","Arena",8,"Enter_Zone",4
767.199,"Info","Arena",2,"Exit_Zone",3
767.199,"Info","Arena",2,"Enter_Zone",4
767.381,"Info","Arena",2,"Exit_Zone",4
767.381,"Info","Arena",2,"Enter_Zone",2
767.381,"Info","Arena",8,"Exit_Zone",4
767.381,"Info","Arena",8,"Enter_Zone",1
768.403,"Info","Arena",4,"Exit_Zone",3
768.403,"Info","Arena",4,"Enter_Zone",4
768.831,"Info","Arena",6,"Exit_Zone",2
768.831,"Info","Arena",6,"Enter_Zone",4
769.152,"Info","Arena",4,"Exit_Zone",4
769.152,"Info","Arena",4,"Enter_Zone",1
769.187,"Info","Arena",7,"Exit_Zone",2
769.187,"Info","Arena",7,"Enter_Zone",4
769.450,"Info","Arena",6,"Exit_Zone",4
769.450,"Info","Arena",6,"Enter_Zone",3
769.450,"Info","Arena",7,"Exit_Zone",4
769.450,"Info","Arena",7,"Enter_Zone",1
770.181,"Info","Arena",2,"Exit_Zone",2
770.181,"Info","Arena",2,"Enter_Zone",4
770.427,"Info","Arena",2,"Exit_Zone",4
770.427,"Info","Arena",2,"Enter_Zone",1
770.597,"Info","Arena",5,"Exit_Zone",1
770.597,"Info","Arena",5,"Enter_Zone",4
771.068,"Info","Arena",5,"Exit_Zone",4
771.068,"Info","Arena",5,"Enter_Zone",3
771.290,"Info","Arena",8,"Exit_Zone",1
771.290,"Info","Arena",8,"Enter_Zone",4
771.504,"Info","Arena",4,"Exit_Zone",1
771.504,"Info","Arena",4,"Enter_Zone",4
771.718,"Info","Arena",7,"Exit_Zone",1
771.718,"Info","Arena",7,"Enter_Zone",4
771.896,"Info","Arena",4,"Exit_Zone",4
771.896,"Info","Arena",4,"Enter_Zone",2
772.003,"Info","Arena",8,"Exit_Zone",4
772.003,"Info","Arena",8,"Enter_Zone",2
772.435,"Info","Arena",7,"Exit_Zone",4
772.435,"Info","Arena",7,"Enter_Zone",3
772.539,"Info","Arena",7,"Exit_Zone",3
772.539,"Info","Arena",7,"Enter_Zone",4
772.789,"Info","Arena",7,"Exit_Zone",4
772.789,"Info","Arena",7,"Enter_Zone",1
774.231,"Info","Arena",6,"Exit_Zone",3
774.231,"Info","Arena",6,"Enter_Zone",4
774.776,"Info","Arena",4,"Exit_Zone",2
774.776,"Info","Arena",4,"Enter_Zone",4
775.043,"Info","Arena",7,"Exit_Zone",1
775.043,"Info","Arena",7,"Enter_Zone",4
775.116,"Info","Arena",5,"Exit_Zone",3
775.116,"Info","Arena",5,"Enter_Zone",4
775.153,"Info","Arena",6,"Exit_Zone",4
775.153,"Info","Arena",6,"Enter_Zone",1
775.353,"Info","Arena",4,"Exit_Zone",4
775.353,"Info","Arena",4,"Enter_Zone",3
775.436,"Info","Arena",8,"Exit_Zone",2
775.436,"Info","Arena",8,"Enter_Zone",4
775.549,"Info","Arena",2,"Exit_Zone",1
775.549,"Info","Arena",2,"Enter_Zone",4
775.549,"Info","Arena",5,"Exit_Zone",4
775.549,"Info","Arena",5,"Enter_Zone",1
775.866,"Info","Arena",7,"Exit_Zone",4
775.866,"Info","Arena",7,"Enter_Zone",3
775.982,"Info","Arena",2,"Exit_Zone",4
775.982,"Info","Arena",2,"Enter_Zone",3
776.061,"Info","Arena",8,"Exit_Zone",4
776.061,"Info","Arena",8,"Enter_Zone",3
776.330,"Info","Arena",1,"Exit_Zone",3
776.330,"Info","Arena",1,"Enter_Zone",4
776.799,"Info","Arena",1,"Exit_Zone",4
776.799,"Info","Arena",1,"Enter_Zone",2
778.249,"Info","Arena",7,"Exit_Zone",3
778.249,"Info","Arena",7,"Enter_Zone",4
778.491,"Info","Arena",4,"Exit_Zone",3
778.491,"Info","Arena",4,"Enter_Zone",4
778.836,"Info","Arena",7,"Exit_Zone",4
778.836,"Info","Arena",7,"Enter_Zone",2
779.005,"Info","Arena",4,"Exit_Zone",4
779.005,"Info","Arena",4,"Enter_Zone",1
779.709,"Info","Arena",2,"Exit_Zone",3
779.709,"Info","Arena",2,"Enter_Zone",4
779.741,"Info","Arena",6,"Exit_Zone",1
779.741,"Info","Arena",6,"Enter_Zone",4
780.136,"Info","Arena",2,"Exit_Zone",4
780.136,"Info","Arena",2,"Enter_Zone",2
780.631,"Info","Arena",8,"Exit_Zone",3
780.631,"Info","Arena",8,"Enter_Zone",4
781.080,"Info","Arena",8,"Exit_Zone",4
781.080,"Info","Arena",8,"Enter_Zone",2
781.594,"Info","Arena",6,"Exit_Zone",4
781.594,"Info","Arena",6,"Enter_Zone",1
781.835,"Info","Arena",7,"Exit_Zone",2
781.835,"Info","Arena",7,"Enter_Zone",4
782.152,"Info","Arena",7,"Exit_Zone",4
782.152,"Info","Arena",7,"Enter_Zone",1
782.187,"Info","Arena",5,"Exit_Zone",1
782.187,"Info","Arena",5,"Enter_Zone",4
782.375,"Info","Arena",4,"Exit_Zone",1
782.375,"Info","Arena",4,"Enter_Zone",4
782.482,"Info","Arena",6,"Exit_Zone",1
782.482,"Info","Arena",6,"Enter_Zone",4
782.659,"Info","Arena",5,"Exit_Zone",4
782.659,"Info","Arena",5,"Enter_Zone",3
782.799,"Info","Arena",4,"Exit_Zone",4
782.799,"Info","Arena",4,"Enter_Zone",3
783.218,"Info","Arena",6,"Exit_Zone",4
783.218,"Info","Arena",6,"Enter_Zone",3
783.387,"Info","Arena",2,"Exit_Zone",2
783.387,"Info","Arena",2,"Enter_Zone",3
783.489,"Info","Arena",2,"Exit_Zone",3
783.489,"Info","Arena",2,"Enter_Zone",2
784.222,"Info","Arena",8,"Exit_Zone",2
784.222,"Info","Arena",8,"Enter_Zone",4
784.694,"Info","Arena",7,"Exit_Zone",1
784.694,"Info","Arena",7,"Enter_Zone",4
784.694,"Info","Arena",8,"Exit_Zone",4
784.694,"Info","Arena",8,"Enter_Zone",1
784.802,"Info","Arena",1,"Exit_Zone",2
784.802,"Info","Arena",1,"Enter_Zone",3
784.841,"Info","Arena",1,"Exit_Zone",3
784.841,"Info","Arena",1,"Enter_Zone",4
784.949,"Info","Arena",1,"Exit_Zone",4
784.949,"Info","Arena",1,"Enter_Zone",3
784.949,"Info","Arena",2,"Exit_Zone",2
784.949,"Info","Arena",2,"Enter_Zone",4
785.169,"Info","Arena",1,"Exit_Zone",3
785.169,"Info","Arena",1,"Enter_Zone",4
785.169,"Info","Arena",7,"Exit_Zone",4
785.169,"Info","Arena",7,"Enter_Zone",3
785.682,"Info","Arena",5,"Exit_Zone",3
785.682,"Info","Arena",5,"Enter_Zone",4
785.719,"Info","Arena",2,"Exit_Zone",4
785.719,"Info","Arena",2,"Enter_Zone",1
785.858,"Info","Arena",1,"Exit_Zone",4
785.858,"Info","Arena",1,"Enter_Zone",1
786.385,"Info","Arena",3,"Exit_Zone",3
786.385,"Info","Arena",3,"Enter_Zone",4
786.452,"Info","Arena",5,"Exit_Zone",4
786.452,"Info","Arena",5,"Enter_Zone",1
786.486,"Info","Arena",4,"Exit_Zone",3
786.486,"Info","Arena",4,"Enter_Zone",4
786.857,"Info","Arena",3,"Exit_Zone",4
786.857,"Info","Arena",3,"Enter_Zone",1
786.857,"Info","Arena",6,"Exit_Zone",3
786.857,"Info","Arena",6,"Enter_Zone",4
787.390,"Info","Arena",6,"Exit_Zone",4
787.390,"Info","Arena",6,"Enter_Zone",1
787.461,"Info","Arena",1,"Exit_Zone",1
787.461,"Info","Arena",1,"Enter_Zone",4
787.533,"Info","Arena",1,"Exit_Zone",4
787.533,"Info","Arena",1,"Enter_Zone",2
787.640,"Info","Arena",4,"Exit_Zone",4
787.640,"Info","Arena",4,"Enter_Zone",2
787.818,"Info","Arena",7,"Exit_Zone",3
787.818,"Info","Arena",7,"Enter_Zone",4
788.543,"Info","Arena",7,"Exit_Zone",4
788.543,"Info","Arena",7,"Enter_Zone",2
790.246,"Info","Arena",8,"Exit_Zone",1
790.246,"Info","Arena",8,"Enter_Zone",4
790.592,"Info","Arena",2,"Exit_Zone",1
790.592,"Info","Arena",2,"Enter_Zone",4
790.867,"Info","Arena",4,"Exit_Zone",2
790.867,"Info","Arena",4,"Enter_Zone",4
790.902,"Info","Arena",8,"Exit_Zone",4
790.902,"Info","Arena",8,"Enter_Zone",3
790.937,"Info","Arena",2,"Exit_Zone",4
790.937,"Info","Arena",2,"Enter_Zone",3
790.971,"Info","Arena",6,"Exit_Zone",1
790.971,"Info","Arena",6,"Enter_Zone",4
791.005,"Info","Arena",6,"Exit_Zone",4
791.005,"Info","Arena",6,"Enter_Zone",1
791.042,"Info","Arena",6,"Exit_Zone",1
791.042,"Info","Arena",6,"Enter_Zone",4
791.678,"Info","Arena",4,"Exit_Zone",4
791.678,"Info","Arena",4,"Enter_Zone",3
792.032,"Info","Arena",1,"Exit_Zone",2
792.032,"Info","Arena",1,"Enter_Zone",4
792.032,"Info","Arena",7,"Exit_Zone",2
792.032,"Info","Arena",7,"Enter_Zone",4
792.221,"Info","Arena",5,"Exit_Zone",1
792.221,"Info","Arena",5,"Enter_Zone",4
792.257,"Info","Arena",1,"Exit_Zone",4
792.257,"Info","Arena",1,"Enter_Zone",1
792.363,"Info","Arena",6,"Exit_Zone",4
792.363,"Info","Arena",6,"Enter_Zone",3
792.469,"Info","Arena",7,"Exit_Zone",4
792.469,"Info","Arena",7,"Enter_Zone",3
793.076,"Info","Arena",5,"Exit_Zone",4
793.076,"Info","Arena",5,"Enter_Zone",3
794.630,"Info","Arena",2,"Exit_Zone",3
794.630,"Info","Arena",2,"Enter_Zone",4
794.700,"Info","Arena",7,"Exit_Zone",3
794.700,"Info","Arena",7,"Enter_Zone",4
794.990,"Info","Arena",7,"Exit_Zone",4
794.990,"Info","Arena",7,"Enter_Zone",2
795.062,"Info","Arena",2,"Exit_Zone",4
795.062,"Info","Arena",2,"Enter_Zone",2
795.170,"Info","Arena",4,"Exit_Zone",3
795.170,"Info","Arena",4,"Enter_Zone",4
795.591,"Info","Arena",4,"Exit_Zone",4
795.591,"Info","Arena",4,"Enter_Zone",2
795.933,"Info","Arena",1,"Exit_Zone",1
795.933,"Info","Arena",1,"Enter_Zone",4
796.038,"Info","Arena",1,"Exit_Zone",4
796.038,"Info","Arena",1,"Enter_Zone",2
796.221,"Info","Arena",2,"Exit_Zone",2
796.221,"Info","Arena",2,"Enter_Zone",3
796.519,"Info","Arena",2,"Exit_Zone",3
796.519,"Info","Arena",2,"Enter_Zone",2
796.978,"Info","Arena",6,"Exit_Zone",3
796.978,"Info","Arena",6,"Enter_Zone",4
797.448,"Info","Arena",5,"Exit_Zone",3
797.448,"Info","Arena",5,"Enter_Zone",4
797.479,"Info","Arena",8,"Exit_Zone",3
797.479,"Info","Arena",8,"Enter_Zone",4
798.123,"Info","Arena",5,"Exit_Zone",4
798.123,"Info","Arena",5,"Enter_Zone",2
798.194,"Info","Arena",6,"Exit_Zone",4
798.194,"Info","Arena",6,"Enter_Zone",1
798.386,"Info","Arena",7,"Exit_Zone",2
798.386,"Info","Arena",7,"Enter_Zone",4
798.721,"Info","Arena",1,"Exit_Zone",2
798.721,"Info","Arena",1,"Enter_Zone",4
798.721,"Info","Arena",7,"Exit_Zone",4
798.721,"Info","Arena",7,"Enter_Zone",1
798.869,"Info","Arena",2,"Exit_Zone",2
798.869,"Info","Arena",2,"Enter_Zone",4
798.941,"Info","Arena",1,"Exit_Zone",4
798.941,"Info","Arena",1,"Enter_Zone",1
799.088,"Info","Arena",2,"Exit_Zone",4
799.088,"Info","Arena",2,"Enter_Zone",1
799.125,"Info","Arena",4,"Exit_Zone",2
799.125,"Info","Arena",4,"Enter_Zone",4
799.245,"Info","Arena",8,"Exit_Zone",4
799.245,"Info","Arena",8,"Enter_Zone",1
799.716,"Info","Arena",5,"Exit_Zone",2
799.716,"Info","Arena",5,"Enter_Zone",1
799.751,"Info","Arena",5,"Exit_Zone",1
799.751,"Info","Arena",5,"Enter_Zone",2
799.818,"Info","Arena",4,"Exit_Zone",4
799.818,"Info","Arena",4,"Enter_Zone",3
800.383,"Info","Arena",1,"Exit_Zone",1
800.383,"Info","Arena",1,"Enter_Zone",4
800.417,"Info","Arena",1,"Exit_Zone",4
800.417,"Info","Arena",1,"Enter_Zone",2
801.561,"Info","Arena",6,"Exit_Zone",1
801.561,"Info","Arena",6,"Enter_Zone",4
801.626,"Info","Arena",7,"Exit_Zone",1
801.626,"Info","Arena",7,"Enter_Zone",4
801.798,"Info","Arena",7,"Exit_Zone",4
801.798,"Info","Arena",7,"Enter_Zone",2
802.203,"Info","Arena",7,"Exit_Zone",2
802.203,"Info","Arena",7,"Enter_Zone",4
802.323,"Info","Arena",7,"Exit_Zone",4
802.323,"Info","Arena",7,"Enter_Zone",3
802.397,"Info","Arena",6,"Exit_Zone",4
802.397,"Info","Arena",6,"Enter_Zone",3
802.544,"Info","Arena",4,"Exit_Zone",3
802.544,"Info","Arena",4,"Enter_Zone",4
802.657,"Info","Arena",2,"Exit_Zone",1
802.657,"Info","Arena",2,"Enter_Zone",4
802.693,"Info","Arena",1,"Exit_Zone",2
802.693,"Info","Arena",1,"Enter_Zone",4
802.881,"Info","Arena",1,"Exit_Zone",4
802.881,"Info","Arena",1,"Enter_Zone",1
803.136,"Info","Arena",4,"Exit_Zone",4
803.136,"Info","Arena",4,"Enter_Zone",2
803.255,"Info","Arena",2,"Exit_Zone",4
803.255,"Info","Arena",2,"Enter_Zone",3
803.928,"Info","Arena",7,"Exit_Zone",3
803.928,"Info","Arena",7,"Enter_Zone",4
804.435,"Info","Arena",7,"Exit_Zone",4
804.435,"Info","Arena",7,"Enter_Zone",2
804.868,"Info","Arena",3,"Exit_Zone",1
804.868,"Info","Arena",3,"Enter_Zone",4
805.538,"Info","Arena",3,"Exit_Zone",4
805.538,"Info","Arena",3,"Enter_Zone",2
805.571,"Info","Arena",1,"Exit_Zone",1
805.571,"Info","Arena",1,"Enter_Zone",3
805.640,"Info","Arena",1,"Exit_Zone",3
805.640,"Info","Arena",1,"Enter_Zone",1
805.707,"Info","Arena",2,"Exit_Zone",3
805.707,"Info","Arena",2,"Enter_Zone",4
806.221,"Info","Arena",2,"Exit_Zone",4
806.221,"Info","Arena",2,"Enter_Zone",2
806.253,"Info","Arena",4,"Exit_Zone",2
806.253,"Info","Arena",4,"Enter_Zone",4
806.421,"Info","Arena",2,"Exit_Zone",2
806.421,"Info","Arena",2,"Enter_Zone",4
806.920,"Info","Arena",8,"Exit_Zone",1
806.920,"Info","Arena",8,"Enter_Zone",4
807.250,"Info","Arena",6,"Exit_Zone",3
807.250,"Info","Arena",6,"Enter_Zone",4
807.355,"Info","Arena",2,"Exit_Zone",4
807.355,"Info","Arena",2,"Enter_Zone",2
807.608,"Info","Arena",4,"Exit_Zone",4
807.608,"Info","Arena",4,"Enter_Zone",1
807.682,"Info","Arena",8,"Exit_Zone",4
807.682,"Info","Arena",8,"Enter_Zone",3
807.717,"Info","Arena",7,"Exit_Zone",2
807.717,"Info","Arena",7,"Enter_Zone",4
807.867,"Info","Arena",1,"Exit_Zone",1
807.867,"Info","Arena",1,"Enter_Zone",4
807.906,"Info","Arena",1,"Exit_Zone",4
807.906,"Info","Arena",1,"Enter_Zone",2
808.015,"Info","Arena",7,"Exit_Zone",4
808.015,"Info","Arena",7,"Enter_Zone",1
808.087,"Info","Arena",6,"Exit_Zone",4
808.087,"Info","Arena",6,"Enter_Zone",1
808.603,"Info","Arena",5,"Exit_Zone",2
808.603,"Info","Arena",5,"Enter_Zone",4
808.735,"Info","Arena",2,"Exit_Zone",2
808.735,"Info","Arena",2,"Enter_Zone",3
808.862,"Info","Arena",2,"Exit_Zone",3
808.862,"Info","Arena",2,"Enter_Zone",2
809.458,"Info","Arena",5,"Exit_Zone",4
809.458,"Info","Arena",5,"Enter_Zone",3
810.048,"Info","Arena",1,"Exit_Zone",2
810.048,"Info","Arena",1,"Enter_Zone",4
810.198,"Info","Arena",1,"Exit_Zone",4
810.198,"Info","Arena",1,"Enter_Zone",1
810.283,"Info","Arena",7,"Exit_Zone",1
810.283,"Info","Arena",7,"Enter_Zone",4
810.590,"Info","Arena",2,"Exit_Zone",2
810.590,"Info","Arena",2,"Enter_Zone",4
810.590,"Info","Arena",4,"Exit_Zone",1
810.590,"Info","Arena",4,"Enter_Zone",4
810.701,"Info","Arena",7,"Exit_Zone",4
810.701,"Info","Arena",7,"Enter_Zone",3
810.773,"Info","Arena",4,"Exit_Zone",4
810.773,"Info","Arena",4,"Enter_Zone",2
810.880,"Info","Arena",2,"Exit_Zone",4
810.880,"Info","Arena",2,"Enter_Zone",1
811.427,"Info","Arena",6,"Exit_Zone",1
811.427,"Info","Arena",6,"Enter_Zone",4
812.140,"Info","Arena",6,"Exit_Zone",4
812.140,"Info","Arena",6,"Enter_Zone",2
812.959,"Info","Arena",7,"Exit_Zone",3
812.959,"Info","Arena",7,"Enter_Zone",4
813.143,"Info","Arena",1,"Exit_Zone",1
813.143,"Info","Arena",1,"Enter_Zone",4
813.185,"Info","Arena",1,"Exit_Zone",4
813.185,"Info","Arena",1,"Enter_Zone",2
813.341,"Info","Arena",7,"Exit_Zone",4
813.341,"Info","Arena",7,"Enter_Zone",2
813.963,"Info","Arena",8,"Exit_Zone",3
813.963,"Info","Arena",8,"Enter_Zone",4
814.146,"Info","Arena",4,"Exit_Zone",2
814.146,"Info","Arena",4,"Enter_Zone",4
814.479,"Info","Arena",2,"Exit_Zone",1
814.479,"Info","Arena",2,"Enter_Zone",4
814.479,"Info","Arena",5,"Exit_Zone",3
814.479,"Info","Arena",5,"Enter_Zone",4
814.516,"Info","Arena",8,"Exit_Zone",4
814.516,"Info","Arena",8,"Enter_Zone",1
814.698,"Info","Arena",4,"Exit_Zone",4
814.698,"Info","Arena",4,"Enter_Zone",3
814.735,"Info","Arena",2,"Exit_Zone",4
814.735,"Info","Arena",2,"Enter_Zone",2
815.142,"Info","Arena",2,"Exit_Zone",2
815.142,"Info","Arena",2,"Enter_Zone",4
815.180,"Info","Arena",5,"Exit_Zone",4
815.180,"Info","Arena",5,"Enter_Zone",2
815.227,"Info","Arena",2,"Exit_Zone",4
815.227,"Info","Arena",2,"Enter_Zone",3
815.532,"Info","Arena",7,"Exit_Zone",2
815.532,"Info","Arena",7,"Enter_Zone",4
815.910,"Info","Arena",7,"Exit_Zone",4
815.910,"Info","Arena",7,"Enter_Zone",1
816.061,"Info","Arena",1,"Exit_Zone",2
816.061,"Info","Arena",1,"Enter_Zone",4
816.258,"Info","Arena",1,"Exit_Zone",4
816.258,"Info","Arena",1,"Enter_Zone",1
816.335,"Info","Arena",6,"Exit_Zone",2
816.335,"Info","Arena",6,"Enter_Zone",4
817.184,"Info","Arena",6,"Exit_Zone",4
817.184,"Info","Arena",6,"Enter_Zone",3
817.262,"Info","Arena",4,"Exit_Zone",3
817.262,"Info","Arena",4,"Enter_Zone",4
817.593,"Info","Arena",3,"Exit_Zone",2
817.593,"Info","Arena",3,"Enter_Zone",4
817.833,"Info","Arena",4,"Exit_Zone",4
817.833,"Info","Arena",4,"Enter_Zone",1
818.458,"Info","Arena",3,"Exit_Zone",4
818.458,"Info","Arena",3,"Enter_Zone",3
818.568,"Info","Arena",7,"Exit_Zone",1
818.568,"Info","Arena",7,"Enter_Zone",4
818.568,"Info","Arena",8,"Exit_Zone",1
818.568,"Info","Arena",8,"Enter_Zone",4
818.854,"Info","Arena",2,"Exit_Zone",3
818.854,"Info","Arena",2,"Enter_Zone",4
819.220,"Info","Arena",7,"Exit_Zone",4
819.220,"Info","Arena",7,"Enter_Zone",3
819.291,"Info","Arena",2,"Exit_Zone",4
819.291,"Info","Arena",2,"Enter_Zone",2
819.291,"Info","Arena",8,"Exit_Zone",4
819.291,"Info","Arena",8,"Enter_Zone",3
820.838,"Info","Arena",1,"Exit_Zone",1
820.838,"Info","Arena",1,"Enter_Zone",4
820.910,"Info","Arena",1,"Exit_Zone",4
820.910,"Info","Arena",1,"Enter_Zone",2
820.980,"Info","Arena",4,"Exit_Zone",1
820.980,"Info","Arena",4,"Enter_Zone",4
821.243,"Info","Arena",6,"Exit_Zone",3
821.243,"Info","Arena",6,"Enter_Zone",4
821.315,"Info","Arena",5,"Exit_Zone",2
821.315,"Info","Arena",5,"Enter_Zone",4
821.384,"Info","Arena",4,"Exit_Zone",4
821.384,"Info","Arena",4,"Enter_Zone",2
821.804,"Info","Arena",7,"Exit_Zone",3
821.804,"Info","Arena",7,"Enter_Zone",4
821.875,"Info","Arena",5,"Exit_Zone",4
821.875,"Info","Arena",5,"Enter_Zone",3
821.875,"Info","Arena",6,"Exit_Zone",4
821.875,"Info","Arena",6,"Enter_Zone",2
822.264,"Info","Arena",2,"Exit_Zone",2
822.264,"Info","Arena",2,"Enter_Zone",3
822.368,"Info","Arena",7,"Exit_Zone",4
822.368,"Info","Arena",7,"Enter_Zone",2
822.567,"Info","Arena",2,"Exit_Zone",3
822.567,"Info","Arena",2,"Enter_Zone",2
823.729,"Info","Arena",2,"Exit_Zone",2
823.729,"Info","Arena",2,"Enter_Zone",4
823.864,"Info","Arena",8,"Exit_Zone",3
823.864,"Info","Arena",8,"Enter_Zone",4
824.095,"Info","Arena",2,"Exit_Zone",4
824.095,"Info","Arena",2,"Enter_Zone",1
824.692,"Info","Arena",8,"Exit_Zone",4
824.692,"Info","Arena",8,"Enter_Zone",2
825.147,"Info","Arena",4,"Exit_Zone",2
825.147,"Info","Arena",4,"Enter_Zone",4
825.181,"Info","Arena",1,"Exit_Zone",2
825.181,"Info","Arena",1,"Enter_Zone",4
825.411,"Info","Arena",7,"Exit_Zone",2
825.411,"Info","Arena",7,"Enter_Zone",4
825.670,"Info","Arena",1,"Exit_Zone",4
825.670,"Info","Arena",1,"Enter_Zone",1
825.890,"Info","Arena",4,"Exit_Zone",4
825.890,"Info","Arena",4,"Enter_Zone",1
826.078,"Info","Arena",7,"Exit_Zone",4
826.078,"Info","Arena",7,"Enter_Zone",1
826.238,"Info","Arena",6,"Exit_Zone",2
826.238,"Info","Arena",6,"Enter_Zone",4
826.352,"Info","Arena",2,"Exit_Zone",1
826.352,"Info","Arena",2,"Enter_Zone",4
826.392,"Info","Arena",2,"Exit_Zone",4
826.392,"Info","Arena",2,"Enter_Zone",3
827.304,"Info","Arena",6,"Exit_Zone",4
827.304,"Info","Arena",6,"Enter_Zone",3
827.667,"Info","Arena",5,"Exit_Zone",3
827.667,"Info","Arena",5,"Enter_Zone",4
828.153,"Info","Arena",8,"Exit_Zone",2
828.153,"Info","Arena",8,"Enter_Zone",4
828.758,"Info","Arena",8,"Exit_Zone",4
828.758,"Info","Arena",8,"Enter_Zone",3
828.795,"Info","Arena",2,"Exit_Zone",3
828.795,"Info","Arena",2,"Enter_Zone",4
828.795,"Info","Arena",5,"Exit_Zone",4
828.795,"Info","Arena",5,"Enter_Zone",2
829.135,"Info","Arena",7,"Exit_Zone",1
829.135,"Info","Arena",7,"Enter_Zone",4
829.171,"Info","Arena",2,"Exit_Zone",4
829.171,"Info","Arena",2,"Enter_Zone",2
829.291,"Info","Arena",4,"Exit_Zone",1
829.291,"Info","Arena",4,"Enter_Zone",4
829.807,"Info","Arena",7,"Exit_Zone",4
829.807,"Info","Arena",7,"Enter_Zone",3
830.239,"Info","Arena",4,"Exit_Zone",4
830.239,"Info","Arena",4,"Enter_Zone",2
830.271,"Info","Arena",2,"Exit_Zone",2
830.271,"Info","Arena",2,"Enter_Zone",3
830.377,"Info","Arena",2,"Exit_Zone",3
830.377,"Info","Arena",2,"Enter_Zone",2
830.955,"Info","Arena",7,"Exit_Zone",3
830.955,"Info","Arena",7,"Enter_Zone",4
830.989,"Info","Arena",6,"Exit_Zone",3
830.989,"Info","Arena",6,"Enter_Zone",4
831.366,"Info","Arena",7,"Exit_Zone",4
831.366,"Info","Arena",7,"Enter_Zone",2
831.571,"Info","Arena",2,"Exit_Zone",2
831.571,"Info","Arena",2,"Enter_Zone",3
831.707,"Info","Arena",6,"Exit_Zone",4
831.707,"Info","Arena",6,"Enter_Zone",1
831.742,"Info","Arena",2,"Exit_Zone",3
831.742,"Info","Arena",2,"Enter_Zone",2
832.484,"Info","Arena",8,"Exit_Zone",3
832.484,"Info","Arena",8,"Enter_Zone",4
833.207,"Info","Arena",8,"Exit_Zone",4
833.207,"Info","Arena",8,"Enter_Zone",2
833.368,"Info","Arena",2,"Exit_Zone",2
833.368,"Info","Arena",2,"Enter_Zone",4
833.558,"Info","Arena",7,"Exit_Zone",2
833.558,"Info","Arena",7,"Enter_Zone",4
833.634,"Info","Arena",4,"Exit_Zone",2
833.634,"Info","Arena",4,"Enter_Zone",4
833.821,"Info","Arena",7,"Exit_Zone",4
833.821,"Info","Arena",7,"Enter_Zone",1
833.897,"Info","Arena",5,"Exit_Zone",2
833.897,"Info","Arena",5,"Enter_Zone",4
834.009,"Info","Arena",4,"Exit_Zone",4
834.009,"Info","Arena",4,"Enter_Zone",1
834.123,"Info","Arena",2,"Exit_Zone",4
834.123,"Info","Arena",2,"Enter_Zone",1
834.394,"Info","Arena",6,"Exit_Zone",1
834.394,"Info","Arena",6,"Enter_Zone",4
834.862,"Info","Arena",5,"Exit_Zone",4
834.862,"Info","Arena",5,"Enter_Zone",3
834.934,"Info","Arena",1,"Exit_Zone",1
834.934,"Info","Arena",1,"Enter_Zone",3
835.006,"Info","Arena",8,"Exit_Zone",2
835.006,"Info","Arena",8,"Enter_Zone",4
835.045,"Info","Arena",6,"Exit_Zone",4
835.045,"Info","Arena",6,"Enter_Zone",3
835.117,"Info","Arena",1,"Exit_Zone",3
835.117,"Info","Arena",1,"Enter_Zone",1
835.489,"Info","Arena",8,"Exit_Zone",4
835.489,"Info","Arena",8,"Enter_Zone",3
835.734,"Info","Arena",7,"Exit_Zone",1
835.734,"Info","Arena",7,"Enter_Zone",4
835.948,"Info","Arena",1,"Exit_Zone",1
835.948,"Info","Arena",1,"Enter_Zone",4
836.278,"Info","Arena",7,"Exit_Zone",4
836.278,"Info","Arena",7,"Enter_Zone",3
836.454,"Info","Arena",1,"Exit_Zone",4
836.454,"Info","Arena",1,"Enter_Zone",3
837.180,"Info","Arena",1,"Exit_Zone",3
837.180,"Info","Arena",1,"Enter_Zone",4
837.537,"Info","Arena",1,"Exit_Zone",4
837.537,"Info","Arena",1,"Enter_Zone",1
837.808,"Info","Arena",4,"Exit_Zone",1
837.808,"Info","Arena",4,"Enter_Zone",4
838.110,"Info","Arena",2,"Exit_Zone",1
838.110,"Info","Arena",2,"Enter_Zone",4
838.110,"Info","Arena",4,"Exit_Zone",4
838.110,"Info","Arena",4,"Enter_Zone",2
838.766,"Info","Arena",2,"Exit_Zone",4
838.766,"Info","Arena",2,"Enter_Zone",3
838.880,"Info","Arena",7,"Exit_Zone",3
838.880,"Info","Arena",7,"Enter_Zone",4
839.591,"Info","Arena",8,"Exit_Zone",3
839.591,"Info","Arena",8,"Enter_Zone",4
839.631,"Info","Arena",7,"Exit_Zone",4
839.631,"Info","Arena",7,"Enter_Zone",2
840.202,"Info","Arena",8,"Exit_Zone",4
840.202,"Info","Arena",8,"Enter_Zone",1
840.423,"Info","Arena",1,"Exit_Zone",1
840.423,"Info","Arena",1,"Enter_Zone",3
840.423,"Info","Arena",6,"Exit_Zone",3
840.423,"Info","Arena",6,"Enter_Zone",4
840.634,"Info","Arena",1,"Exit_Zone",3
840.634,"Info","Arena",1,"Enter_Zone",1
840.911,"Info","Arena",6,"Exit_Zone",4
840.911,"Info","Arena",6,"Enter_Zone",2
841.014,"Info","Arena",5,"Exit_Zone",3
841.014,"Info","Arena",5,"Enter_Zone",4
841.831,"Info","Arena",5,"Exit_Zone",4
841.831,"Info","Arena",5,"Enter_Zone",2
842.084,"Info","Arena",4,"Exit_Zone",2
842.084,"Info","Arena",4,"Enter_Zone",4
842.662,"Info","Arena",7,"Exit_Zone",2
842.662,"Info","Arena",7,"Enter_Zone",4
843.018,"Info","Arena",4,"Exit_Zone",4
843.018,"Info","Arena",4,"Enter_Zone",3
843.161,"Info","Arena",7,"Exit_Zone",4
843.161,"Info","Arena",7,"Enter_Zone",1
843.381,"Info","Arena",2,"Exit_Zone",3
843.381,"Info","Arena",2,"Enter_Zone",4
843.834,"Info","Arena",2,"Exit_Zone",4
843.834,"Info","Arena",2,"Enter_Zone",2
845.027,"Info","Arena",3,"Exit_Zone",3
845.027,"Info","Arena",3,"Enter_Zone",4
845.027,"Info","Arena",8,"Exit_Zone",1
845.027,"Info","Arena",8,"Enter_Zone",4
845.062,"Info","Arena",3,"Exit_Zone",4
845.062,"Info","Arena",3,"Enter_Zone",3
845.095,"Info","Arena",3,"Exit_Zone",3
845.095,"Info","Arena",3,"Enter_Zone",4
845.389,"Info","Arena",6,"Exit_Zone",2
845.389,"Info","Arena",6,"Enter_Zone",4
845.606,"Info","Arena",1,"Exit_Zone",1
845.606,"Info","Arena",1,"Enter_Zone",4
845.682,"Info","Arena",1,"Exit_Zone",4
845.682,"Info","Arena",1,"Enter_Zone",2
845.720,"Info","Arena",3,"Exit_Zone",4
845.720,"Info","Arena",3,"Enter_Zone",1
845.720,"Info","Arena",8,"Exit_Zone",4
845.720,"Info","Arena",8,"Enter_Zone",3
845.901,"Info","Arena",7,"Exit_Zone",1
845.901,"Info","Arena",7,"Enter_Zone",4
846.121,"Info","Arena",5,"Exit_Zone",2
846.121,"Info","Arena",5,"Enter_Zone",1
846.240,"Info","Arena",5,"Exit_Zone",1
846.240,"Info","Arena",5,"Enter_Zone",2
846.275,"Info","Arena",6,"Exit_Zone",4
846.275,"Info","Arena",6,"Enter_Zone",3
846.385,"Info","Arena",4,"Exit_Zone",3
846.385,"Info","Arena",4,"Enter_Zone",4
846.557,"Info","Arena",7,"Exit_Zone",4
846.557,"Info","Arena",7,"Enter_Zone",3
846.594,"Info","Arena",4,"Exit_Zone",4
846.594,"Info","Arena",4,"Enter_Zone",1
848.099,"Info","Arena",2,"Exit_Zone",2
848.099,"Info","Arena",2,"Enter_Zone",4
848.565,"Info","Arena",2,"Exit_Zone",4
848.565,"Info","Arena",2,"Enter_Zone",1
849.184,"Info","Arena",1,"Exit_Zone",2
849.184,"Info","Arena",1,"Enter_Zone",4
849.184,"Info","Arena",7,"Exit_Zone",3
849.184,"Info","Arena",7,"Enter_Zone",4
849.412,"Info","Arena",1,"Exit_Zone",4
849.412,"Info","Arena",1,"Enter_Zone",1
849.628,"Info","Arena",7,"Exit_Zone",4
849.628,"Info","Arena",7,"Enter_Zone",2
849.734,"Info","Arena",4,"Exit_Zone",1
849.734,"Info","Arena",4,"Enter_Zone",4
849.874,"Info","Arena",8,"Exit_Zone",3
849.874,"Info","Arena",8,"Enter_Zone",4
850.158,"Info","Arena",8,"Exit_Zone",4
850.158,"Info","Arena",8,"Enter_Zone",3
850.376,"Info","Arena",4,"Exit_Zone",4
850.376,"Info","Arena",4,"Enter_Zone",3
851.512,"Info","Arena",5,"Exit_Zone",2
851.512,"Info","Arena",5,"Enter_Zone",4
851.650,"Info","Arena",2,"Exit_Zone",1
851.650,"Info","Arena",2,"Enter_Zone",4
851.650,"Info","Arena",4,"Exit_Zone",3
851.650,"Info","Arena",4,"Enter_Zone",4
852.038,"Info","Arena",4,"Exit_Zone",4
852.038,"Info","Arena",4,"Enter_Zone",1
852.226,"Info","Arena",5,"Exit_Zone",4
852.226,"Info","Arena",5,"Enter_Zone",3
852.333,"Info","Arena",2,"Exit_Zone",4
852.333,"Info","Arena",2,"Enter_Zone",3
852.936,"Info","Arena",1,"Exit_Zone",1
852.936,"Info","Arena",1,"Enter_Zone",4
853.041,"Info","Arena",1,"Exit_Zone",4
853.041,"Info","Arena",1,"Enter_Zone",2
854.093,"Info","Arena",7,"Exit_Zone",2
854.093,"Info","Arena",7,"Enter_Zone",4
854.403,"Info","Arena",6,"Exit_Zone",3
854.403,"Info","Arena",6,"Enter_Zone",4
854.542,"Info","Arena",7,"Exit_Zone",4
854.542,"Info","Arena",7,"Enter_Zone",1
854.815,"Info","Arena",4,"Exit_Zone",1
854.815,"Info","Arena",4,"Enter_Zone",4
855.090,"Info","Arena",6,"Exit_Zone",4
855.090,"Info","Arena",6,"Enter_Zone",1
855.423,"Info","Arena",4,"Exit_Zone",4
855.423,"Info","Arena",4,"Enter_Zone",2
856.029,"Info","Arena",2,"Exit_Zone",3
856.029,"Info","Arena",2,"Enter_Zone",4
856.529,"Info","Arena",2,"Exit_Zone",4
856.529,"Info","Arena",2,"Enter_Zone",2
857.180,"Info","Arena",6,"Exit_Zone",1
857.180,"Info","Arena",6,"Enter_Zone",4
857.890,"Info","Arena",6,"Exit_Zone",4
857.890,"Info","Arena",6,"Enter_Zone",3
858.153,"Info","Arena",4,"Exit_Zone",2
858.153,"Info","Arena",4,"Enter_Zone",4
858.653,"Info","Arena",2,"Exit_Zone",2
858.653,"Info","Arena",2,"Enter_Zone",3
858.653,"Info","Arena",4,"Exit_Zone",4
858.653,"Info","Arena",4,"Enter_Zone",3
858.717,"Info","Arena",2,"Exit_Zone",3
858.717,"Info","Arena",2,"Enter_Zone",2
858.817,"Info","Arena",2,"Exit_Zone",2
858.817,"Info","Arena",2,"Enter_Zone",3
858.848,"Info","Arena",2,"Exit_Zone",3
858.848,"Info","Arena",2,"Enter_Zone",2
859.113,"Info","Arena",7,"Exit_Zone",1
859.113,"Info","Arena",7,"Enter_Zone",4
859.981,"Info","Arena",7,"Exit_Zone",4
859.981,"Info","Arena",7,"Enter_Zone",3
860.262,"Info","Arena",2,"Exit_Zone",2
860.262,"Info","Arena",2,"Enter_Zone",4
860.262,"Info","Arena",5,"Exit_Zone",3
860.262,"Info","Arena",5,"Enter_Zone",4
860.573,"Info","Arena",8,"Exit_Zone",3
860.573,"Info","Arena",8,"Enter_Zone",4
860.886,"Info","Arena",2,"Exit_Zone",4
860.886,"Info","Arena",2,"Enter_Zone",1
860.920,"Info","Arena",4,"Exit_Zone",3
860.920,"Info","Arena",4,"Enter_Zone",4
860.920,"Info","Arena",5,"Exit_Zone",4
860.920,"Info","Arena",5,"Enter_Zone",2
861.272,"Info","Arena",8,"Exit_Zone",4
861.272,"Info","Arena",8,"Enter_Zone",2
861.339,"Info","Arena",4,"Exit_Zone",4
861.339,"Info","Arena",4,"Enter_Zone",1
862.117,"Info","Arena",6,"Exit_Zone",3
862.117,"Info","Arena",6,"Enter_Zone",4
862.149,"Info","Arena",1,"Exit_Zone",2
862.149,"Info","Arena",1,"Enter_Zone",4
862.292,"Info","Arena",1,"Exit_Zone",4
862.292,"Info","Arena",1,"Enter_Zone",1
862.888,"Info","Arena",6,"Exit_Zone",4
862.888,"Info","Arena",6,"Enter_Zone",1
863.149,"Info","Arena",4,"Exit_Zone",1
863.149,"Info","Arena",4,"Enter_Zone",4
863.353,"Info","Arena",4,"Exit_Zone",4
863.353,"Info","Arena",4,"Enter_Zone",2
864.709,"Info","Arena",8,"Exit_Zone",2
864.709,"Info","Arena",8,"Enter_Zone",4
865.079,"Info","Arena",2,"Exit_Zone",1
865.079,"Info","Arena",2,"Enter_Zone",4
865.184,"Info","Arena",2,"Exit_Zone",4
865.184,"Info","Arena",2,"Enter_Zone",2
865.228,"Info","Arena",8,"Exit_Zone",4
865.228,"Info","Arena",8,"Enter_Zone",1
865.264,"Info","Arena",1,"Exit_Zone",1
865.264,"Info","Arena",1,"Enter_Zone",4
865.369,"Info","Arena",1,"Exit_Zone",4
865.369,"Info","Arena",1,"Enter_Zone",2
866.048,"Info","Arena",5,"Exit_Zone",2
866.048,"Info","Arena",5,"Enter_Zone",4
866.341,"Info","Arena",2,"Exit_Zone",2
866.341,"Info","Arena",2,"Enter_Zone",4
866.375,"Info","Arena",7,"Exit_Zone",3
866.375,"Info","Arena",7,"Enter_Zone",4
866.625,"Info","Arena",4,"Exit_Zone",2
866.625,"Info","Arena",4,"Enter_Zone",4
866.625,"Info","Arena",5,"Exit_Zone",4
866.625,"Info","Arena",5,"Enter_Zone",1
866.731,"Info","Arena",2,"Exit_Zone",4
866.731,"Info","Arena",2,"Enter_Zone",1
866.731,"Info","Arena",7,"Exit_Zone",4
866.731,"Info","Arena",7,"Enter_Zone",2
867.082,"Info","Arena",4,"Exit_Zone",4
867.082,"Info","Arena",4,"Enter_Zone",3
867.082,"Info","Arena",6,"Exit_Zone",1
867.082,"Info","Arena",6,"Enter_Zone",4
867.982,"Info","Arena",3,"Exit_Zone",1
867.982,"Info","Arena",3,"Enter_Zone",4
868.176,"Info","Arena",6,"Exit_Zone",4
868.176,"Info","Arena",6,"Enter_Zone",3
868.705,"Info","Arena",3,"Exit_Zone",4
868.705,"Info","Arena",3,"Enter_Zone",2
869.034,"Info","Arena",1,"Exit_Zone",2
869.034,"Info","Arena",1,"Enter_Zone",4
869.244,"Info","Arena",1,"Exit_Zone",4
869.244,"Info","Arena",1,"Enter_Zone",1
869.865,"Info","Arena",4,"Exit_Zone",3
869.865,"Info","Arena",4,"Enter_Zone",4
869.865,"Info","Arena",7,"Exit_Zone",2
869.865,"Info","Arena",7,"Enter_Zone",4
870.005,"Info","Arena",2,"Exit_Zone",1
870.005,"Info","Arena",2,"Enter_Zone",4
870.227,"Info","Arena",7,"Exit_Zone",4
870.227,"Info","Arena",7,"Enter_Zone",1
870.405,"Info","Arena",4,"Exit_Zone",4
870.405,"Info","Arena",4,"Enter_Zone",1
870.405,"Info","Arena",8,"Exit_Zone",1
870.405,"Info","Arena",8,"Enter_Zone",4
871.156,"Info","Arena",5,"Exit_Zone",1
871.156,"Info","Arena",5,"Enter_Zone",4
871.194,"Info","Arena",8,"Exit_Zone",4
871.194,"Info","Arena",8,"Enter_Zone",3
871.273,"Info","Arena",2,"Exit_Zone",4
871.273,"Info","Arena",2,"Enter_Zone",1
871.785,"Info","Arena",6,"Exit_Zone",3
871.785,"Info","Arena",6,"Enter_Zone",4
872.123,"Info","Arena",5,"Exit_Zone",4
872.123,"Info","Arena",5,"Enter_Zone",3
872.568,"Info","Arena",6,"Exit_Zone",4
872.568,"Info","Arena",6,"Enter_Zone",2
873.426,"Info","Arena",4,"Exit_Zone",1
873.426,"Info","Arena",4,"Enter_Zone",4
873.499,"Info","Arena",3,"Exit_Zone",2
873.499,"Info","Arena",3,"Enter_Zone",4
873.499,"Info","Arena",7,"Exit_Zone",1
873.499,"Info","Arena",7,"Enter_Zone",4
873.830,"Info","Arena",3,"Exit_Zone",4
873.830,"Info","Arena",3,"Enter_Zone",3
873.971,"Info","Arena",4,"Exit_Zone",4
873.971,"Info","Arena",4,"Enter_Zone",2
874.184,"Info","Arena",7,"Exit_Zone",4
874.184,"Info","Arena",7,"Enter_Zone",3
875.156,"Info","Arena",8,"Exit_Zone",3
875.156,"Info","Arena",8,"Enter_Zone",4
875.413,"Info","Arena",1,"Exit_Zone",1
875.413,"Info","Arena",1,"Enter_Zone",4
875.480,"Info","Arena",1,"Exit_Zone",4
875.480,"Info","Arena",1,"Enter_Zone",2
875.821,"Info","Arena",8,"Exit_Zone",4
875.821,"Info","Arena",8,"Enter_Zone",2
876.055,"Info","Arena",7,"Exit_Zone",3
876.055,"Info","Arena",7,"Enter_Zone",4
876.159,"Info","Arena",2,"Exit_Zone",1
876.159,"Info","Arena",2,"Enter_Zone",4
876.377,"Info","Arena",5,"Exit_Zone",3
876.377,"Info","Arena",5,"Enter_Zone",4
876.549,"Info","Arena",2,"Exit_Zone",4
876.549,"Info","Arena",2,"Enter_Zone",3
876.759,"Info","Arena",7,"Exit_Zone",4
876.759,"Info","Arena",7,"Enter_Zone",2
877.181,"Info","Arena",6,"Exit_Zone",2
877.181,"Info","Arena",6,"Enter_Zone",4
877.367,"Info","Arena",5,"Exit_Zone",4
877.367,"Info","Arena",5,"Enter_Zone",1
877.435,"Info","Arena",6,"Exit_Zone",4
877.435,"Info","Arena",6,"Enter_Zone",1
877.738,"Info","Arena",4,"Exit_Zone",2
877.738,"Info","Arena",4,"Enter_Zone",4
878.164,"Info","Arena",4,"Exit_Zone",4
878.164,"Info","Arena",4,"Enter_Zone",3
879.731,"Info","Arena",2,"Exit_Zone",3
879.731,"Info","Arena",2,"Enter_Zone",4
880.304,"Info","Arena",8,"Exit_Zone",2
880.304,"Info","Arena",8,"Enter_Zone",4
880.336,"Info","Arena",7,"Exit_Zone",2
880.336,"Info","Arena",7,"Enter_Zone",4
880.437,"Info","Arena",2,"Exit_Zone",4
880.437,"Info","Arena",2,"Enter_Zone",2
880.638,"Info","Arena",7,"Exit_Zone",4
880.638,"Info","Arena",7,"Enter_Zone",1
880.876,"Info","Arena",8,"Exit_Zone",4
880.876,"Info","Arena",8,"Enter_Zone",1
881.396,"Info","Arena",4,"Exit_Zone",3
881.396,"Info","Arena",4,"Enter_Zone",4
881.794,"Info","Arena",4,"Exit_Zone",4
881.794,"Info","Arena",4,"Enter_Zone",1
882.645,"Info","Arena",7,"Exit_Zone",1
882.645,"Info","Arena",7,"Enter_Zone",4
882.778,"Info","Arena",5,"Exit_Zone",1
882.778,"Info","Arena",5,"Enter_Zone",4
883.006,"Info","Arena",6,"Exit_Zone",1
883.006,"Info","Arena",6,"Enter_Zone",4
883.134,"Info","Arena",5,"Exit_Zone",4
883.134,"Info","Arena",5,"Enter_Zone",2
883.343,"Info","Arena",7,"Exit_Zone",4
883.343,"Info","Arena",7,"Enter_Zone",3
883.845,"Info","Arena",6,"Exit_Zone",4
883.845,"Info","Arena",6,"Enter_Zone",3
883.982,"Info","Arena",2,"Exit_Zone",2
883.982,"Info","Arena",2,"Enter_Zone",4
884.330,"Info","Arena",2,"Exit_Zone",4
884.330,"Info","Arena",2,"Enter_Zone",3
884.467,"Info","Arena",4,"Exit_Zone",1
884.467,"Info","Arena",4,"Enter_Zone",4
884.855,"Info","Arena",4,"Exit_Zone",4
884.855,"Info","Arena",4,"Enter_Zone",2
885.029,"Info","Arena",7,"Exit_Zone",3
885.029,"Info","Arena",7,"Enter_Zone",4
885.456,"Info","Arena",7,"Exit_Zone",4
885.456,"Info","Arena",7,"Enter_Zone",2
885.662,"Info","Arena",8,"Exit_Zone",1
885.662,"Info","Arena",8,"Enter_Zone",4
886.368,"Info","Arena",8,"Exit_Zone",4
886.368,"Info","Arena",8,"Enter_Zone",3
886.702,"Info","Arena",3,"Exit_Zone",3
886.702,"Info","Arena",3,"Enter_Zone",4
887.582,"Info","Arena",3,"Exit_Zone",4
887.582,"Info","Arena",3,"Enter_Zone",1
887.910,"Info","Arena",5,"Exit_Zone",2
887.910,"Info","Arena",5,"Enter_Zone",4
888.240,"Info","Arena",2,"Exit_Zone",3
888.240,"Info","Arena",2,"Enter_Zone",4
888.669,"Info","Arena",5,"Exit_Zone",4
888.669,"Info","Arena",5,"Enter_Zone",1
888.708,"Info","Arena",2,"Exit_Zone",4
888.708,"Info","Arena",2,"Enter_Zone",2
888.779,"Info","Arena",4,"Exit_Zone",2
888.779,"Info","Arena",4,"Enter_Zone",4
889.296,"Info","Arena",6,"Exit_Zone",3
889.296,"Info","Arena",6,"Enter_Zone",4
889.665,"Info","Arena",7,"Exit_Zone",2
889.665,"Info","Arena",7,"Enter_Zone",4
890.110,"Info","Arena",7,"Exit_Zone",4
890.110,"Info","Arena",7,"Enter_Zone",1
890.233,"Info","Arena",6,"Exit_Zone",4
890.233,"Info","Arena",6,"Enter_Zone",2
891.595,"Info","Arena",4,"Exit_Zone",4
891.595,"Info","Arena",4,"Enter_Zone",1
891.793,"Info","Arena",4,"Exit_Zone",1
891.793,"Info","Arena",4,"Enter_Zone",4
891.991,"Info","Arena",4,"Exit_Zone",4
891.991,"Info","Arena",4,"Enter_Zone",2
892.678,"Info","Arena",7,"Exit_Zone",1
892.678,"Info","Arena",7,"Enter_Zone",4
892.915,"Info","Arena",7,"Exit_Zone",4
892.915,"Info","Arena",7,"Enter_Zone",2
892.984,"Info","Arena",7,"Exit_Zone",2
892.984,"Info","Arena",7,"Enter_Zone",4
893.121,"Info","Arena",2,"Exit_Zone",2
893.121,"Info","Arena",2,"Enter_Zone",4
893.121,"Info","Arena",7,"Exit_Zone",4
893.121,"Info","Arena",7,"Enter_Zone",3
893.407,"Info","Arena",2,"Exit_Zone",4
893.407,"Info","Arena",2,"Enter_Zone",1
894.736,"Info","Arena",1,"Exit_Zone",2
894.736,"Info","Arena",1,"Enter_Zone",4
894.872,"Info","Arena",1,"Exit_Zone",4
894.872,"Info","Arena",1,"Enter_Zone",1
895.430,"Info","Arena",6,"Exit_Zone",2
895.430,"Info","Arena",6,"Enter_Zone",4
895.635,"Info","Arena",8,"Exit_Zone",3
895.635,"Info","Arena",8,"Enter_Zone",4
895.981,"Info","Arena",6,"Exit_Zone",4
895.981,"Info","Arena",6,"Enter_Zone",3
896.125,"Info","Arena",1,"Exit_Zone",1
896.125,"Info","Arena",1,"Enter_Zone",4
896.353,"Info","Arena",1,"Exit_Zone",4
896.353,"Info","Arena",1,"Enter_Zone",2
896.539,"Info","Arena",2,"Exit_Zone",1
896.539,"Info","Arena",2,"Enter_Zone",4
896.575,"Info","Arena",2,"Exit_Zone",4
896.575,"Info","Arena",2,"Enter_Zone",1
896.614,"Info","Arena",2,"Exit_Zone",1
896.614,"Info","Arena",2,"Enter_Zone",4
896.650,"Info","Arena",4,"Exit_Zone",2
896.650,"Info","Arena",4,"Enter_Zone",4
896.690,"Info","Arena",8,"Exit_Zone",4
896.690,"Info","Arena",8,"Enter_Zone",1
896.911,"Info","Arena",7,"Exit_Zone",3
896.911,"Info","Arena",7,"Enter_Zone",4
897.201,"Info","Arena",2,"Exit_Zone",4
897.201,"Info","Arena",2,"Enter_Zone",3
897.201,"Info","Arena",7,"Exit_Zone",4
897.201,"Info","Arena",7,"Enter_Zone",2
897.317,"Info","Arena",4,"Exit_Zone",4
897.317,"Info","Arena",4,"Enter_Zone",1
897.355,"Info","Arena",4,"Exit_Zone",1
897.355,"Info","Arena",4,"Enter_Zone",4
897.905,"Info","Arena",4,"Exit_Zone",4
897.905,"Info","Arena",4,"Enter_Zone",2
899.822,"Info","Arena",1,"Exit_Zone",2
899.822,"Info","Arena",1,"Enter_Zone",4
899.822,"Info","Arena",7,"Exit_Zone",2
899.822,"Info","Arena",7,"Enter_Zone",4
899.972,"Info","Arena",1,"Exit_Zone",4
899.972,"Info","Arena",1,"Enter_Zone",1
899.972,"Info","Arena",6,"Exit_Zone",3
899.972,"Info","Arena",6,"Enter_Zone",4
900.010,"Info","Arena",6,"Exit_Zone",4
900.010,"Info","Arena",6,"Enter_Zone",3
900.044,"Info","Arena",6,"Exit_Zone",3
900.044,"Info","Arena",6,"Enter_Zone",4
900.044,"Info","Arena",7,"Exit_Zone",4
900.044,"Info","Arena",7,"Enter_Zone",2
900.483,"Info","Arena",6,"Exit_Zone",4
900.483,"Info","Arena",6,"Enter_Zone",1
900.745,"Info","Arena",3,"Exit_Zone",1
900.745,"Info","Arena",3,"Enter_Zone",4
900.855,"Info","Arena",3,"Exit_Zone",4
900.855,"Info","Arena",3,"Enter_Zone",2
901.121,"Info","Arena",8,"Exit_Zone",1
901.121,"Info","Arena",8,"Enter_Zone",4
901.280,"Info","Arena",8,"Exit_Zone",4
901.280,"Info","Arena",8,"Enter_Zone",3
901.429,"Info","Arena",5,"Exit_Zone",1
901.429,"Info","Arena",5,"Enter_Zone",4
901.866,"Info","Arena",2,"Exit_Zone",3
901.866,"Info","Arena",2,"Enter_Zone",4
901.939,"Info","Arena",4,"Exit_Zone",2
901.939,"Info","Arena",4,"Enter_Zone",4
902.051,"Info","Arena",5,"Exit_Zone",4
902.051,"Info","Arena",5,"Enter_Zone",2
902.433,"Info","Arena",1,"Exit_Zone",1
902.433,"Info","Arena",1,"Enter_Zone",4
902.472,"Info","Arena",2,"Exit_Zone",4
902.472,"Info","Arena",2,"Enter_Zone",2
902.508,"Info","Arena",1,"Exit_Zone",4
902.508,"Info","Arena",1,"Enter_Zone",2
902.625,"Info","Arena",4,"Exit_Zone",4
902.625,"Info","Arena",4,"Enter_Zone",3
902.848,"Info","Arena",7,"Exit_Zone",2
902.848,"Info","Arena",7,"Enter_Zone",4
902.848,"Info","Arena",8,"Exit_Zone",3
902.848,"Info","Arena",8,"Enter_Zone",4
903.133,"Info","Arena",7,"Exit_Zone",4
903.133,"Info","Arena",7,"Enter_Zone",1
903.386,"Info","Arena",8,"Exit_Zone",4
903.386,"Info","Arena",8,"Enter_Zone",1
904.365,"Info","Arena",6,"Exit_Zone",1
904.365,"Info","Arena",6,"Enter_Zone",4
904.461,"Info","Arena",3,"Exit_Zone",2
904.461,"Info","Arena",3,"Enter_Zone",4
905.152,"Info","Arena",3,"Exit_Zone",4
905.152,"Info","Arena",3,"Enter_Zone",1
905.152,"Info","Arena",4,"Exit_Zone",3
905.152,"Info","Arena",4,"Enter_Zone",4
905.308,"Info","Arena",6,"Exit_Zone",4
905.308,"Info","Arena",6,"Enter_Zone",3
905.387,"Info","Arena",7,"Exit_Zone",1
905.387,"Info","Arena",7,"Enter_Zone",4
905.568,"Info","Arena",1,"Exit_Zone",2
905.568,"Info","Arena",1,"Enter_Zone",4
905.642,"Info","Arena",1,"Exit_Zone",4
905.642,"Info","Arena",1,"Enter_Zone",1
905.642,"Info","Arena",4,"Exit_Zone",4
905.642,"Info","Arena",4,"Enter_Zone",1
906.011,"Info","Arena",7,"Exit_Zone",4
906.011,"Info","Arena",7,"Enter_Zone",3
907.283,"Info","Arena",2,"Exit_Zone",2
907.283,"Info","Arena",2,"Enter_Zone",4
907.781,"Info","Arena",2,"Exit_Zone",4
907.781,"Info","Arena",2,"Enter_Zone",1
908.129,"Info","Arena",2,"Exit_Zone",1
908.129,"Info","Arena",2,"Enter_Zone",4
908.291,"Info","Arena",1,"Exit_Zone",1
908.291,"Info","Arena",1,"Enter_Zone",4
908.366,"Info","Arena",1,"Exit_Zone",4
908.366,"Info","Arena",1,"Enter_Zone",2
908.481,"Info","Arena",8,"Exit_Zone",1
908.481,"Info","Arena",8,"Enter_Zone",4
908.520,"Info","Arena",7,"Exit_Zone",3
908.520,"Info","Arena",7,"Enter_Zone",4
908.782,"Info","Arena",7,"Exit_Zone",4
908.782,"Info","Arena",7,"Enter_Zone",2
909.037,"Info","Arena",2,"Exit_Zone",4
909.037,"Info","Arena",2,"Enter_Zone",3
909.071,"Info","Arena",6,"Exit_Zone",3
909.071,"Info","Arena",6,"Enter_Zone",4
909.071,"Info","Arena",8,"Exit_Zone",4
909.071,"Info","Arena",8,"Enter_Zone",3
909.108,"Info","Arena",4,"Exit_Zone",1
909.108,"Info","Arena",4,"Enter_Zone",4
910.088,"Info","Arena",6,"Exit_Zone",4
910.088,"Info","Arena",6,"Enter_Zone",1
910.372,"Info","Arena",4,"Exit_Zone",4
910.372,"Info","Arena",4,"Enter_Zone",3
910.922,"Info","Arena",7,"Exit_Zone",2
910.922,"Info","Arena",7,"Enter_Zone",4
911.237,"Info","Arena",7,"Exit_Zone",4
911.237,"Info","Arena",7,"Enter_Zone",1
911.586,"Info","Arena",8,"Exit_Zone",3
911.586,"Info","Arena",8,"Enter_Zone",4
911.795,"Info","Arena",1,"Exit_Zone",2
911.795,"Info","Arena",1,"Enter_Zone",4
911.862,"Info","Arena",1,"Exit_Zone",4
911.862,"Info","Arena",1,"Enter_Zone",1
912.313,"Info","Arena",8,"Exit_Zone",4
912.313,"Info","Arena",8,"Enter_Zone",2
913.405,"Info","Arena",4,"Exit_Zone",3
913.405,"Info","Arena",4,"Enter_Zone",4
913.513,"Info","Arena",2,"Exit_Zone",3
913.513,"Info","Arena",2,"Enter_Zone",4
913.623,"Info","Arena",2,"Exit_Zone",4
913.623,"Info","Arena",2,"Enter_Zone",2
913.922,"Info","Arena",4,"Exit_Zone",4
913.922,"Info","Arena",4,"Enter_Zone",1
914.234,"Info","Arena",7,"Exit_Zone",1
914.234,"Info","Arena",7,"Enter_Zone",4
914.971,"Info","Arena",7,"Exit_Zone",4
914.971,"Info","Arena",7,"Enter_Zone",3
915.193,"Info","Arena",1,"Exit_Zone",1
915.193,"Info","Arena",1,"Enter_Zone",4
915.277,"Info","Arena",5,"Exit_Zone",2
915.277,"Info","Arena",5,"Enter_Zone",4
915.314,"Info","Arena",1,"Exit_Zone",4
915.314,"Info","Arena",1,"Enter_Zone",2
915.386,"Info","Arena",6,"Exit_Zone",1
915.386,"Info","Arena",6,"Enter_Zone",4
915.423,"Info","Arena",3,"Exit_Zone",1
915.423,"Info","Arena",3,"Enter_Zone",4
915.497,"Info","Arena",5,"Exit_Zone",4
915.497,"Info","Arena",5,"Enter_Zone",1
916.088,"Info","Arena",6,"Exit_Zone",4
916.088,"Info","Arena",6,"Enter_Zone",3
916.124,"Info","Arena",8,"Exit_Zone",2
916.124,"Info","Arena",8,"Enter_Zone",4
916.232,"Info","Arena",3,"Exit_Zone",4
916.232,"Info","Arena",3,"Enter_Zone",3
916.467,"Info","Arena",3,"Exit_Zone",3
916.467,"Info","Arena",3,"Enter_Zone",4
916.701,"Info","Arena",3,"Exit_Zone",4
916.701,"Info","Arena",3,"Enter_Zone",1
916.770,"Info","Arena",8,"Exit_Zone",4
916.770,"Info","Arena",8,"Enter_Zone",1
917.463,"Info","Arena",4,"Exit_Zone",1
917.463,"Info","Arena",4,"Enter_Zone",4
917.786,"Info","Arena",2,"Exit_Zone",2
917.786,"Info","Arena",2,"Enter_Zone",4
917.931,"Info","Arena",4,"Exit_Zone",4
917.931,"Info","Arena",4,"Enter_Zone",2
918.186,"Info","Arena",7,"Exit_Zone",3
918.186,"Info","Arena",7,"Enter_Zone",4
918.515,"Info","Arena",7,"Exit_Zone",4
918.515,"Info","Arena",7,"Enter_Zone",2
918.730,"Info","Arena",2,"Exit_Zone",4
918.730,"Info","Arena",2,"Enter_Zone",1
919.197,"Info","Arena",8,"Exit_Zone",1
919.197,"Info","Arena",8,"Enter_Zone",4
919.904,"Info","Arena",8,"Exit_Zone",4
919.904,"Info","Arena",8,"Enter_Zone",3
920.609,"Info","Arena",7,"Exit_Zone",2
920.609,"Info","Arena",7,"Enter_Zone",4
921.057,"Info","Arena",7,"Exit_Zone",4
921.057,"Info","Arena",7,"Enter_Zone",1
921.279,"Info","Arena",4,"Exit_Zone",2
921.279,"Info","Arena",4,"Enter_Zone",4
921.601,"Info","Arena",8,"Exit_Zone",3
921.601,"Info","Arena",8,"Enter_Zone",1
921.671,"Info","Arena",8,"Exit_Zone",1
921.671,"Info","Arena",8,"Enter_Zone",3
921.812,"Info","Arena",4,"Exit_Zone",4
921.812,"Info","Arena",4,"Enter_Zone",3
921.845,"Info","Arena",6,"Exit_Zone",3
921.845,"Info","Arena",6,"Enter_Zone",4
922.697,"Info","Arena",6,"Exit_Zone",4
922.697,"Info","Arena",6,"Enter_Zone",1
922.729,"Info","Arena",2,"Exit_Zone",1
922.729,"Info","Arena",2,"Enter_Zone",4
923.616,"Info","Arena",2,"Exit_Zone",4
923.616,"Info","Arena",2,"Enter_Zone",3
923.833,"Info","Arena",7,"Exit_Zone",1
923.833,"Info","Arena",7,"Enter_Zone",4
923.984,"Info","Arena",1,"Exit_Zone",2
923.984,"Info","Arena",1,"Enter_Zone",4
924.254,"Info","Arena",1,"Exit_Zone",4
924.254,"Info","Arena",1,"Enter_Zone",1
924.476,"Info","Arena",1,"Exit_Zone",1
924.476,"Info","Arena",1,"Enter_Zone",4
924.476,"Info","Arena",4,"Exit_Zone",3
924.476,"Info","Arena",4,"Enter_Zone",4
924.549,"Info","Arena",1,"Exit_Zone",4
924.549,"Info","Arena",1,"Enter_Zone",1
924.660,"Info","Arena",1,"Exit_Zone",1
924.660,"Info","Arena",1,"Enter_Zone",4
924.732,"Info","Arena",7,"Exit_Zone",4
924.732,"Info","Arena",7,"Enter_Zone",3
924.770,"Info","Arena",1,"Exit_Zone",4
924.770,"Info","Arena",1,"Enter_Zone",1
924.807,"Info","Arena",4,"Exit_Zone",4
924.807,"Info","Arena",4,"Enter_Zone",1
925.659,"Info","Arena",6,"Exit_Zone",1
925.659,"Info","Arena",6,"Enter_Zone",4
925.915,"Info","Arena",1,"Exit_Zone",1
925.915,"Info","Arena",1,"Enter_Zone",4
925.987,"Info","Arena",5,"Exit_Zone",1
925.987,"Info","Arena",5,"Enter_Zone",4
926.168,"Info","Arena",5,"Exit_Zone",4
926.168,"Info","Arena",5,"Enter_Zone",2
926.317,"Info","Arena",1,"Exit_Zone",4
926.317,"Info","Arena",1,"Enter_Zone",2
926.571,"Info","Arena",6,"Exit_Zone",4
926.571,"Info","Arena",6,"Enter_Zone",3
927.123,"Info","Arena",5,"Exit_Zone",2
927.123,"Info","Arena",5,"Enter_Zone",4
927.563,"Info","Arena",2,"Exit_Zone",3
927.563,"Info","Arena",2,"Enter_Zone",4
927.675,"Info","Arena",5,"Exit_Zone",4
927.675,"Info","Arena",5,"Enter_Zone",3
927.976,"Info","Arena",2,"Exit_Zone",4
927.976,"Info","Arena",2,"Enter_Zone",2
928.158,"Info","Arena",4,"Exit_Zone",1
928.158,"Info","Arena",4,"Enter_Zone",4
928.856,"Info","Arena",4,"Exit_Zone",4
928.856,"Info","Arena",4,"Enter_Zone",2
928.891,"Info","Arena",3,"Exit_Zone",1
928.891,"Info","Arena",3,"Enter_Zone",4
928.924,"Info","Arena",8,"Exit_Zone",3
928.924,"Info","Arena",8,"Enter_Zone",4
929.782,"Info","Arena",1,"Exit_Zone",2
929.782,"Info","Arena",1,"Enter_Zone",4
929.814,"Info","Arena",3,"Exit_Zone",4
929.814,"Info","Arena",3,"Enter_Zone",2
929.915,"Info","Arena",3,"Exit_Zone",2
929.915,"Info","Arena",3,"Enter_Zone",4
929.981,"Info","Arena",8,"Exit_Zone",4
929.981,"Info","Arena",8,"Enter_Zone",2
930.046,"Info","Arena",1,"Exit_Zone",4
930.046,"Info","Arena",1,"Enter_Zone",3
930.078,"Info","Arena",3,"Exit_Zone",4
930.078,"Info","Arena",3,"Enter_Zone",1
931.289,"Info","Arena",2,"Exit_Zone",2
931.289,"Info","Arena",2,"Enter_Zone",3
931.386,"Info","Arena",2,"Exit_Zone",3
931.386,"Info","Arena",2,"Enter_Zone",2
931.418,"Info","Arena",2,"Exit_Zone",2
931.418,"Info","Arena",2,"Enter_Zone",3
931.680,"Info","Arena",6,"Exit_Zone",3
931.680,"Info","Arena",6,"Enter_Zone",4
931.714,"Info","Arena",2,"Exit_Zone",3
931.714,"Info","Arena",2,"Enter_Zone",2
932.024,"Info","Arena",6,"Exit_Zone",4
932.024,"Info","Arena",6,"Enter_Zone",1
932.481,"Info","Arena",4,"Exit_Zone",2
932.481,"Info","Arena",4,"Enter_Zone",4
932.845,"Info","Arena",1,"Exit_Zone",3
932.845,"Info","Arena",1,"Enter_Zone",4
932.885,"Info","Arena",2,"Exit_Zone",2
932.885,"Info","Arena",2,"Enter_Zone",4
933.078,"Info","Arena",1,"Exit_Zone",4
933.078,"Info","Arena",1,"Enter_Zone",2
933.078,"Info","Arena",6,"Exit_Zone",1
933.078,"Info","Arena",6,"Enter_Zone",4
933.359,"Info","Arena",3,"Exit_Zone",1
933.359,"Info","Arena",3,"Enter_Zone",4
933.557,"Info","Arena",2,"Exit_Zone",4
933.557,"Info","Arena",2,"Enter_Zone",1
933.752,"Info","Arena",6,"Exit_Zone",4
933.752,"Info","Arena",6,"Enter_Zone",3
933.752,"Info","Arena",8,"Exit_Zone",2
933.752,"Info","Arena",8,"Enter_Zone",4
933.947,"Info","Arena",4,"Exit_Zone",4
933.947,"Info","Arena",4,"Enter_Zone",3
934.175,"Info","Arena",8,"Exit_Zone",4
934.175,"Info","Arena",8,"Enter_Zone",2
934.371,"Info","Arena",7,"Exit_Zone",3
934.371,"Info","Arena",7,"Enter_Zone",4
934.480,"Info","Arena",5,"Exit_Zone",3
934.480,"Info","Arena",5,"Enter_Zone",4
934.519,"Info","Arena",5,"Exit_Zone",4
934.519,"Info","Arena",5,"Enter_Zone",3
934.554,"Info","Arena",5,"Exit_Zone",3
934.554,"Info","Arena",5,"Enter_Zone",4
934.771,"Info","Arena",7,"Exit_Zone",4
934.771,"Info","Arena",7,"Enter_Zone",2
934.917,"Info","Arena",3,"Exit_Zone",4
934.917,"Info","Arena",3,"Enter_Zone",3
935.524,"Info","Arena",5,"Exit_Zone",4
935.524,"Info","Arena",5,"Enter_Zone",2
935.656,"Info","Arena",1,"Exit_Zone",2
935.656,"Info","Arena",1,"Enter_Zone",4
935.762,"Info","Arena",1,"Exit_Zone",4
935.762,"Info","Arena",1,"Enter_Zone",1
936.038,"Info","Arena",8,"Exit_Zone",2
936.038,"Info","Arena",8,"Enter_Zone",4
936.255,"Info","Arena",8,"Exit_Zone",4
936.255,"Info","Arena",8,"Enter_Zone",2
938.041,"Info","Arena",8,"Exit_Zone",2
938.041,"Info","Arena",8,"Enter_Zone",4
938.339,"Info","Arena",7,"Exit_Zone",2
938.339,"Info","Arena",7,"Enter_Zone",4
938.747,"Info","Arena",7,"Exit_Zone",4
938.747,"Info","Arena",7,"Enter_Zone",1
938.824,"Info","Arena",1,"Exit_Zone",1
938.824,"Info","Arena",1,"Enter_Zone",4
938.974,"Info","Arena",2,"Exit_Zone",1
938.974,"Info","Arena",2,"Enter_Zone",4
939.013,"Info","Arena",8,"Exit_Zone",4
939.013,"Info","Arena",8,"Enter_Zone",2
939.247,"Info","Arena",1,"Exit_Zone",4
939.247,"Info","Arena",1,"Enter_Zone",3
939.247,"Info","Arena",6,"Exit_Zone",3
939.247,"Info","Arena",6,"Enter_Zone",4
939.358,"Info","Arena",2,"Exit_Zone",4
939.358,"Info","Arena",2,"Enter_Zone",3
939.464,"Info","Arena",3,"Exit_Zone",3
939.464,"Info","Arena",3,"Enter_Zone",4
939.715,"Info","Arena",1,"Exit_Zone",3
939.715,"Info","Arena",1,"Enter_Zone",4
939.715,"Info","Arena",6,"Exit_Zone",4
939.715,"Info","Arena",6,"Enter_Zone",1
939.962,"Info","Arena",1,"Exit_Zone",4
939.962,"Info","Arena",1,"Enter_Zone",2
940.727,"Info","Arena",8,"Exit_Zone",2
940.727,"Info","Arena",8,"Enter_Zone",4
940.871,"Info","Arena",7,"Exit_Zone",1
940.871,"Info","Arena",7,"Enter_Zone",4
940.906,"Info","Arena",8,"Exit_Zone",4
940.906,"Info","Arena",8,"Enter_Zone",3
941.122,"Info","Arena",3,"Exit_Zone",4
941.122,"Info","Arena",3,"Enter_Zone",3
941.349,"Info","Arena",4,"Exit_Zone",3
941.349,"Info","Arena",4,"Enter_Zone",4
941.566,"Info","Arena",7,"Exit_Zone",4
941.566,"Info","Arena",7,"Enter_Zone",3
941.603,"Info","Arena",1,"Exit_Zone",2
941.603,"Info","Arena",1,"Enter_Zone",4
941.783,"Info","Arena",4,"Exit_Zone",4
941.783,"Info","Arena",4,"Enter_Zone",1
942.111,"Info","Arena",1,"Exit_Zone",4
942.111,"Info","Arena",1,"Enter_Zone",3
942.758,"Info","Arena",2,"Exit_Zone",3
942.758,"Info","Arena",2,"Enter_Zone",4
943.306,"Info","Arena",8,"Exit_Zone",3
943.306,"Info","Arena",8,"Enter_Zone",4
943.441,"Info","Arena",2,"Exit_Zone",4
943.441,"Info","Arena",2,"Enter_Zone",2
943.714,"Info","Arena",8,"Exit_Zone",4
943.714,"Info","Arena",8,"Enter_Zone",2
944.101,"Info","Arena",7,"Exit_Zone",3
944.101,"Info","Arena",7,"Enter_Zone",4
944.390,"Info","Arena",4,"Exit_Zone",1
944.390,"Info","Arena",4,"Enter_Zone",4
944.425,"Info","Arena",7,"Exit_Zone",4
944.425,"Info","Arena",7,"Enter_Zone",2
944.560,"Info","Arena",4,"Exit_Zone",4
944.560,"Info","Arena",4,"Enter_Zone",3
945.186,"Info","Arena",2,"Exit_Zone",2
945.186,"Info","Arena",2,"Enter_Zone",4
945.231,"Info","Arena",1,"Exit_Zone",3
945.231,"Info","Arena",1,"Enter_Zone",4
945.552,"Info","Arena",1,"Exit_Zone",4
945.552,"Info","Arena",1,"Enter_Zone",2
945.866,"Info","Arena",2,"Exit_Zone",4
945.866,"Info","Arena",2,"Enter_Zone",1
945.937,"Info","Arena",8,"Exit_Zone",2
945.937,"Info","Arena",8,"Enter_Zone",4
946.006,"Info","Arena",8,"Exit_Zone",4
946.006,"Info","Arena",8,"Enter_Zone",1
946.223,"Info","Arena",5,"Exit_Zone",2
946.223,"Info","Arena",5,"Enter_Zone",4
946.258,"Info","Arena",5,"Exit_Zone",4
946.258,"Info","Arena",5,"Enter_Zone",2
946.359,"Info","Arena",3,"Exit_Zone",3
946.359,"Info","Arena",3,"Enter_Zone",4
946.460,"Info","Arena",5,"Exit_Zone",2
946.460,"Info","Arena",5,"Enter_Zone",4
946.529,"Info","Arena",5,"Exit_Zone",4
946.529,"Info","Arena",5,"Enter_Zone",2
946.868,"Info","Arena",3,"Exit_Zone",4
946.868,"Info","Arena",3,"Enter_Zone",1
947.609,"Info","Arena",4,"Exit_Zone",3
947.609,"Info","Arena",4,"Enter_Zone",4
947.642,"Info","Arena",5,"Exit_Zone",2
947.642,"Info","Arena",5,"Enter_Zone",4
947.781,"Info","Arena",5,"Exit_Zone",4
947.781,"Info","Arena",5,"Enter_Zone",2
947.817,"Info","Arena",5,"Exit_Zone",2
947.817,"Info","Arena",5,"Enter_Zone",4
948.195,"Info","Arena",8,"Exit_Zone",1
948.195,"Info","Arena",8,"Enter_Zone",4
948.627,"Info","Arena",4,"Exit_Zone",4
948.627,"Info","Arena",4,"Enter_Zone",1
948.892,"Info","Arena",1,"Exit_Zone",2
948.892,"Info","Arena",1,"Enter_Zone",4
948.964,"Info","Arena",2,"Exit_Zone",1
948.964,"Info","Arena",2,"Enter_Zone",4
948.964,"Info","Arena",8,"Exit_Zone",4
948.964,"Info","Arena",8,"Enter_Zone",3
949.078,"Info","Arena",1,"Exit_Zone",4
949.078,"Info","Arena",1,"Enter_Zone",3
949.275,"Info","Arena",5,"Exit_Zone",4
949.275,"Info","Arena",5,"Enter_Zone",1
949.317,"Info","Arena",5,"Exit_Zone",1
949.317,"Info","Arena",5,"Enter_Zone",4
949.317,"Info","Arena",7,"Exit_Zone",2
949.317,"Info","Arena",7,"Enter_Zone",4
949.357,"Info","Arena",5,"Exit_Zone",4
949.357,"Info","Arena",5,"Enter_Zone",1
949.475,"Info","Arena",2,"Exit_Zone",4
949.475,"Info","Arena",2,"Enter_Zone",3
949.516,"Info","Arena",6,"Exit_Zone",1
949.516,"Info","Arena",6,"Enter_Zone",4
949.754,"Info","Arena",7,"Exit_Zone",4
949.754,"Info","Arena",7,"Enter_Zone",1
949.905,"Info","Arena",1,"Exit_Zone",3
949.905,"Info","Arena",1,"Enter_Zone",4
950.133,"Info","Arena",6,"Exit_Zone",4
950.133,"Info","Arena",6,"Enter_Zone",3
950.457,"Info","Arena",1,"Exit_Zone",4
950.457,"Info","Arena",1,"Enter_Zone",1
950.856,"Info","Arena",1,"Exit_Zone",1
950.856,"Info","Arena",1,"Enter_Zone",4
951.366,"Info","Arena",3,"Exit_Zone",1
951.366,"Info","Arena",3,"Enter_Zone",4
951.400,"Info","Arena",1,"Exit_Zone",4
951.400,"Info","Arena",1,"Enter_Zone",1
951.626,"Info","Arena",4,"Exit_Zone",1
951.626,"Info","Arena",4,"Enter_Zone",4
951.923,"Info","Arena",4,"Exit_Zone",4
951.923,"Info","Arena",4,"Enter_Zone",2
952.479,"Info","Arena",7,"Exit_Zone",1
952.479,"Info","Arena",7,"Enter_Zone",4
952.547,"Info","Arena",3,"Exit_Zone",4
952.547,"Info","Arena",3,"Enter_Zone",1
952.833,"Info","Arena",7,"Exit_Zone",4
952.833,"Info","Arena",7,"Enter_Zone",3
953.013,"Info","Arena",8,"Exit_Zone",3
953.013,"Info","Arena",8,"Enter_Zone",4
953.282,"Info","Arena",1,"Exit_Zone",1
953.282,"Info","Arena",1,"Enter_Zone",4
953.318,"Info","Arena",1,"Exit_Zone",4
953.318,"Info","Arena",1,"Enter_Zone",2
953.540,"Info","Arena",2,"Exit_Zone",3
953.540,"Info","Arena",2,"Enter_Zone",4
953.865,"Info","Arena",2,"Exit_Zone",4
953.865,"Info","Arena",2,"Enter_Zone",2
953.865,"Info","Arena",8,"Exit_Zone",4
953.865,"Info","Arena",8,"Enter_Zone",2
954.316,"Info","Arena",6,"Exit_Zone",3
954.316,"Info","Arena",6,"Enter_Zone",4
954.652,"Info","Arena",6,"Exit_Zone",4
954.652,"Info","Arena",6,"Enter_Zone",1
954.786,"Info","Arena",3,"Exit_Zone",1
954.786,"Info","Arena",3,"Enter_Zone",4
955.429,"Info","Arena",7,"Exit_Zone",3
955.429,"Info","Arena",7,"Enter_Zone",4
955.954,"Info","Arena",7,"Exit_Zone",4
955.954,"Info","Arena",7,"Enter_Zone",2
955.986,"Info","Arena",3,"Exit_Zone",4
955.986,"Info","Arena",3,"Enter_Zone",3
956.180,"Info","Arena",3,"Exit_Zone",3
956.180,"Info","Arena",3,"Enter_Zone",4
956.288,"Info","Arena",3,"Exit_Zone",4
956.288,"Info","Arena",3,"Enter_Zone",1
956.971,"Info","Arena",5,"Exit_Zone",1
956.971,"Info","Arena",5,"Enter_Zone",4
957.072,"Info","Arena",5,"Exit_Zone",4
957.072,"Info","Arena",5,"Enter_Zone",2
957.105,"Info","Arena",4,"Exit_Zone",2
957.105,"Info","Arena",4,"Enter_Zone",4
957.141,"Info","Arena",4,"Exit_Zone",4
957.141,"Info","Arena",4,"Enter_Zone",2
957.174,"Info","Arena",4,"Exit_Zone",2
957.174,"Info","Arena",4,"Enter_Zone",4
957.940,"Info","Arena",4,"Exit_Zone",4
957.940,"Info","Arena",4,"Enter_Zone",3
957.977,"Info","Arena",7,"Exit_Zone",2
957.977,"Info","Arena",7,"Enter_Zone",4
958.184,"Info","Arena",6,"Exit_Zone",1
958.184,"Info","Arena",6,"Enter_Zone",4
958.184,"Info","Arena",8,"Exit_Zone",2
958.184,"Info","Arena",8,"Enter_Zone",4
958.228,"Info","Arena",7,"Exit_Zone",4
958.228,"Info","Arena",7,"Enter_Zone",1
958.681,"Info","Arena",6,"Exit_Zone",4
958.681,"Info","Arena",6,"Enter_Zone",2
958.681,"Info","Arena",8,"Exit_Zone",4
958.681,"Info","Arena",8,"Enter_Zone",1
958.781,"Info","Arena",2,"Exit_Zone",2
958.781,"Info","Arena",2,"Enter_Zone",4
958.816,"Info","Arena",7,"Exit_Zone",1
958.816,"Info","Arena",7,"Enter_Zone",4
959.053,"Info","Arena",7,"Exit_Zone",4
959.053,"Info","Arena",7,"Enter_Zone",3
959.366,"Info","Arena",2,"Exit_Zone",4
959.366,"Info","Arena",2,"Enter_Zone",3
960.824,"Info","Arena",4,"Exit_Zone",3
960.824,"Info","Arena",4,"Enter_Zone",4
961.157,"Info","Arena",4,"Exit_Zone",4
961.157,"Info","Arena",4,"Enter_Zone",1
961.334,"Info","Arena",7,"Exit_Zone",3
961.334,"Info","Arena",7,"Enter_Zone",4
961.821,"Info","Arena",7,"Exit_Zone",4
961.821,"Info","Arena",7,"Enter_Zone",2
962.245,"Info","Arena",8,"Exit_Zone",1
962.245,"Info","Arena",8,"Enter_Zone",4
962.482,"Info","Arena",2,"Exit_Zone",3
962.482,"Info","Arena",2,"Enter_Zone",4
962.546,"Info","Arena",8,"Exit_Zone",4
962.546,"Info","Arena",8,"Enter_Zone",1
962.914,"Info","Arena",2,"Exit_Zone",4
962.914,"Info","Arena",2,"Enter_Zone",2
963.534,"Info","Arena",1,"Exit_Zone",2
963.534,"Info","Arena",1,"Enter_Zone",4
963.912,"Info","Arena",1,"Exit_Zone",4
963.912,"Info","Arena",1,"Enter_Zone",1
964.018,"Info","Arena",6,"Exit_Zone",2
964.018,"Info","Arena",6,"Enter_Zone",4
964.342,"Info","Arena",6,"Exit_Zone",4
964.342,"Info","Arena",6,"Enter_Zone",3
964.702,"Info","Arena",8,"Exit_Zone",1
964.702,"Info","Arena",8,"Enter_Zone",4
964.922,"Info","Arena",7,"Exit_Zone",2
964.922,"Info","Arena",7,"Enter_Zone",4
965.068,"Info","Arena",4,"Exit_Zone",1
965.068,"Info","Arena",4,"Enter_Zone",4
965.068,"Info","Arena",7,"Exit_Zone",4
965.068,"Info","Arena",7,"Enter_Zone",1
965.106,"Info","Arena",8,"Exit_Zone",4
965.106,"Info","Arena",8,"Enter_Zone",3
965.407,"Info","Arena",4,"Exit_Zone",4
965.407,"Info","Arena",4,"Enter_Zone",2
965.729,"Info","Arena",2,"Exit_Zone",2
965.729,"Info","Arena",2,"Enter_Zone",4
966.429,"Info","Arena",2,"Exit_Zone",4
966.429,"Info","Arena",2,"Enter_Zone",1
967.717,"Info","Arena",7,"Exit_Zone",1
967.717,"Info","Arena",7,"Enter_Zone",4
968.347,"Info","Arena",7,"Exit_Zone",4
968.347,"Info","Arena",7,"Enter_Zone",3
968.450,"Info","Arena",6,"Exit_Zone",3
968.450,"Info","Arena",6,"Enter_Zone",4
968.623,"Info","Arena",4,"Exit_Zone",2
968.623,"Info","Arena",4,"Enter_Zone",4
968.969,"Info","Arena",6,"Exit_Zone",4
968.969,"Info","Arena",6,"Enter_Zone",1
969.257,"Info","Arena",4,"Exit_Zone",4
969.257,"Info","Arena",4,"Enter_Zone",3
969.884,"Info","Arena",5,"Exit_Zone",2
969.884,"Info","Arena",5,"Enter_Zone",4
970.183,"Info","Arena",5,"Exit_Zone",4
970.183,"Info","Arena",5,"Enter_Zone",3
970.588,"Info","Arena",2,"Exit_Zone",1
970.588,"Info","Arena",2,"Enter_Zone",4
971.015,"Info","Arena",8,"Exit_Zone",3
971.015,"Info","Arena",8,"Enter_Zone",4
971.049,"Info","Arena",2,"Exit_Zone",4
971.049,"Info","Arena",2,"Enter_Zone",3
971.437,"Info","Arena",7,"Exit_Zone",3
971.437,"Info","Arena",7,"Enter_Zone",4
971.576,"Info","Arena",8,"Exit_Zone",4
971.576,"Info","Arena",8,"Enter_Zone",1
972.070,"Info","Arena",7,"Exit_Zone",4
972.070,"Info","Arena",7,"Enter_Zone",2
972.220,"Info","Arena",4,"Exit_Zone",3
972.220,"Info","Arena",4,"Enter_Zone",4
972.903,"Info","Arena",4,"Exit_Zone",4
972.903,"Info","Arena",4,"Enter_Zone",1
973.170,"Info","Arena",1,"Exit_Zone",1
973.170,"Info","Arena",1,"Enter_Zone",4
973.707,"Info","Arena",6,"Exit_Zone",1
973.707,"Info","Arena",6,"Enter_Zone",4
974.075,"Info","Arena",1,"Exit_Zone",4
974.075,"Info","Arena",1,"Enter_Zone",1
974.353,"Info","Arena",6,"Exit_Zone",4
974.353,"Info","Arena",6,"Enter_Zone",3
975.442,"Info","Arena",2,"Exit_Zone",3
975.442,"Info","Arena",2,"Enter_Zone",4
975.442,"Info","Arena",4,"Exit_Zone",1
975.442,"Info","Arena",4,"Enter_Zone",4
975.657,"Info","Arena",2,"Exit_Zone",4
975.657,"Info","Arena",2,"Enter_Zone",2
975.766,"Info","Arena",8,"Exit_Zone",1
975.766,"Info","Arena",8,"Enter_Zone",4
975.801,"Info","Arena",4,"Exit_Zone",4
975.801,"Info","Arena",4,"Enter_Zone",2
976.195,"Info","Arena",3,"Exit_Zone",1
976.195,"Info","Arena",3,"Enter_Zone",4
976.698,"Info","Arena",8,"Exit_Zone",4
976.698,"Info","Arena",8,"Enter_Zone",2
976.868,"Info","Arena",5,"Exit_Zone",3
976.868,"Info","Arena",5,"Enter_Zone",4
977.107,"Info","Arena",7,"Exit_Zone",2
977.107,"Info","Arena",7,"Enter_Zone",4
977.255,"Info","Arena",3,"Exit_Zone",4
977.255,"Info","Arena",3,"Enter_Zone",2
977.391,"Info","Arena",7,"Exit_Zone",4
977.391,"Info","Arena",7,"Enter_Zone",2
978.332,"Info","Arena",5,"Exit_Zone",4
978.332,"Info","Arena",5,"Enter_Zone",1
978.622,"Info","Arena",2,"Exit_Zone",2
978.622,"Info","Arena",2,"Enter_Zone",3
978.973,"Info","Arena",2,"Exit_Zone",3
978.973,"Info","Arena",2,"Enter_Zone",2
979.068,"Info","Arena",6,"Exit_Zone",3
979.068,"Info","Arena",6,"Enter_Zone",4
979.578,"Info","Arena",6,"Exit_Zone",4
979.578,"Info","Arena",6,"Enter_Zone",2
979.768,"Info","Arena",4,"Exit_Zone",2
979.768,"Info","Arena",4,"Enter_Zone",4
979.957,"Info","Arena",2,"Exit_Zone",2
979.957,"Info","Arena",2,"Enter_Zone",4
980.226,"Info","Arena",4,"Exit_Zone",4
980.226,"Info","Arena",4,"Enter_Zone",3
980.226,"Info","Arena",7,"Exit_Zone",2
980.226,"Info","Arena",7,"Enter_Zone",4
980.459,"Info","Arena",2,"Exit_Zone",4
980.459,"Info","Arena",2,"Enter_Zone",1
980.572,"Info","Arena",7,"Exit_Zone",4
980.572,"Info","Arena",7,"Enter_Zone",1
980.616,"Info","Arena",1,"Exit_Zone",1
980.616,"Info","Arena",1,"Enter_Zone",4
980.769,"Info","Arena",1,"Exit_Zone",4
980.769,"Info","Arena",1,"Enter_Zone",2
981.111,"Info","Arena",8,"Exit_Zone",2
981.111,"Info","Arena",8,"Enter_Zone",4
981.685,"Info","Arena",8,"Exit_Zone",4
981.685,"Info","Arena",8,"Enter_Zone",1
983.027,"Info","Arena",6,"Exit_Zone",2
983.027,"Info","Arena",6,"Enter_Zone",4
983.063,"Info","Arena",7,"Exit_Zone",1
983.063,"Info","Arena",7,"Enter_Zone",4
983.249,"Info","Arena",3,"Exit_Zone",2
983.249,"Info","Arena",3,"Enter_Zone",4
983.360,"Info","Arena",2,"Exit_Zone",1
983.360,"Info","Arena",2,"Enter_Zone",3
983.391,"Info","Arena",4,"Exit_Zone",3
983.391,"Info","Arena",4,"Enter_Zone",4
983.427,"Info","Arena",7,"Exit_Zone",4
983.427,"Info","Arena",7,"Enter_Zone",3
983.461,"Info","Arena",2,"Exit_Zone",3
983.461,"Info","Arena",2,"Enter_Zone",1
983.607,"Info","Arena",6,"Exit_Zone",4
983.607,"Info","Arena",6,"Enter_Zone",3
983.790,"Info","Arena",4,"Exit_Zone",4
983.790,"Info","Arena",4,"Enter_Zone",1
984.185,"Info","Arena",3,"Exit_Zone",4
984.185,"Info","Arena",3,"Enter_Zone",3
984.552,"Info","Arena",2,"Exit_Zone",1
984.552,"Info","Arena",2,"Enter_Zone",4
985.237,"Info","Arena",2,"Exit_Zone",4
985.237,"Info","Arena",2,"Enter_Zone",3
985.519,"Info","Arena",7,"Exit_Zone",3
985.519,"Info","Arena",7,"Enter_Zone",4
985.848,"Info","Arena",7,"Exit_Zone",4
985.848,"Info","Arena",7,"Enter_Zone",2
986.378,"Info","Arena",8,"Exit_Zone",1
986.378,"Info","Arena",8,"Enter_Zone",4
986.454,"Info","Arena",4,"Exit_Zone",1
986.454,"Info","Arena",4,"Enter_Zone",4
986.562,"Info","Arena",6,"Exit_Zone",3
986.562,"Info","Arena",6,"Enter_Zone",4
986.881,"Info","Arena",6,"Exit_Zone",4
986.881,"Info","Arena",6,"Enter_Zone",1
986.951,"Info","Arena",8,"Exit_Zone",4
986.951,"Info","Arena",8,"Enter_Zone",3
987.018,"Info","Arena",4,"Exit_Zone",4
987.018,"Info","Arena",4,"Enter_Zone",2
989.485,"Info","Arena",7,"Exit_Zone",2
989.485,"Info","Arena",7,"Enter_Zone",4
989.927,"Info","Arena",2,"Exit_Zone",3
989.927,"Info","Arena",2,"Enter_Zone",4
990.000,"Info","Arena",2,"Exit_Zone",4
990.000,"Info","Arena",2,"Enter_Zone",2
990.000,"Info","Arena",7,"Exit_Zone",4
990.000,"Info","Arena",7,"Enter_Zone",1
990.255,"Info","Arena",1,"Exit_Zone",2
990.255,"Info","Arena",1,"Enter_Zone",4
990.358,"Info","Arena",1,"Exit_Zone",4
990.358,"Info","Arena",1,"Enter_Zone",1
990.843,"Info","Arena",8,"Exit_Zone",3
990.843,"Info","Arena",8,"Enter_Zone",4
991.251,"Info","Arena",8,"Exit_Zone",4
991.251,"Info","Arena",8,"Enter_Zone",2
991.711,"Info","Arena",1,"Exit_Zone",1
991.711,"Info","Arena",1,"Enter_Zone",4
991.811,"Info","Arena",5,"Exit_Zone",1
991.811,"Info","Arena",5,"Enter_Zone",4
991.877,"Info","Arena",1,"Exit_Zone",4
991.877,"Info","Arena",1,"Enter_Zone",2
992.108,"Info","Arena",5,"Exit_Zone",4
992.108,"Info","Arena",5,"Enter_Zone",2
993.367,"Info","Arena",2,"Exit_Zone",2
993.367,"Info","Arena",2,"Enter_Zone",4
993.550,"Info","Arena",8,"Exit_Zone",2
993.550,"Info","Arena",8,"Enter_Zone",4
993.768,"Info","Arena",8,"Exit_Zone",4
993.768,"Info","Arena",8,"Enter_Zone",1
993.840,"Info","Arena",2,"Exit_Zone",4
993.840,"Info","Arena",2,"Enter_Zone",1
993.912,"Info","Arena",7,"Exit_Zone",1
993.912,"Info","Arena",7,"Enter_Zone",4
994.165,"Info","Arena",1,"Exit_Zone",2
994.165,"Info","Arena",1,"Enter_Zone",4
994.283,"Info","Arena",1,"Exit_Zone",4
994.283,"Info","Arena",1,"Enter_Zone",1
994.496,"Info","Arena",4,"Exit_Zone",2
994.496,"Info","Arena",4,"Enter_Zone",4
994.496,"Info","Arena",7,"Exit_Zone",4
994.496,"Info","Arena",7,"Enter_Zone",3
995.358,"Info","Arena",4,"Exit_Zone",4
995.358,"Info","Arena",4,"Enter_Zone",3
995.866,"Info","Arena",8,"Exit_Zone",1
995.866,"Info","Arena",8,"Enter_Zone",4
996.652,"Info","Arena",8,"Exit_Zone",4
996.652,"Info","Arena",8,"Enter_Zone",2
996.754,"Info","Arena",2,"Exit_Zone",1
996.754,"Info","Arena",2,"Enter_Zone",3
996.852,"Info","Arena",2,"Exit_Zone",3
996.852,"Info","Arena",2,"Enter_Zone",1
997.300,"Info","Arena",1,"Exit_Zone",1
997.300,"Info","Arena",1,"Enter_Zone",4
997.368,"Info","Arena",1,"Exit_Zone",4
997.368,"Info","Arena",1,"Enter_Zone",2
997.650,"Info","Arena",6,"Exit_Zone",1
997.650,"Info","Arena",6,"Enter_Zone",4
997.865,"Info","Arena",7,"Exit_Zone",3
997.865,"Info","Arena",7,"Enter_Zone",4
997.973,"Info","Arena",2,"Exit_Zone",1
997.973,"Info","Arena",2,"Enter_Zone",4
998.010,"Info","Arena",7,"Exit_Zone",4
998.010,"Info","Arena",7,"Enter_Zone",2
998.232,"Info","Arena",6,"Exit_Zone",4
998.232,"Info","Arena",6,"Enter_Zone",2
998.301,"Info","Arena",4,"Exit_Zone",3
998.301,"Info","Arena",4,"Enter_Zone",4
998.544,"Info","Arena",2,"Exit_Zone",4
998.544,"Info","Arena",2,"Enter_Zone",2
998.683,"Info","Arena",4,"Exit_Zone",4
998.683,"Info","Arena",4,"Enter_Zone",1
998.754,"Info","Arena",2,"Exit_Zone",2
998.754,"Info","Arena",2,"Enter_Zone",4
998.894,"Info","Arena",2,"Exit_Zone",4
998.894,"Info","Arena",2,"Enter_Zone",3
1001.396,"Info","Arena",8,"Exit_Zone",2
1001.396,"Info","Arena",8,"Enter_Zone",4
1001.542,"Info","Arena",8,"Exit_Zone",4
1001.542,"Info","Arena",8,"Enter_Zone",1
1001.796,"Info","Arena",7,"Exit_Zone",2
1001.796,"Info","Arena",7,"Enter_Zone",4
1001.903,"Info","Arena",4,"Exit_Zone",1
1001.903,"Info","Arena",4,"Enter_Zone",4
1002.275,"Info","Arena",7,"Exit_Zone",4
1002.275,"Info","Arena",7,"Enter_Zone",1
1002.316,"Info","Arena",4,"Exit_Zone",4
1002.316,"Info","Arena",4,"Enter_Zone",3
1002.462,"Info","Arena",2,"Exit_Zone",3
1002.462,"Info","Arena",2,"Enter_Zone",4
1002.539,"Info","Arena",2,"Exit_Zone",4
1002.539,"Info","Arena",2,"Enter_Zone",2
1002.576,"Info","Arena",6,"Exit_Zone",2
1002.576,"Info","Arena",6,"Enter_Zone",4
1003.491,"Info","Arena",6,"Exit_Zone",4
1003.491,"Info","Arena",6,"Enter_Zone",1
1003.620,"Info","Arena",2,"Exit_Zone",2
1003.620,"Info","Arena",2,"Enter_Zone",3
1003.652,"Info","Arena",2,"Exit_Zone",3
1003.652,"Info","Arena",2,"Enter_Zone",2
1003.776,"Info","Arena",2,"Exit_Zone",2
1003.776,"Info","Arena",2,"Enter_Zone",3
1003.961,"Info","Arena",5,"Exit_Zone",2
1003.961,"Info","Arena",5,"Enter_Zone",4
1004.056,"Info","Arena",2,"Exit_Zone",3
1004.056,"Info","Arena",2,"Enter_Zone",2
1004.675,"Info","Arena",3,"Exit_Zone",3
1004.675,"Info","Arena",3,"Enter_Zone",4
1004.710,"Info","Arena",7,"Exit_Zone",1
1004.710,"Info","Arena",7,"Enter_Zone",4
1005.248,"Info","Arena",7,"Exit_Zone",4
1005.248,"Info","Arena",7,"Enter_Zone",3
1005.284,"Info","Arena",5,"Exit_Zone",4
1005.284,"Info","Arena",5,"Enter_Zone",3
1005.357,"Info","Arena",3,"Exit_Zone",4
1005.357,"Info","Arena",3,"Enter_Zone",1
1005.465,"Info","Arena",8,"Exit_Zone",1
1005.465,"Info","Arena",8,"Enter_Zone",4
1005.759,"Info","Arena",1,"Exit_Zone",2
1005.759,"Info","Arena",1,"Enter_Zone",4
1005.796,"Info","Arena",4,"Exit_Zone",3
1005.796,"Info","Arena",4,"Enter_Zone",4
1005.942,"Info","Arena",8,"Exit_Zone",4
1005.942,"Info","Arena",8,"Enter_Zone",2
1005.977,"Info","Arena",1,"Exit_Zone",4
1005.977,"Info","Arena",1,"Enter_Zone",3
1006.565,"Info","Arena",7,"Exit_Zone",3
1006.565,"Info","Arena",7,"Enter_Zone",2
1006.710,"Info","Arena",1,"Exit_Zone",3
1006.710,"Info","Arena",1,"Enter_Zone",4
1006.710,"Info","Arena",2,"Exit_Zone",2
1006.710,"Info","Arena",2,"Enter_Zone",4
1006.781,"Info","Arena",4,"Exit_Zone",4
1006.781,"Info","Arena",4,"Enter_Zone",2
1006.821,"Info","Arena",2,"Exit_Zone",4
1006.821,"Info","Arena",2,"Enter_Zone",1
1006.966,"Info","Arena",1,"Exit_Zone",4
1006.966,"Info","Arena",1,"Enter_Zone",3
1006.966,"Info","Arena",3,"Exit_Zone",1
1006.966,"Info","Arena",3,"Enter_Zone",4
1007.618,"Info","Arena",3,"Exit_Zone",4
1007.618,"Info","Arena",3,"Enter_Zone",3
1008.188,"Info","Arena",6,"Exit_Zone",1
1008.188,"Info","Arena",6,"Enter_Zone",4
1009.025,"Info","Arena",6,"Exit_Zone",4
1009.025,"Info","Arena",6,"Enter_Zone",3
1009.092,"Info","Arena",2,"Exit_Zone",1
1009.092,"Info","Arena",2,"Enter_Zone",3
1009.233,"Info","Arena",2,"Exit_Zone",3
1009.233,"Info","Arena",2,"Enter_Zone",1
1009.233,"Info","Arena",5,"Exit_Zone",3
1009.233,"Info","Arena",5,"Enter_Zone",4
1010.041,"Info","Arena",4,"Exit_Zone",2
1010.041,"Info","Arena",4,"Enter_Zone",4
1010.218,"Info","Arena",2,"Exit_Zone",1
1010.218,"Info","Arena",2,"Enter_Zone",4
1010.548,"Info","Arena",5,"Exit_Zone",4
1010.548,"Info","Arena",5,"Enter_Zone",2
1010.616,"Info","Arena",4,"Exit_Zone",4
1010.616,"Info","Arena",4,"Enter_Zone",3
1010.856,"Info","Arena",2,"Exit_Zone",4
1010.856,"Info","Arena",2,"Enter_Zone",3
1011.076,"Info","Arena",7,"Exit_Zone",2
1011.076,"Info","Arena",7,"Enter_Zone",4
1011.555,"Info","Arena",7,"Exit_Zone",4
1011.555,"Info","Arena",7,"Enter_Zone",1
1013.497,"Info","Arena",4,"Exit_Zone",3
1013.497,"Info","Arena",4,"Enter_Zone",4
1013.897,"Info","Arena",4,"Exit_Zone",4
1013.897,"Info","Arena",4,"Enter_Zone",1
1014.560,"Info","Arena",6,"Exit_Zone",3
1014.560,"Info","Arena",6,"Enter_Zone",4
1014.595,"Info","Arena",2,"Exit_Zone",3
1014.595,"Info","Arena",2,"Enter_Zone",4
1015.057,"Info","Arena",2,"Exit_Zone",4
1015.057,"Info","Arena",2,"Enter_Zone",2
1015.198,"Info","Arena",7,"Exit_Zone",1
1015.198,"Info","Arena",7,"Enter_Zone",4
1015.414,"Info","Arena",6,"Exit_Zone",4
1015.414,"Info","Arena",6,"Enter_Zone",2
1015.884,"Info","Arena",7,"Exit_Zone",4
1015.884,"Info","Arena",7,"Enter_Zone",2
1017.031,"Info","Arena",4,"Exit_Zone",1
1017.031,"Info","Arena",4,"Enter_Zone",4
1017.374,"Info","Arena",2,"Exit_Zone",2
1017.374,"Info","Arena",2,"Enter_Zone",4
1017.509,"Info","Arena",4,"Exit_Zone",4
1017.509,"Info","Arena",4,"Enter_Zone",3
1017.847,"Info","Arena",2,"Exit_Zone",4
1017.847,"Info","Arena",2,"Enter_Zone",1
1018.126,"Info","Arena",5,"Exit_Zone",2
1018.126,"Info","Arena",5,"Enter_Zone",4
1018.984,"Info","Arena",5,"Exit_Zone",4
1018.984,"Info","Arena",5,"Enter_Zone",1
1019.386,"Info","Arena",3,"Exit_Zone",3
1019.386,"Info","Arena",3,"Enter_Zone",4
1019.859,"Info","Arena",6,"Exit_Zone",2
1019.859,"Info","Arena",6,"Enter_Zone",4
1020.065,"Info","Arena",3,"Exit_Zone",4
1020.065,"Info","Arena",3,"Enter_Zone",1
1020.641,"Info","Arena",4,"Exit_Zone",3
1020.641,"Info","Arena",4,"Enter_Zone",4
1020.787,"Info","Arena",7,"Exit_Zone",2
1020.787,"Info","Arena",7,"Enter_Zone",4
1020.971,"Info","Arena",6,"Exit_Zone",4
1020.971,"Info","Arena",6,"Enter_Zone",3
1021.046,"Info","Arena",7,"Exit_Zone",4
1021.046,"Info","Arena",7,"Enter_Zone",1
1021.083,"Info","Arena",1,"Exit_Zone",3
1021.083,"Info","Arena",1,"Enter_Zone",4
1021.356,"Info","Arena",4,"Exit_Zone",4
1021.356,"Info","Arena",4,"Enter_Zone",1
1021.432,"Info","Arena",3,"Exit_Zone",1
1021.432,"Info","Arena",3,"Enter_Zone",4
1021.469,"Info","Arena",1,"Exit_Zone",4
1021.469,"Info","Arena",1,"Enter_Zone",3
1021.511,"Info","Arena",6,"Exit_Zone",3
1021.511,"Info","Arena",6,"Enter_Zone",4
1021.623,"Info","Arena",2,"Exit_Zone",1
1021.623,"Info","Arena",2,"Enter_Zone",4
1021.734,"Info","Arena",1,"Exit_Zone",3
1021.734,"Info","Arena",1,"Enter_Zone",4
1021.769,"Info","Arena",2,"Exit_Zone",4
1021.769,"Info","Arena",2,"Enter_Zone",3
1022.041,"Info","Arena",3,"Exit_Zone",4
1022.041,"Info","Arena",3,"Enter_Zone",3
1022.079,"Info","Arena",6,"Exit_Zone",4
1022.079,"Info","Arena",6,"Enter_Zone",2
1022.242,"Info","Arena",1,"Exit_Zone",4
1022.242,"Info","Arena",1,"Enter_Zone",2
1022.498,"Info","Arena",1,"Exit_Zone",2
1022.498,"Info","Arena",1,"Enter_Zone",4
1022.533,"Info","Arena",1,"Exit_Zone",4
1022.533,"Info","Arena",1,"Enter_Zone",1
1023.717,"Info","Arena",7,"Exit_Zone",1
1023.717,"Info","Arena",7,"Enter_Zone",4
1023.947,"Info","Arena",8,"Exit_Zone",2
1023.947,"Info","Arena",8,"Enter_Zone",4
1024.112,"Info","Arena",4,"Exit_Zone",1
1024.112,"Info","Arena",4,"Enter_Zone",4
1024.358,"Info","Arena",8,"Exit_Zone",4
1024.358,"Info","Arena",8,"Enter_Zone",1
1024.426,"Info","Arena",4,"Exit_Zone",4
1024.426,"Info","Arena",4,"Enter_Zone",2
1024.563,"Info","Arena",7,"Exit_Zone",4
1024.563,"Info","Arena",7,"Enter_Zone",3
1024.667,"Info","Arena",2,"Exit_Zone",3
1024.667,"Info","Arena",2,"Enter_Zone",4
1025.036,"Info","Arena",2,"Exit_Zone",4
1025.036,"Info","Arena",2,"Enter_Zone",2
1026.006,"Info","Arena",5,"Exit_Zone",1
1026.006,"Info","Arena",5,"Enter_Zone",4
1026.533,"Info","Arena",8,"Exit_Zone",1
1026.533,"Info","Arena",8,"Enter_Zone",4
1026.673,"Info","Arena",1,"Exit_Zone",1
1026.673,"Info","Arena",1,"Enter_Zone",4
1026.923,"Info","Arena",5,"Exit_Zone",4
1026.923,"Info","Arena",5,"Enter_Zone",2
1026.995,"Info","Arena",3,"Exit_Zone",3
1026.995,"Info","Arena",3,"Enter_Zone",4
1027.035,"Info","Arena",8,"Exit_Zone",4
1027.035,"Info","Arena",8,"Enter_Zone",2
1027.070,"Info","Arena",1,"Exit_Zone",4
1027.070,"Info","Arena",1,"Enter_Zone",3
1027.369,"Info","Arena",1,"Exit_Zone",3
1027.369,"Info","Arena",1,"Enter_Zone",4
1027.407,"Info","Arena",1,"Exit_Zone",4
1027.407,"Info","Arena",1,"Enter_Zone",3
1027.480,"Info","Arena",6,"Exit_Zone",2
1027.480,"Info","Arena",6,"Enter_Zone",4
1027.515,"Info","Arena",1,"Exit_Zone",3
1027.515,"Info","Arena",1,"Enter_Zone",4
1027.515,"Info","Arena",7,"Exit_Zone",3
1027.515,"Info","Arena",7,"Enter_Zone",4
1027.697,"Info","Arena",6,"Exit_Zone",4
1027.697,"Info","Arena",6,"Enter_Zone",3
1027.844,"Info","Arena",1,"Exit_Zone",4
1027.844,"Info","Arena",1,"Enter_Zone",2
1028.096,"Info","Arena",7,"Exit_Zone",4
1028.096,"Info","Arena",7,"Enter_Zone",2
1029.226,"Info","Arena",2,"Exit_Zone",2
1029.226,"Info","Arena",2,"Enter_Zone",3
1029.452,"Info","Arena",2,"Exit_Zone",3
1029.452,"Info","Arena",2,"Enter_Zone",2
1029.516,"Info","Arena",3,"Exit_Zone",4
1029.516,"Info","Arena",3,"Enter_Zone",3
1030.051,"Info","Arena",4,"Exit_Zone",2
1030.051,"Info","Arena",4,"Enter_Zone",4
1030.236,"Info","Arena",1,"Exit_Zone",2
1030.236,"Info","Arena",1,"Enter_Zone",4
1030.236,"Info","Arena",3,"Exit_Zone",3
1030.236,"Info","Arena",3,"Enter_Zone",4
1030.271,"Info","Arena",3,"Exit_Zone",4
1030.271,"Info","Arena",3,"Enter_Zone",3
1030.271,"Info","Arena",4,"Exit_Zone",4
1030.271,"Info","Arena",4,"Enter_Zone",3
1030.307,"Info","Arena",3,"Exit_Zone",3
1030.307,"Info","Arena",3,"Enter_Zone",4
1030.341,"Info","Arena",1,"Exit_Zone",4
1030.341,"Info","Arena",1,"Enter_Zone",1
1030.936,"Info","Arena",3,"Exit_Zone",4
1030.936,"Info","Arena",3,"Enter_Zone",1
1031.976,"Info","Arena",7,"Exit_Zone",2
1031.976,"Info","Arena",7,"Enter_Zone",4
1032.255,"Info","Arena",1,"Exit_Zone",1
1032.255,"Info","Arena",1,"Enter_Zone",4
1032.288,"Info","Arena",1,"Exit_Zone",4
1032.288,"Info","Arena",1,"Enter_Zone",2
1032.322,"Info","Arena",7,"Exit_Zone",4
1032.322,"Info","Arena",7,"Enter_Zone",1
1032.459,"Info","Arena",5,"Exit_Zone",2
1032.459,"Info","Arena",5,"Enter_Zone",4
1032.530,"Info","Arena",2,"Exit_Zone",2
1032.530,"Info","Arena",2,"Enter_Zone",3
1032.767,"Info","Arena",5,"Exit_Zone",4
1032.767,"Info","Arena",5,"Enter_Zone",1
1032.833,"Info","Arena",2,"Exit_Zone",3
1032.833,"Info","Arena",2,"Enter_Zone",2
1032.968,"Info","Arena",2,"Exit_Zone",2
1032.968,"Info","Arena",2,"Enter_Zone",3
1033.002,"Info","Arena",2,"Exit_Zone",3
1033.002,"Info","Arena",2,"Enter_Zone",2
1033.788,"Info","Arena",2,"Exit_Zone",2
1033.788,"Info","Arena",2,"Enter_Zone",4
1034.016,"Info","Arena",2,"Exit_Zone",4
1034.016,"Info","Arena",2,"Enter_Zone",1
1034.763,"Info","Arena",3,"Exit_Zone",1
1034.763,"Info","Arena",3,"Enter_Zone",4
1034.795,"Info","Arena",3,"Exit_Zone",4
1034.795,"Info","Arena",3,"Enter_Zone",1
1034.828,"Info","Arena",3,"Exit_Zone",1
1034.828,"Info","Arena",3,"Enter_Zone",4
1035.554,"Info","Arena",7,"Exit_Zone",1
1035.554,"Info","Arena",7,"Enter_Zone",4
1036.328,"Info","Arena",4,"Exit_Zone",3
1036.328,"Info","Arena",4,"Enter_Zone",4
1036.364,"Info","Arena",7,"Exit_Zone",4
1036.364,"Info","Arena",7,"Enter_Zone",3
1037.191,"Info","Arena",3,"Exit_Zone",4
1037.191,"Info","Arena",3,"Enter_Zone",2
1037.657,"Info","Arena",4,"Exit_Zone",4
1037.657,"Info","Arena",4,"Enter_Zone",2
1037.730,"Info","Arena",3,"Exit_Zone",2
1037.730,"Info","Arena",3,"Enter_Zone",4
1038.016,"Info","Arena",6,"Exit_Zone",3
1038.016,"Info","Arena",6,"Enter_Zone",4
1038.156,"Info","Arena",8,"Exit_Zone",2
1038.156,"Info","Arena",8,"Enter_Zone",4
1038.193,"Info","Arena",3,"Exit_Zone",4
1038.193,"Info","Arena",3,"Enter_Zone",3
1038.493,"Info","Arena",8,"Exit_Zone",4
1038.493,"Info","Arena",8,"Enter_Zone",3
1038.605,"Info","Arena",6,"Exit_Zone",4
1038.605,"Info","Arena",6,"Enter_Zone",2
1039.279,"Info","Arena",7,"Exit_Zone",3
1039.279,"Info","Arena",7,"Enter_Zone",4
1039.349,"Info","Arena",2,"Exit_Zone",1
1039.349,"Info","Arena",2,"Enter_Zone",4
1039.418,"Info","Arena",5,"Exit_Zone",1
1039.418,"Info","Arena",5,"Enter_Zone",4
1039.806,"Info","Arena",7,"Exit_Zone",4
1039.806,"Info","Arena",7,"Enter_Zone",2
1040.068,"Info","Arena",2,"Exit_Zone",4
1040.068,"Info","Arena",2,"Enter_Zone",2
1040.228,"Info","Arena",5,"Exit_Zone",4
1040.228,"Info","Arena",5,"Enter_Zone",3
1040.371,"Info","Arena",4,"Exit_Zone",2
1040.371,"Info","Arena",4,"Enter_Zone",4
1041.062,"Info","Arena",4,"Exit_Zone",4
1041.062,"Info","Arena",4,"Enter_Zone",3
1041.335,"Info","Arena",2,"Exit_Zone",2
1041.335,"Info","Arena",2,"Enter_Zone",3
1041.619,"Info","Arena",2,"Exit_Zone",3
1041.619,"Info","Arena",2,"Enter_Zone",2
1042.413,"Info","Arena",7,"Exit_Zone",2
1042.413,"Info","Arena",7,"Enter_Zone",4
1042.675,"Info","Arena",7,"Exit_Zone",4
1042.675,"Info","Arena",7,"Enter_Zone",1
1042.704,"Info","Arena",8,"Exit_Zone",3
1042.704,"Info","Arena",8,"Enter_Zone",4
1043.297,"Info","Arena",8,"Exit_Zone",4
1043.297,"Info","Arena",8,"Enter_Zone",1
1043.678,"Info","Arena",2,"Exit_Zone",2
1043.678,"Info","Arena",2,"Enter_Zone",4
1043.964,"Info","Arena",2,"Exit_Zone",4
1043.964,"Info","Arena",2,"Enter_Zone",1
1044.111,"Info","Arena",4,"Exit_Zone",3
1044.111,"Info","Arena",4,"Enter_Zone",4
1044.480,"Info","Arena",6,"Exit_Zone",2
1044.480,"Info","Arena",6,"Enter_Zone",4
1044.515,"Info","Arena",4,"Exit_Zone",4
1044.515,"Info","Arena",4,"Enter_Zone",1
1044.698,"Info","Arena",6,"Exit_Zone",4
1044.698,"Info","Arena",6,"Enter_Zone",3
1044.770,"Info","Arena",7,"Exit_Zone",1
1044.770,"Info","Arena",7,"Enter_Zone",4
1045.291,"Info","Arena",5,"Exit_Zone",3
1045.291,"Info","Arena",5,"Enter_Zone",4
1045.391,"Info","Arena",7,"Exit_Zone",4
1045.391,"Info","Arena",7,"Enter_Zone",3
1045.932,"Info","Arena",5,"Exit_Zone",4
1045.932,"Info","Arena",5,"Enter_Zone",2
1047.028,"Info","Arena",4,"Exit_Zone",1
1047.028,"Info","Arena",4,"Enter_Zone",4
1047.166,"Info","Arena",2,"Exit_Zone",1
1047.166,"Info","Arena",2,"Enter_Zone",3
1047.198,"Info","Arena",2,"Exit_Zone",3
1047.198,"Info","Arena",2,"Enter_Zone",1
1047.243,"Info","Arena",2,"Exit_Zone",1
1047.243,"Info","Arena",2,"Enter_Zone",3
1047.377,"Info","Arena",2,"Exit_Zone",3
1047.377,"Info","Arena",2,"Enter_Zone",1
1047.518,"Info","Arena",4,"Exit_Zone",4
1047.518,"Info","Arena",4,"Enter_Zone",2
1047.591,"Info","Arena",2,"Exit_Zone",1
1047.591,"Info","Arena",2,"Enter_Zone",3
1047.591,"Info","Arena",8,"Exit_Zone",1
1047.591,"Info","Arena",8,"Enter_Zone",4
1047.662,"Info","Arena",2,"Exit_Zone",3
1047.662,"Info","Arena",2,"Enter_Zone",1
1047.877,"Info","Arena",2,"Exit_Zone",1
1047.877,"Info","Arena",2,"Enter_Zone",3
1047.949,"Info","Arena",2,"Exit_Zone",3
1047.949,"Info","Arena",2,"Enter_Zone",1
1048.050,"Info","Arena",8,"Exit_Zone",4
1048.050,"Info","Arena",8,"Enter_Zone",2
1048.190,"Info","Arena",7,"Exit_Zone",3
1048.190,"Info","Arena",7,"Enter_Zone",4
1048.536,"Info","Arena",7,"Exit_Zone",4
1048.536,"Info","Arena",7,"Enter_Zone",2
1049.734,"Info","Arena",6,"Exit_Zone",3
1049.734,"Info","Arena",6,"Enter_Zone",4
1049.950,"Info","Arena",6,"Exit_Zone",4
1049.950,"Info","Arena",6,"Enter_Zone",2
1050.416,"Info","Arena",2,"Exit_Zone",1
1050.416,"Info","Arena",2,"Enter_Zone",4
1051.007,"Info","Arena",1,"Exit_Zone",2
1051.007,"Info","Arena",1,"Enter_Zone",4
1051.082,"Info","Arena",4,"Exit_Zone",2
1051.082,"Info","Arena",4,"Enter_Zone",4
1051.157,"Info","Arena",2,"Exit_Zone",4
1051.157,"Info","Arena",2,"Enter_Zone",3
1051.276,"Info","Arena",1,"Exit_Zone",4
1051.276,"Info","Arena",1,"Enter_Zone",1
1051.276,"Info","Arena",5,"Exit_Zone",2
1051.276,"Info","Arena",5,"Enter_Zone",4
1051.757,"Info","Arena",4,"Exit_Zone",4
1051.757,"Info","Arena",4,"Enter_Zone",3
1051.942,"Info","Arena",5,"Exit_Zone",4
1051.942,"Info","Arena",5,"Enter_Zone",1
1052.164,"Info","Arena",8,"Exit_Zone",2
1052.164,"Info","Arena",8,"Enter_Zone",4
1052.823,"Info","Arena",8,"Exit_Zone",4
1052.823,"Info","Arena",8,"Enter_Zone",3
1054.045,"Info","Arena",1,"Exit_Zone",1
1054.045,"Info","Arena",1,"Enter_Zone",4
1054.296,"Info","Arena",6,"Exit_Zone",2
1054.296,"Info","Arena",6,"Enter_Zone",4
1054.434,"Info","Arena",6,"Exit_Zone",4
1054.434,"Info","Arena",6,"Enter_Zone",3
1054.471,"Info","Arena",1,"Exit_Zone",4
1054.471,"Info","Arena",1,"Enter_Zone",2
1054.471,"Info","Arena",7,"Exit_Zone",2
1054.471,"Info","Arena",7,"Enter_Zone",4
1054.720,"Info","Arena",7,"Exit_Zone",4
1054.720,"Info","Arena",7,"Enter_Zone",2
1055.320,"Info","Arena",4,"Exit_Zone",3
1055.320,"Info","Arena",4,"Enter_Zone",4
1055.696,"Info","Arena",4,"Exit_Zone",4
1055.696,"Info","Arena",4,"Enter_Zone",1
1056.405,"Info","Arena",8,"Exit_Zone",3
1056.405,"Info","Arena",8,"Enter_Zone",4
1056.969,"Info","Arena",8,"Exit_Zone",4
1056.969,"Info","Arena",8,"Enter_Zone",2
1057.041,"Info","Arena",2,"Exit_Zone",3
1057.041,"Info","Arena",2,"Enter_Zone",4
1057.474,"Info","Arena",5,"Exit_Zone",1
1057.474,"Info","Arena",5,"Enter_Zone",4
1057.824,"Info","Arena",2,"Exit_Zone",4
1057.824,"Info","Arena",2,"Enter_Zone",1
1057.859,"Info","Arena",1,"Exit_Zone",2
1057.859,"Info","Arena",1,"Enter_Zone",4
1058.261,"Info","Arena",1,"Exit_Zone",4
1058.261,"Info","Arena",1,"Enter_Zone",1
1058.474,"Info","Arena",5,"Exit_Zone",4
1058.474,"Info","Arena",5,"Enter_Zone",3
1058.690,"Info","Arena",4,"Exit_Zone",1
1058.690,"Info","Arena",4,"Enter_Zone",4
1059.442,"Info","Arena",4,"Exit_Zone",4
1059.442,"Info","Arena",4,"Enter_Zone",3
1059.578,"Info","Arena",7,"Exit_Zone",2
1059.578,"Info","Arena",7,"Enter_Zone",4
1059.966,"Info","Arena",7,"Exit_Zone",4
1059.966,"Info","Arena",7,"Enter_Zone",1
1060.325,"Info","Arena",8,"Exit_Zone",2
1060.325,"Info","Arena",8,"Enter_Zone",4
1060.919,"Info","Arena",8,"Exit_Zone",4
1060.919,"Info","Arena",8,"Enter_Zone",3
1061.393,"Info","Arena",1,"Exit_Zone",1
1061.393,"Info","Arena",1,"Enter_Zone",4
1061.571,"Info","Arena",1,"Exit_Zone",4
1061.571,"Info","Arena",1,"Enter_Zone",2
1061.995,"Info","Arena",5,"Exit_Zone",3
1061.995,"Info","Arena",5,"Enter_Zone",4
1062.366,"Info","Arena",2,"Exit_Zone",1
1062.366,"Info","Arena",2,"Enter_Zone",4
1062.653,"Info","Arena",2,"Exit_Zone",4
1062.653,"Info","Arena",2,"Enter_Zone",2
1062.726,"Info","Arena",3,"Exit_Zone",3
1062.726,"Info","Arena",3,"Enter_Zone",4
1062.763,"Info","Arena",5,"Exit_Zone",4
1062.763,"Info","Arena",5,"Enter_Zone",2
1062.942,"Info","Arena",4,"Exit_Zone",3
1062.942,"Info","Arena",4,"Enter_Zone",4
1063.239,"Info","Arena",7,"Exit_Zone",1
1063.239,"Info","Arena",7,"Enter_Zone",4
1063.560,"Info","Arena",7,"Exit_Zone",4
1063.560,"Info","Arena",7,"Enter_Zone",2
1063.631,"Info","Arena",4,"Exit_Zone",4
1063.631,"Info","Arena",4,"Enter_Zone",1
1064.330,"Info","Arena",3,"Exit_Zone",4
1064.330,"Info","Arena",3,"Enter_Zone",3
1064.462,"Info","Arena",3,"Exit_Zone",3
1064.462,"Info","Arena",3,"Enter_Zone",4
1064.493,"Info","Arena",3,"Exit_Zone",4
1064.493,"Info","Arena",3,"Enter_Zone",3
1065.418,"Info","Arena",8,"Exit_Zone",3
1065.418,"Info","Arena",8,"Enter_Zone",4
1065.846,"Info","Arena",8,"Exit_Zone",4
1065.846,"Info","Arena",8,"Enter_Zone",1
1066.584,"Info","Arena",8,"Exit_Zone",1
1066.584,"Info","Arena",8,"Enter_Zone",4
1066.790,"Info","Arena",7,"Exit_Zone",2
1066.790,"Info","Arena",7,"Enter_Zone",1
1066.859,"Info","Arena",7,"Exit_Zone",1
1066.859,"Info","Arena",7,"Enter_Zone",2
1066.931,"Info","Arena",6,"Exit_Zone",3
1066.931,"Info","Arena",6,"Enter_Zone",4
1066.999,"Info","Arena",8,"Exit_Zone",4
1066.999,"Info","Arena",8,"Enter_Zone",3
1067.290,"Info","Arena",4,"Exit_Zone",1
1067.290,"Info","Arena",4,"Enter_Zone",4
1067.290,"Info","Arena",5,"Exit_Zone",2
1067.290,"Info","Arena",5,"Enter_Zone",4
1067.676,"Info","Arena",6,"Exit_Zone",4
1067.676,"Info","Arena",6,"Enter_Zone",1
1067.857,"Info","Arena",7,"Exit_Zone",2
1067.857,"Info","Arena",7,"Enter_Zone",4
1067.930,"Info","Arena",2,"Exit_Zone",2
1067.930,"Info","Arena",2,"Enter_Zone",3
1068.000,"Info","Arena",2,"Exit_Zone",3
1068.000,"Info","Arena",2,"Enter_Zone",2
1068.037,"Info","Arena",2,"Exit_Zone",2
1068.037,"Info","Arena",2,"Enter_Zone",3
1068.037,"Info","Arena",5,"Exit_Zone",4
1068.037,"Info","Arena",5,"Enter_Zone",3
1068.072,"Info","Arena",2,"Exit_Zone",3
1068.072,"Info","Arena",2,"Enter_Zone",2
1068.179,"Info","Arena",4,"Exit_Zone",4
1068.179,"Info","Arena",4,"Enter_Zone",3
1068.179,"Info","Arena",7,"Exit_Zone",4
1068.179,"Info","Arena",7,"Enter_Zone",1
1068.983,"Info","Arena",7,"Exit_Zone",1
1068.983,"Info","Arena",7,"Enter_Zone",4
1069.122,"Info","Arena",7,"Exit_Zone",4
1069.122,"Info","Arena",7,"Enter_Zone",2
1069.443,"Info","Arena",7,"Exit_Zone",2
1069.443,"Info","Arena",7,"Enter_Zone",4
1069.843,"Info","Arena",7,"Exit_Zone",4
1069.843,"Info","Arena",7,"Enter_Zone",3
1070.075,"Info","Arena",1,"Exit_Zone",2
1070.075,"Info","Arena",1,"Enter_Zone",4
1070.107,"Info","Arena",1,"Exit_Zone",4
1070.107,"Info","Arena",1,"Enter_Zone",3
1070.217,"Info","Arena",7,"Exit_Zone",3
1070.217,"Info","Arena",7,"Enter_Zone",4
1070.383,"Info","Arena",7,"Exit_Zone",4
1070.383,"Info","Arena",7,"Enter_Zone",2
1070.685,"Info","Arena",1,"Exit_Zone",3
1070.685,"Info","Arena",1,"Enter_Zone",4
1070.926,"Info","Arena",1,"Exit_Zone",4
1070.926,"Info","Arena",1,"Enter_Zone",2
1071.172,"Info","Arena",1,"Exit_Zone",2
1071.172,"Info","Arena",1,"Enter_Zone",4
1071.358,"Info","Arena",1,"Exit_Zone",4
1071.358,"Info","Arena",1,"Enter_Zone",1
1071.711,"Info","Arena",2,"Exit_Zone",2
1071.711,"Info","Arena",2,"Enter_Zone",4
1072.130,"Info","Arena",4,"Exit_Zone",3
1072.130,"Info","Arena",4,"Enter_Zone",4
1072.314,"Info","Arena",6,"Exit_Zone",1
1072.314,"Info","Arena",6,"Enter_Zone",4
1072.547,"Info","Arena",2,"Exit_Zone",4
1072.547,"Info","Arena",2,"Enter_Zone",2
1072.819,"Info","Arena",4,"Exit_Zone",4
1072.819,"Info","Arena",4,"Enter_Zone",1
1073.359,"Info","Arena",6,"Exit_Zone",4
1073.359,"Info","Arena",6,"Enter_Zone",3
1073.538,"Info","Arena",1,"Exit_Zone",1
1073.538,"Info","Arena",1,"Enter_Zone",4
1073.575,"Info","Arena",7,"Exit_Zone",2
1073.575,"Info","Arena",7,"Enter_Zone",4
1073.649,"Info","Arena",1,"Exit_Zone",4
1073.649,"Info","Arena",1,"Enter_Zone",2
1073.864,"Info","Arena",7,"Exit_Zone",4
1073.864,"Info","Arena",7,"Enter_Zone",1
1073.935,"Info","Arena",7,"Exit_Zone",1
1073.935,"Info","Arena",7,"Enter_Zone",4
1073.970,"Info","Arena",7,"Exit_Zone",4
1073.970,"Info","Arena",7,"Enter_Zone",2
1074.329,"Info","Arena",5,"Exit_Zone",3
1074.329,"Info","Arena",5,"Enter_Zone",4
1074.397,"Info","Arena",2,"Exit_Zone",2
1074.397,"Info","Arena",2,"Enter_Zone",3
1074.527,"Info","Arena",2,"Exit_Zone",3
1074.527,"Info","Arena",2,"Enter_Zone",2
1074.627,"Info","Arena",2,"Exit_Zone",2
1074.627,"Info","Arena",2,"Enter_Zone",3
1074.753,"Info","Arena",5,"Exit_Zone",4
1074.753,"Info","Arena",5,"Enter_Zone",2
1074.905,"Info","Arena",2,"Exit_Zone",3
1074.905,"Info","Arena",2,"Enter_Zone",2
1075.791,"Info","Arena",7,"Exit_Zone",2
1075.791,"Info","Arena",7,"Enter_Zone",4
1075.997,"Info","Arena",7,"Exit_Zone",4
1075.997,"Info","Arena",7,"Enter_Zone",1
1076.743,"Info","Arena",8,"Exit_Zone",3
1076.743,"Info","Arena",8,"Enter_Zone",4
1076.809,"Info","Arena",2,"Exit_Zone",2
1076.809,"Info","Arena",2,"Enter_Zone",4
1076.846,"Info","Arena",4,"Exit_Zone",1
1076.846,"Info","Arena",4,"Enter_Zone",4
1077.261,"Info","Arena",8,"Exit_Zone",4
1077.261,"Info","Arena",8,"Enter_Zone",2
1077.293,"Info","Arena",2,"Exit_Zone",4
1077.293,"Info","Arena",2,"Enter_Zone",1
1077.396,"Info","Arena",2,"Exit_Zone",1
1077.396,"Info","Arena",2,"Enter_Zone",4
1077.429,"Info","Arena",3,"Exit_Zone",3
1077.429,"Info","Arena",3,"Enter_Zone",4
1077.497,"Info","Arena",3,"Exit_Zone",4
1077.497,"Info","Arena",3,"Enter_Zone",3
1077.497,"Info","Arena",7,"Exit_Zone",1
1077.497,"Info","Arena",7,"Enter_Zone",4
1077.601,"Info","Arena",3,"Exit_Zone",3
1077.601,"Info","Arena",3,"Enter_Zone",4
1077.875,"Info","Arena",7,"Exit_Zone",4
1077.875,"Info","Arena",7,"Enter_Zone",3
1077.908,"Info","Arena",2,"Exit_Zone",4
1077.908,"Info","Arena",2,"Enter_Zone",1
1077.908,"Info","Arena",4,"Exit_Zone",4
1077.908,"Info","Arena",4,"Enter_Zone",2
1078.920,"Info","Arena",6,"Exit_Zone",3
1078.920,"Info","Arena",6,"Enter_Zone",4
1079.118,"Info","Arena",8,"Exit_Zone",2
1079.118,"Info","Arena",8,"Enter_Zone",4
1079.152,"Info","Arena",3,"Exit_Zone",4
1079.152,"Info","Arena",3,"Enter_Zone",3
1079.655,"Info","Arena",8,"Exit_Zone",4
1079.655,"Info","Arena",8,"Enter_Zone",3
1080.070,"Info","Arena",3,"Exit_Zone",3
1080.070,"Info","Arena",3,"Enter_Zone",4
1080.442,"Info","Arena",3,"Exit_Zone",4
1080.442,"Info","Arena",3,"Enter_Zone",1
1080.551,"Info","Arena",4,"Exit_Zone",2
1080.551,"Info","Arena",4,"Enter_Zone",4
1080.622,"Info","Arena",7,"Exit_Zone",3
1080.622,"Info","Arena",7,"Enter_Zone",4
1080.727,"Info","Arena",5,"Exit_Zone",2
1080.727,"Info","Arena",5,"Enter_Zone",4
1080.973,"Info","Arena",7,"Exit_Zone",4
1080.973,"Info","Arena",7,"Enter_Zone",2
1081.177,"Info","Arena",4,"Exit_Zone",4
1081.177,"Info","Arena",4,"Enter_Zone",3
1081.256,"Info","Arena",5,"Exit_Zone",4
1081.256,"Info","Arena",5,"Enter_Zone",1
1081.701,"Info","Arena",6,"Exit_Zone",4
1081.701,"Info","Arena",6,"Enter_Zone",3
1083.101,"Info","Arena",4,"Exit_Zone",3
1083.101,"Info","Arena",4,"Enter_Zone",4
1083.161,"Info","Arena",6,"Exit_Zone",3
1083.161,"Info","Arena",6,"Enter_Zone",4
1083.334,"Info","Arena",2,"Exit_Zone",1
1083.334,"Info","Arena",2,"Enter_Zone",4
1083.435,"Info","Arena",6,"Exit_Zone",4
1083.435,"Info","Arena",6,"Enter_Zone",2
1083.501,"Info","Arena",4,"Exit_Zone",4
1083.501,"Info","Arena",4,"Enter_Zone",1
1083.981,"Info","Arena",2,"Exit_Zone",4
1083.981,"Info","Arena",2,"Enter_Zone",3
1084.534,"Info","Arena",1,"Exit_Zone",2
1084.534,"Info","Arena",1,"Enter_Zone",4
1084.608,"Info","Arena",8,"Exit_Zone",3
1084.608,"Info","Arena",8,"Enter_Zone",4
1084.747,"Info","Arena",1,"Exit_Zone",4
1084.747,"Info","Arena",1,"Enter_Zone",1
1085.173,"Info","Arena",8,"Exit_Zone",4
1085.173,"Info","Arena",8,"Enter_Zone",2
1085.367,"Info","Arena",4,"Exit_Zone",1
1085.367,"Info","Arena",4,"Enter_Zone",4
1085.618,"Info","Arena",4,"Exit_Zone",4
1085.618,"Info","Arena",4,"Enter_Zone",2
1085.690,"Info","Arena",7,"Exit_Zone",2
1085.690,"Info","Arena",7,"Enter_Zone",4
1086.187,"Info","Arena",7,"Exit_Zone",4
1086.187,"Info","Arena",7,"Enter_Zone",1
1086.648,"Info","Arena",1,"Exit_Zone",1
1086.648,"Info","Arena",1,"Enter_Zone",4
1086.814,"Info","Arena",5,"Exit_Zone",1
1086.814,"Info","Arena",5,"Enter_Zone",4
1087.084,"Info","Arena",1,"Exit_Zone",4
1087.084,"Info","Arena",1,"Enter_Zone",2
1087.262,"Info","Arena",5,"Exit_Zone",4
1087.262,"Info","Arena",5,"Enter_Zone",2
1087.618,"Info","Arena",8,"Exit_Zone",2
1087.618,"Info","Arena",8,"Enter_Zone",4
1087.716,"Info","Arena",8,"Exit_Zone",4
1087.716,"Info","Arena",8,"Enter_Zone",1
1088.010,"Info","Arena",8,"Exit_Zone",1
1088.010,"Info","Arena",8,"Enter_Zone",4
1088.077,"Info","Arena",4,"Exit_Zone",2
1088.077,"Info","Arena",4,"Enter_Zone",4
1088.292,"Info","Arena",4,"Exit_Zone",4
1088.292,"Info","Arena",4,"Enter_Zone",3
1088.292,"Info","Arena",8,"Exit_Zone",4
1088.292,"Info","Arena",8,"Enter_Zone",3
1088.838,"Info","Arena",3,"Exit_Zone",1
1088.838,"Info","Arena",3,"Enter_Zone",4
1089.082,"Info","Arena",2,"Exit_Zone",3
1089.082,"Info","Arena",2,"Enter_Zone",4
1089.150,"Info","Arena",3,"Exit_Zone",4
1089.150,"Info","Arena",3,"Enter_Zone",2
1089.336,"Info","Arena",2,"Exit_Zone",4
1089.336,"Info","Arena",2,"Enter_Zone",2
1089.843,"Info","Arena",6,"Exit_Zone",2
1089.843,"Info","Arena",6,"Enter_Zone",4
1090.304,"Info","Arena",1,"Exit_Zone",2
1090.304,"Info","Arena",1,"Enter_Zone",4
1090.304,"Info","Arena",7,"Exit_Zone",1
1090.304,"Info","Arena",7,"Enter_Zone",4
1090.410,"Info","Arena",1,"Exit_Zone",4
1090.410,"Info","Arena",1,"Enter_Zone",1
1090.577,"Info","Arena",7,"Exit_Zone",4
1090.577,"Info","Arena",7,"Enter_Zone",3
1090.680,"Info","Arena",6,"Exit_Zone",4
1090.680,"Info","Arena",6,"Enter_Zone",3
1091.902,"Info","Arena",8,"Exit_Zone",3
1091.902,"Info","Arena",8,"Enter_Zone",4
1092.261,"Info","Arena",8,"Exit_Zone",4
1092.261,"Info","Arena",8,"Enter_Zone",2
1092.956,"Info","Arena",7,"Exit_Zone",3
1092.956,"Info","Arena",7,"Enter_Zone",4
1093.024,"Info","Arena",2,"Exit_Zone",2
1093.024,"Info","Arena",2,"Enter_Zone",3
1093.061,"Info","Arena",2,"Exit_Zone",3
1093.061,"Info","Arena",2,"Enter_Zone",2
1093.307,"Info","Arena",7,"Exit_Zone",4
1093.307,"Info","Arena",7,"Enter_Zone",2
1093.868,"Info","Arena",4,"Exit_Zone",3
1093.868,"Info","Arena",4,"Enter_Zone",4
1094.240,"Info","Arena",8,"Exit_Zone",2
1094.240,"Info","Arena",8,"Enter_Zone",4
1094.641,"Info","Arena",4,"Exit_Zone",4
1094.641,"Info","Arena",4,"Enter_Zone",1
1094.675,"Info","Arena",2,"Exit_Zone",2
1094.675,"Info","Arena",2,"Enter_Zone",4
1094.747,"Info","Arena",2,"Exit_Zone",4
1094.747,"Info","Arena",2,"Enter_Zone",3
1094.782,"Info","Arena",8,"Exit_Zone",4
1094.782,"Info","Arena",8,"Enter_Zone",3
1095.095,"Info","Arena",3,"Exit_Zone",2
1095.095,"Info","Arena",3,"Enter_Zone",4
1095.306,"Info","Arena",5,"Exit_Zone",2
1095.306,"Info","Arena",5,"Enter_Zone",1
1095.545,"Info","Arena",5,"Exit_Zone",1
1095.545,"Info","Arena",5,"Enter_Zone",2
1095.647,"Info","Arena",3,"Exit_Zone",4
1095.647,"Info","Arena",3,"Enter_Zone",3
1096.447,"Info","Arena",6,"Exit_Zone",3
1096.447,"Info","Arena",6,"Enter_Zone",4
1096.734,"Info","Arena",1,"Exit_Zone",1
1096.734,"Info","Arena",1,"Enter_Zone",4
1096.806,"Info","Arena",1,"Exit_Zone",4
1096.806,"Info","Arena",1,"Enter_Zone",2
1097.332,"Info","Arena",5,"Exit_Zone",2
1097.332,"Info","Arena",5,"Enter_Zone",4
1097.332,"Info","Arena",6,"Exit_Zone",4
1097.332,"Info","Arena",6,"Enter_Zone",2
1097.691,"Info","Arena",4,"Exit_Zone",1
1097.691,"Info","Arena",4,"Enter_Zone",4
1097.691,"Info","Arena",8,"Exit_Zone",3
1097.691,"Info","Arena",8,"Enter_Zone",4
1098.256,"Info","Arena",8,"Exit_Zone",4
1098.256,"Info","Arena",8,"Enter_Zone",2
1099.047,"Info","Arena",5,"Exit_Zone",4
1099.047,"Info","Arena",5,"Enter_Zone",1
1099.421,"Info","Arena",2,"Exit_Zone",3
1099.421,"Info","Arena",2,"Enter_Zone",4
1099.820,"Info","Arena",2,"Exit_Zone",4
1099.820,"Info","Arena",2,"Enter_Zone",2
1100.003,"Info","Arena",4,"Exit_Zone",4
1100.003,"Info","Arena",4,"Enter_Zone",1
1100.110,"Info","Arena",1,"Exit_Zone",2
1100.110,"Info","Arena",1,"Enter_Zone",4
1100.304,"Info","Arena",1,"Exit_Zone",4
1100.304,"Info","Arena",1,"Enter_Zone",1
1100.838,"Info","Arena",4,"Exit_Zone",1
1100.838,"Info","Arena",4,"Enter_Zone",4
1100.838,"Info","Arena",7,"Exit_Zone",2
1100.838,"Info","Arena",7,"Enter_Zone",4
1101.144,"Info","Arena",7,"Exit_Zone",4
1101.144,"Info","Arena",7,"Enter_Zone",2
1101.824,"Info","Arena",8,"Exit_Zone",2
1101.824,"Info","Arena",8,"Enter_Zone",4
1102.197,"Info","Arena",8,"Exit_Zone",4
1102.197,"Info","Arena",8,"Enter_Zone",1
1102.279,"Info","Arena",4,"Exit_Zone",4
1102.279,"Info","Arena",4,"Enter_Zone",2
1102.412,"Info","Arena",7,"Exit_Zone",2
1102.412,"Info","Arena",7,"Enter_Zone",1
1102.446,"Info","Arena",7,"Exit_Zone",1
1102.446,"Info","Arena",7,"Enter_Zone",2
1103.394,"Info","Arena",2,"Exit_Zone",2
1103.394,"Info","Arena",2,"Enter_Zone",4
1103.936,"Info","Arena",2,"Exit_Zone",4
1103.936,"Info","Arena",2,"Enter_Zone",1
1104.387,"Info","Arena",6,"Exit_Zone",2
1104.387,"Info","Arena",6,"Enter_Zone",4
1104.424,"Info","Arena",7,"Exit_Zone",2
1104.424,"Info","Arena",7,"Enter_Zone",4
1104.648,"Info","Arena",8,"Exit_Zone",1
1104.648,"Info","Arena",8,"Enter_Zone",4
1104.688,"Info","Arena",7,"Exit_Zone",4
1104.688,"Info","Arena",7,"Enter_Zone",3
1105.220,"Info","Arena",1,"Exit_Zone",1
1105.220,"Info","Arena",1,"Enter_Zone",4
1105.296,"Info","Arena",5,"Exit_Zone",1
1105.296,"Info","Arena",5,"Enter_Zone",4
1105.370,"Info","Arena",7,"Exit_Zone",3
1105.370,"Info","Arena",7,"Enter_Zone",4
1105.448,"Info","Arena",7,"Exit_Zone",4
1105.448,"Info","Arena",7,"Enter_Zone",2
1105.523,"Info","Arena",8,"Exit_Zone",4
1105.523,"Info","Arena",8,"Enter_Zone",2
1105.787,"Info","Arena",4,"Exit_Zone",2
1105.787,"Info","Arena",4,"Enter_Zone",4
1105.828,"Info","Arena",1,"Exit_Zone",4
1105.828,"Info","Arena",1,"Enter_Zone",2
1106.058,"Info","Arena",6,"Exit_Zone",4
1106.058,"Info","Arena",6,"Enter_Zone",1
1106.169,"Info","Arena",5,"Exit_Zone",4
1106.169,"Info","Arena",5,"Enter_Zone",3
1106.294,"Info","Arena",1,"Exit_Zone",2
1106.294,"Info","Arena",1,"Enter_Zone",4
1106.480,"Info","Arena",4,"Exit_Zone",4
1106.480,"Info","Arena",4,"Enter_Zone",1
1106.921,"Info","Arena",1,"Exit_Zone",4
1106.921,"Info","Arena",1,"Enter_Zone",2
1106.958,"Info","Arena",4,"Exit_Zone",1
1106.958,"Info","Arena",4,"Enter_Zone",4
1107.030,"Info","Arena",4,"Exit_Zone",4
1107.030,"Info","Arena",4,"Enter_Zone",2
1107.206,"Info","Arena",2,"Exit_Zone",1
1107.206,"Info","Arena",2,"Enter_Zone",4
1107.758,"Info","Arena",2,"Exit_Zone",4
1107.758,"Info","Arena",2,"Enter_Zone",3
1107.758,"Info","Arena",3,"Exit_Zone",3
1107.758,"Info","Arena",3,"Enter_Zone",4
1109.124,"Info","Arena",3,"Exit_Zone",4
1109.124,"Info","Arena",3,"Enter_Zone",1
1109.332,"Info","Arena",8,"Exit_Zone",2
1109.332,"Info","Arena",8,"Enter_Zone",4
1109.683,"Info","Arena",7,"Exit_Zone",2
1109.683,"Info","Arena",7,"Enter_Zone",1
1109.714,"Info","Arena",7,"Exit_Zone",1
1109.714,"Info","Arena",7,"Enter_Zone",2
1110.016,"Info","Arena",8,"Exit_Zone",4
1110.016,"Info","Arena",8,"Enter_Zone",3
1110.376,"Info","Arena",1,"Exit_Zone",2
1110.376,"Info","Arena",1,"Enter_Zone",4
1110.553,"Info","Arena",1,"Exit_Zone",4
1110.553,"Info","Arena",1,"Enter_Zone",1
1111.392,"Info","Arena",4,"Exit_Zone",2
1111.392,"Info","Arena",4,"Enter_Zone",4
1111.726,"Info","Arena",6,"Exit_Zone",1
1111.726,"Info","Arena",6,"Enter_Zone",4
1111.842,"Info","Arena",7,"Exit_Zone",2
1111.842,"Info","Arena",7,"Enter_Zone",4
1111.914,"Info","Arena",1,"Exit_Zone",1
1111.914,"Info","Arena",1,"Enter_Zone",4
1112.058,"Info","Arena",1,"Exit_Zone",4
1112.058,"Info","Arena",1,"Enter_Zone",2
1112.370,"Info","Arena",6,"Exit_Zone",4
1112.370,"Info","Arena",6,"Enter_Zone",3
1112.409,"Info","Arena",7,"Exit_Zone",4
1112.409,"Info","Arena",7,"Enter_Zone",1
1112.589,"Info","Arena",5,"Exit_Zone",3
1112.589,"Info","Arena",5,"Enter_Zone",4
1112.821,"Info","Arena",4,"Exit_Zone",4
1112.821,"Info","Arena",4,"Enter_Zone",3
1113.055,"Info","Arena",1,"Exit_Zone",2
1113.055,"Info","Arena",1,"Enter_Zone",4
1113.165,"Info","Arena",1,"Exit_Zone",4
1113.165,"Info","Arena",1,"Enter_Zone",1
1113.290,"Info","Arena",8,"Exit_Zone",3
1113.290,"Info","Arena",8,"Enter_Zone",4
1113.584,"Info","Arena",8,"Exit_Zone",4
1113.584,"Info","Arena",8,"Enter_Zone",1
1113.700,"Info","Arena",5,"Exit_Zone",4
1113.700,"Info","Arena",5,"Enter_Zone",1
1114.862,"Info","Arena",4,"Exit_Zone",3
1114.862,"Info","Arena",4,"Enter_Zone",4
1115.663,"Info","Arena",1,"Exit_Zone",1
1115.663,"Info","Arena",1,"Enter_Zone",4
1115.663,"Info","Arena",7,"Exit_Zone",1
1115.663,"Info","Arena",7,"Enter_Zone",4
1115.703,"Info","Arena",1,"Exit_Zone",4
1115.703,"Info","Arena",1,"Enter_Zone",2
1115.703,"Info","Arena",4,"Exit_Zone",4
1115.703,"Info","Arena",4,"Enter_Zone",1
1115.738,"Info","Arena",8,"Exit_Zone",1
1115.738,"Info","Arena",8,"Enter_Zone",4
1116.159,"Info","Arena",8,"Exit_Zone",4
1116.159,"Info","Arena",8,"Enter_Zone",2
1116.245,"Info","Arena",7,"Exit_Zone",4
1116.245,"Info","Arena",7,"Enter_Zone",3
1116.505,"Info","Arena",2,"Exit_Zone",3
1116.505,"Info","Arena",2,"Enter_Zone",4
1116.693,"Info","Arena",8,"Exit_Zone",2
1116.693,"Info","Arena",8,"Enter_Zone",4
1116.805,"Info","Arena",2,"Exit_Zone",4
1116.805,"Info","Arena",2,"Enter_Zone",2
1116.911,"Info","Arena",4,"Exit_Zone",1
1116.911,"Info","Arena",4,"Enter_Zone",4
1117.017,"Info","Arena",4,"Exit_Zone",4
1117.017,"Info","Arena",4,"Enter_Zone",3
1117.053,"Info","Arena",6,"Exit_Zone",3
1117.053,"Info","Arena",6,"Enter_Zone",4
1117.277,"Info","Arena",8,"Exit_Zone",4
1117.277,"Info","Arena",8,"Enter_Zone",3
1118.052,"Info","Arena",5,"Exit_Zone",1
1118.052,"Info","Arena",5,"Enter_Zone",4
1118.120,"Info","Arena",1,"Exit_Zone",2
1118.120,"Info","Arena",1,"Enter_Zone",4
1118.340,"Info","Arena",1,"Exit_Zone",4
1118.340,"Info","Arena",1,"Enter_Zone",1
1118.588,"Info","Arena",5,"Exit_Zone",4
1118.588,"Info","Arena",5,"Enter_Zone",3
1118.738,"Info","Arena",3,"Exit_Zone",1
1118.738,"Info","Arena",3,"Enter_Zone",4
1118.738,"Info","Arena",6,"Exit_Zone",4
1118.738,"Info","Arena",6,"Enter_Zone",2
1119.563,"Info","Arena",3,"Exit_Zone",4
1119.563,"Info","Arena",3,"Enter_Zone",3
1120.096,"Info","Arena",8,"Exit_Zone",3
1120.096,"Info","Arena",8,"Enter_Zone",4
1120.395,"Info","Arena",1,"Exit_Zone",1
1120.395,"Info","Arena",1,"Enter_Zone",4
1120.548,"Info","Arena",1,"Exit_Zone",4
1120.548,"Info","Arena",1,"Enter_Zone",2
1120.624,"Info","Arena",8,"Exit_Zone",4
1120.624,"Info","Arena",8,"Enter_Zone",1
1121.031,"Info","Arena",2,"Exit_Zone",2
1121.031,"Info","Arena",2,"Enter_Zone",4
1121.317,"Info","Arena",2,"Exit_Zone",4
1121.317,"Info","Arena",2,"Enter_Zone",1
1122.428,"Info","Arena",7,"Exit_Zone",3
1122.428,"Info","Arena",7,"Enter_Zone",4
1122.529,"Info","Arena",7,"Exit_Zone",4
1122.529,"Info","Arena",7,"Enter_Zone",2
1123.636,"Info","Arena",8,"Exit_Zone",1
1123.636,"Info","Arena",8,"Enter_Zone",4
1123.885,"Info","Arena",2,"Exit_Zone",1
1123.885,"Info","Arena",2,"Enter_Zone",4
1124.097,"Info","Arena",8,"Exit_Zone",4
1124.097,"Info","Arena",8,"Enter_Zone",3
1124.168,"Info","Arena",6,"Exit_Zone",2
1124.168,"Info","Arena",6,"Enter_Zone",4
1124.456,"Info","Arena",2,"Exit_Zone",4
1124.456,"Info","Arena",2,"Enter_Zone",3
1124.943,"Info","Arena",6,"Exit_Zone",4
1124.943,"Info","Arena",6,"Enter_Zone",1
1125.603,"Info","Arena",7,"Exit_Zone",2
1125.603,"Info","Arena",7,"Enter_Zone",4
1126.151,"Info","Arena",7,"Exit_Zone",4
1126.151,"Info","Arena",7,"Enter_Zone",2
1127.953,"Info","Arena",5,"Exit_Zone",3
1127.953,"Info","Arena",5,"Enter_Zone",4
1127.985,"Info","Arena",2,"Exit_Zone",3
1127.985,"Info","Arena",2,"Enter_Zone",4
1128.155,"Info","Arena",8,"Exit_Zone",3
1128.155,"Info","Arena",8,"Enter_Zone",4
1128.189,"Info","Arena",2,"Exit_Zone",4
1128.189,"Info","Arena",2,"Enter_Zone",2
1128.433,"Info","Arena",7,"Exit_Zone",2
1128.433,"Info","Arena",7,"Enter_Zone",4
1128.637,"Info","Arena",7,"Exit_Zone",4
1128.637,"Info","Arena",7,"Enter_Zone",3
1128.947,"Info","Arena",8,"Exit_Zone",4
1128.947,"Info","Arena",8,"Enter_Zone",1
1129.092,"Info","Arena",5,"Exit_Zone",4
1129.092,"Info","Arena",5,"Enter_Zone",2
1129.498,"Info","Arena",2,"Exit_Zone",2
1129.498,"Info","Arena",2,"Enter_Zone",3
1129.674,"Info","Arena",2,"Exit_Zone",3
1129.674,"Info","Arena",2,"Enter_Zone",2
1130.725,"Info","Arena",6,"Exit_Zone",1
1130.725,"Info","Arena",6,"Enter_Zone",4
1131.139,"Info","Arena",4,"Exit_Zone",3
1131.139,"Info","Arena",4,"Enter_Zone",4
1131.845,"Info","Arena",4,"Exit_Zone",4
1131.845,"Info","Arena",4,"Enter_Zone",1
1132.567,"Info","Arena",6,"Exit_Zone",4
1132.567,"Info","Arena",6,"Enter_Zone",3
1132.977,"Info","Arena",2,"Exit_Zone",2
1132.977,"Info","Arena",2,"Enter_Zone",4
1133.461,"Info","Arena",2,"Exit_Zone",4
1133.461,"Info","Arena",2,"Enter_Zone",1
1134.544,"Info","Arena",8,"Exit_Zone",1
1134.544,"Info","Arena",8,"Enter_Zone",4
1135.371,"Info","Arena",8,"Exit_Zone",4
1135.371,"Info","Arena",8,"Enter_Zone",3
1136.095,"Info","Arena",1,"Exit_Zone",2
1136.095,"Info","Arena",1,"Enter_Zone",4
1136.170,"Info","Arena",1,"Exit_Zone",4
1136.170,"Info","Arena",1,"Enter_Zone",1
1136.624,"Info","Arena",1,"Exit_Zone",1
1136.624,"Info","Arena",1,"Enter_Zone",4
1136.664,"Info","Arena",4,"Exit_Zone",1
1136.664,"Info","Arena",4,"Enter_Zone",4
1136.773,"Info","Arena",1,"Exit_Zone",4
1136.773,"Info","Arena",1,"Enter_Zone",2
1137.333,"Info","Arena",5,"Exit_Zone",2
1137.333,"Info","Arena",5,"Enter_Zone",4
1137.406,"Info","Arena",3,"Exit_Zone",3
1137.406,"Info","Arena",3,"Enter_Zone",4
1137.793,"Info","Arena",4,"Exit_Zone",4
1137.793,"Info","Arena",4,"Enter_Zone",2
1137.978,"Info","Arena",5,"Exit_Zone",4
1137.978,"Info","Arena",5,"Enter_Zone",3
1138.309,"Info","Arena",3,"Exit_Zone",4
1138.309,"Info","Arena",3,"Enter_Zone",1
1138.943,"Info","Arena",6,"Exit_Zone",3
1138.943,"Info","Arena",6,"Enter_Zone",4
1139.475,"Info","Arena",7,"Exit_Zone",3
1139.475,"Info","Arena",7,"Enter_Zone",1
1139.508,"Info","Arena",7,"Exit_Zone",1
1139.508,"Info","Arena",7,"Enter_Zone",3
1140.219,"Info","Arena",1,"Exit_Zone",2
1140.219,"Info","Arena",1,"Enter_Zone",4
1140.219,"Info","Arena",6,"Exit_Zone",4
1140.219,"Info","Arena",6,"Enter_Zone",2
1140.324,"Info","Arena",1,"Exit_Zone",4
1140.324,"Info","Arena",1,"Enter_Zone",3
1141.018,"Info","Arena",7,"Exit_Zone",3
1141.018,"Info","Arena",7,"Enter_Zone",1
1141.053,"Info","Arena",7,"Exit_Zone",1
1141.053,"Info","Arena",7,"Enter_Zone",3
1141.810,"Info","Arena",7,"Exit_Zone",3
1141.810,"Info","Arena",7,"Enter_Zone",4
1141.980,"Info","Arena",7,"Exit_Zone",4
1141.980,"Info","Arena",7,"Enter_Zone",2
1142.870,"Info","Arena",8,"Exit_Zone",3
1142.870,"Info","Arena",8,"Enter_Zone",4
1143.231,"Info","Arena",8,"Exit_Zone",4
1143.231,"Info","Arena",8,"Enter_Zone",2
1143.394,"Info","Arena",7,"Exit_Zone",2
1143.394,"Info","Arena",7,"Enter_Zone",1
1143.426,"Info","Arena",7,"Exit_Zone",1
1143.426,"Info","Arena",7,"Enter_Zone",2
1143.491,"Info","Arena",5,"Exit_Zone",3
1143.491,"Info","Arena",5,"Enter_Zone",4
1143.491,"Info","Arena",7,"Exit_Zone",2
1143.491,"Info","Arena",7,"Enter_Zone",1
1143.555,"Info","Arena",7,"Exit_Zone",1
1143.555,"Info","Arena",7,"Enter_Zone",2
1144.088,"Info","Arena",5,"Exit_Zone",4
1144.088,"Info","Arena",5,"Enter_Zone",2
1144.864,"Info","Arena",7,"Exit_Zone",2
1144.864,"Info","Arena",7,"Enter_Zone",4
1145.400,"Info","Arena",8,"Exit_Zone",2
1145.400,"Info","Arena",8,"Enter_Zone",4
1145.474,"Info","Arena",2,"Exit_Zone",1
1145.474,"Info","Arena",2,"Enter_Zone",4
1145.740,"Info","Arena",6,"Exit_Zone",2
1145.740,"Info","Arena",6,"Enter_Zone",4
1145.776,"Info","Arena",7,"Exit_Zone",4
1145.776,"Info","Arena",7,"Enter_Zone",3
1145.962,"Info","Arena",8,"Exit_Zone",4
1145.962,"Info","Arena",8,"Enter_Zone",1
1146.069,"Info","Arena",4,"Exit_Zone",2
1146.069,"Info","Arena",4,"Enter_Zone",4
1146.183,"Info","Arena",2,"Exit_Zone",4
1146.183,"Info","Arena",2,"Enter_Zone",3
1146.604,"Info","Arena",4,"Exit_Zone",4
1146.604,"Info","Arena",4,"Enter_Zone",1
1146.712,"Info","Arena",6,"Exit_Zone",4
1146.712,"Info","Arena",6,"Enter_Zone",3
1146.712,"Info","Arena",7,"Exit_Zone",3
1146.712,"Info","Arena",7,"Enter_Zone",4
1147.085,"Info","Arena",7,"Exit_Zone",4
1147.085,"Info","Arena",7,"Enter_Zone",2
1147.702,"Info","Arena",7,"Exit_Zone",2
1147.702,"Info","Arena",7,"Enter_Zone",1
1147.768,"Info","Arena",7,"Exit_Zone",1
1147.768,"Info","Arena",7,"Enter_Zone",2
1148.176,"Info","Arena",7,"Exit_Zone",2
1148.176,"Info","Arena",7,"Enter_Zone",1
1148.361,"Info","Arena",7,"Exit_Zone",1
1148.361,"Info","Arena",7,"Enter_Zone",2
1148.752,"Info","Arena",1,"Exit_Zone",3
1148.752,"Info","Arena",1,"Enter_Zone",4
1148.971,"Info","Arena",1,"Exit_Zone",4
1148.971,"Info","Arena",1,"Enter_Zone",3
1149.530,"Info","Arena",5,"Exit_Zone",2
1149.530,"Info","Arena",5,"Enter_Zone",4
1149.827,"Info","Arena",3,"Exit_Zone",1
1149.827,"Info","Arena",3,"Enter_Zone",4
1149.863,"Info","Arena",4,"Exit_Zone",1
1149.863,"Info","Arena",4,"Enter_Zone",4
1150.081,"Info","Arena",4,"Exit_Zone",4
1150.081,"Info","Arena",4,"Enter_Zone",3
1150.502,"Info","Arena",8,"Exit_Zone",1
1150.502,"Info","Arena",8,"Enter_Zone",4
1150.576,"Info","Arena",5,"Exit_Zone",4
1150.576,"Info","Arena",5,"Enter_Zone",3
1150.831,"Info","Arena",7,"Exit_Zone",2
1150.831,"Info","Arena",7,"Enter_Zone",1
1150.869,"Info","Arena",7,"Exit_Zone",1
1150.869,"Info","Arena",7,"Enter_Zone",2
1151.152,"Info","Arena",3,"Exit_Zone",4
1151.152,"Info","Arena",3,"Enter_Zone",3
1151.478,"Info","Arena",6,"Exit_Zone",3
1151.478,"Info","Arena",6,"Enter_Zone",4
1151.516,"Info","Arena",8,"Exit_Zone",4
1151.516,"Info","Arena",8,"Enter_Zone",3
1151.751,"Info","Arena",7,"Exit_Zone",2
1151.751,"Info","Arena",7,"Enter_Zone",1
1151.820,"Info","Arena",7,"Exit_Zone",1
1151.820,"Info","Arena",7,"Enter_Zone",2
1152.463,"Info","Arena",6,"Exit_Zone",4
1152.463,"Info","Arena",6,"Enter_Zone",1
1152.500,"Info","Arena",7,"Exit_Zone",2
1152.500,"Info","Arena",7,"Enter_Zone",1
1152.667,"Info","Arena",7,"Exit_Zone",1
1152.667,"Info","Arena",7,"Enter_Zone",2
1152.947,"Info","Arena",7,"Exit_Zone",2
1152.947,"Info","Arena",7,"Enter_Zone",1
1153.018,"Info","Arena",7,"Exit_Zone",1
1153.018,"Info","Arena",7,"Enter_Zone",2
1154.668,"Info","Arena",2,"Exit_Zone",3
1154.668,"Info","Arena",2,"Enter_Zone",4
1154.907,"Info","Arena",2,"Exit_Zone",4
1154.907,"Info","Arena",2,"Enter_Zone",2
1155.745,"Info","Arena",2,"Exit_Zone",2
1155.745,"Info","Arena",2,"Enter_Zone",3
1155.946,"Info","Arena",5,"Exit_Zone",3
1155.946,"Info","Arena",5,"Enter_Zone",4
1155.978,"Info","Arena",2,"Exit_Zone",3
1155.978,"Info","Arena",2,"Enter_Zone",2
1156.968,"Info","Arena",6,"Exit_Zone",1
1156.968,"Info","Arena",6,"Enter_Zone",4
1157.074,"Info","Arena",7,"Exit_Zone",2
1157.074,"Info","Arena",7,"Enter_Zone",1
1157.178,"Info","Arena",7,"Exit_Zone",1
1157.178,"Info","Arena",7,"Enter_Zone",2
1157.377,"Info","Arena",5,"Exit_Zone",4
1157.377,"Info","Arena",5,"Enter_Zone",1
1158.153,"Info","Arena",6,"Exit_Zone",4
1158.153,"Info","Arena",6,"Enter_Zone",3
1158.387,"Info","Arena",8,"Exit_Zone",3
1158.387,"Info","Arena",8,"Enter_Zone",4
1159.696,"Info","Arena",8,"Exit_Zone",4
1159.696,"Info","Arena",8,"Enter_Zone",2
1160.272,"Info","Arena",2,"Exit_Zone",2
1160.272,"Info","Arena",2,"Enter_Zone",4
1161.075,"Info","Arena",3,"Exit_Zone",3
1161.075,"Info","Arena",3,"Enter_Zone",4
1161.183,"Info","Arena",2,"Exit_Zone",4
1161.183,"Info","Arena",2,"Enter_Zone",1
1161.229,"Info","Arena",3,"Exit_Zone",4
1161.229,"Info","Arena",3,"Enter_Zone",2
1161.372,"Info","Arena",3,"Exit_Zone",2
1161.372,"Info","Arena",3,"Enter_Zone",4
1161.619,"Info","Arena",8,"Exit_Zone",2
1161.619,"Info","Arena",8,"Enter_Zone",4
1161.800,"Info","Arena",3,"Exit_Zone",4
1161.800,"Info","Arena",3,"Enter_Zone",3
1161.833,"Info","Arena",8,"Exit_Zone",4
1161.833,"Info","Arena",8,"Enter_Zone",1
1162.226,"Info","Arena",2,"Exit_Zone",1
1162.226,"Info","Arena",2,"Enter_Zone",3
1162.425,"Info","Arena",2,"Exit_Zone",3
1162.425,"Info","Arena",2,"Enter_Zone",1
1162.457,"Info","Arena",2,"Exit_Zone",1
1162.457,"Info","Arena",2,"Enter_Zone",3
1162.490,"Info","Arena",5,"Exit_Zone",1
1162.490,"Info","Arena",5,"Enter_Zone",4
1162.654,"Info","Arena",2,"Exit_Zone",3
1162.654,"Info","Arena",2,"Enter_Zone",1
1162.688,"Info","Arena",2,"Exit_Zone",1
1162.688,"Info","Arena",2,"Enter_Zone",3
1162.851,"Info","Arena",2,"Exit_Zone",3
1162.851,"Info","Arena",2,"Enter_Zone",1
1162.915,"Info","Arena",5,"Exit_Zone",4
1162.915,"Info","Arena",5,"Enter_Zone",2
1163.014,"Info","Arena",6,"Exit_Zone",3
1163.014,"Info","Arena",6,"Enter_Zone",4
1164.270,"Info","Arena",6,"Exit_Zone",4
1164.270,"Info","Arena",6,"Enter_Zone",2
1164.301,"Info","Arena",3,"Exit_Zone",3
1164.301,"Info","Arena",3,"Enter_Zone",4
1164.334,"Info","Arena",3,"Exit_Zone",4
1164.334,"Info","Arena",3,"Enter_Zone",3
1165.001,"Info","Arena",4,"Exit_Zone",3
1165.001,"Info","Arena",4,"Enter_Zone",4
1165.416,"Info","Arena",3,"Exit_Zone",3
1165.416,"Info","Arena",3,"Enter_Zone",4
1165.448,"Info","Arena",3,"Exit_Zone",4
1165.448,"Info","Arena",3,"Enter_Zone",3
1165.550,"Info","Arena",4,"Exit_Zone",4
1165.550,"Info","Arena",4,"Enter_Zone",1
1165.714,"Info","Arena",7,"Exit_Zone",2
1165.714,"Info","Arena",7,"Enter_Zone",1
1165.748,"Info","Arena",7,"Exit_Zone",1
1165.748,"Info","Arena",7,"Enter_Zone",2
1166.013,"Info","Arena",8,"Exit_Zone",1
1166.013,"Info","Arena",8,"Enter_Zone",4
1166.256,"Info","Arena",2,"Exit_Zone",1
1166.256,"Info","Arena",2,"Enter_Zone",4
1166.493,"Info","Arena",2,"Exit_Zone",4
1166.493,"Info","Arena",2,"Enter_Zone",3
1166.887,"Info","Arena",8,"Exit_Zone",4
1166.887,"Info","Arena",8,"Enter_Zone",3
1168.513,"Info","Arena",1,"Exit_Zone",3
1168.513,"Info","Arena",1,"Enter_Zone",2
1168.543,"Info","Arena",1,"Exit_Zone",2
1168.543,"Info","Arena",1,"Enter_Zone",3
1168.609,"Info","Arena",1,"Exit_Zone",3
1168.609,"Info","Arena",1,"Enter_Zone",2
1168.703,"Info","Arena",6,"Exit_Zone",2
1168.703,"Info","Arena",6,"Enter_Zone",4
1168.733,"Info","Arena",1,"Exit_Zone",2
1168.733,"Info","Arena",1,"Enter_Zone",3
1169.466,"Info","Arena",6,"Exit_Zone",4
1169.466,"Info","Arena",6,"Enter_Zone",1
1169.633,"Info","Arena",4,"Exit_Zone",1
1169.633,"Info","Arena",4,"Enter_Zone",4
1170.150,"Info","Arena",7,"Exit_Zone",2
1170.150,"Info","Arena",7,"Enter_Zone",1
1170.263,"Info","Arena",7,"Exit_Zone",1
1170.263,"Info","Arena",7,"Enter_Zone",2
1170.656,"Info","Arena",5,"Exit_Zone",2
1170.656,"Info","Arena",5,"Enter_Zone",4
1170.656,"Info","Arena",7,"Exit_Zone",2
1170.656,"Info","Arena",7,"Enter_Zone",4
1170.871,"Info","Arena",7,"Exit_Zone",4
1170.871,"Info","Arena",7,"Enter_Zone",1
1170.943,"Info","Arena",5,"Exit_Zone",4
1170.943,"Info","Arena",5,"Enter_Zone",3
1171.054,"Info","Arena",4,"Exit_Zone",4
1171.054,"Info","Arena",4,"Enter_Zone",2
1171.349,"Info","Arena",2,"Exit_Zone",3
1171.349,"Info","Arena",2,"Enter_Zone",4
1171.953,"Info","Arena",2,"Exit_Zone",4
1171.953,"Info","Arena",2,"Enter_Zone",2
1172.317,"Info","Arena",3,"Exit_Zone",3
1172.317,"Info","Arena",3,"Enter_Zone",4
1173.642,"Info","Arena",3,"Exit_Zone",4
1173.642,"Info","Arena",3,"Enter_Zone",1
1174.003,"Info","Arena",2,"Exit_Zone",2
1174.003,"Info","Arena",2,"Enter_Zone",3
1174.309,"Info","Arena",2,"Exit_Zone",3
1174.309,"Info","Arena",2,"Enter_Zone",2
1174.817,"Info","Arena",6,"Exit_Zone",1
1174.817,"Info","Arena",6,"Enter_Zone",4
1174.817,"Info","Arena",8,"Exit_Zone",3
1174.817,"Info","Arena",8,"Enter_Zone",4
1175.484,"Info","Arena",6,"Exit_Zone",4
1175.484,"Info","Arena",6,"Enter_Zone",3
1175.657,"Info","Arena",8,"Exit_Zone",4
1175.657,"Info","Arena",8,"Enter_Zone",2
1175.995,"Info","Arena",5,"Exit_Zone",3
1175.995,"Info","Arena",5,"Enter_Zone",4
1176.341,"Info","Arena",2,"Exit_Zone",2
1176.341,"Info","Arena",2,"Enter_Zone",4
1176.579,"Info","Arena",5,"Exit_Zone",4
1176.579,"Info","Arena",5,"Enter_Zone",2
1177.167,"Info","Arena",2,"Exit_Zone",4
1177.167,"Info","Arena",2,"Enter_Zone",1
1177.317,"Info","Arena",1,"Exit_Zone",3
1177.317,"Info","Arena",1,"Enter_Zone",4
1177.499,"Info","Arena",1,"Exit_Zone",4
1177.499,"Info","Arena",1,"Enter_Zone",1
1179.307,"Info","Arena",1,"Exit_Zone",1
1179.307,"Info","Arena",1,"Enter_Zone",4
1179.512,"Info","Arena",1,"Exit_Zone",4
1179.512,"Info","Arena",1,"Enter_Zone",3
1179.749,"Info","Arena",8,"Exit_Zone",2
1179.749,"Info","Arena",8,"Enter_Zone",4
1179.855,"Info","Arena",2,"Exit_Zone",1
1179.855,"Info","Arena",2,"Enter_Zone",4
1180.219,"Info","Arena",8,"Exit_Zone",4
1180.219,"Info","Arena",8,"Enter_Zone",1
1180.436,"Info","Arena",2,"Exit_Zone",4
1180.436,"Info","Arena",2,"Enter_Zone",3
1180.683,"Info","Arena",6,"Exit_Zone",3
1180.683,"Info","Arena",6,"Enter_Zone",4
1181.565,"Info","Arena",6,"Exit_Zone",4
1181.565,"Info","Arena",6,"Enter_Zone",1
1181.598,"Info","Arena",4,"Exit_Zone",2
1181.598,"Info","Arena",4,"Enter_Zone",4
1181.974,"Info","Arena",7,"Exit_Zone",1
1181.974,"Info","Arena",7,"Enter_Zone",4
1182.081,"Info","Arena",1,"Exit_Zone",3
1182.081,"Info","Arena",1,"Enter_Zone",2
1182.114,"Info","Arena",1,"Exit_Zone",2
1182.114,"Info","Arena",1,"Enter_Zone",3
1182.371,"Info","Arena",7,"Exit_Zone",4
1182.371,"Info","Arena",7,"Enter_Zone",3
1183.283,"Info","Arena",8,"Exit_Zone",1
1183.283,"Info","Arena",8,"Enter_Zone",4
1183.521,"Info","Arena",4,"Exit_Zone",4
1183.521,"Info","Arena",4,"Enter_Zone",2
1183.723,"Info","Arena",8,"Exit_Zone",4
1183.723,"Info","Arena",8,"Enter_Zone",3
1184.097,"Info","Arena",2,"Exit_Zone",3
1184.097,"Info","Arena",2,"Enter_Zone",4
1184.372,"Info","Arena",4,"Exit_Zone",2
1184.372,"Info","Arena",4,"Enter_Zone",4
1184.535,"Info","Arena",2,"Exit_Zone",4
1184.535,"Info","Arena",2,"Enter_Zone",2
1185.553,"Info","Arena",7,"Exit_Zone",3
1185.553,"Info","Arena",7,"Enter_Zone",1
1185.659,"Info","Arena",7,"Exit_Zone",1
1185.659,"Info","Arena",7,"Enter_Zone",3
1185.693,"Info","Arena",1,"Exit_Zone",3
1185.693,"Info","Arena",1,"Enter_Zone",4
1185.938,"Info","Arena",1,"Exit_Zone",4
1185.938,"Info","Arena",1,"Enter_Zone",1
1186.534,"Info","Arena",4,"Exit_Zone",4
1186.534,"Info","Arena",4,"Enter_Zone",2
1186.637,"Info","Arena",4,"Exit_Zone",2
1186.637,"Info","Arena",4,"Enter_Zone",4
1186.705,"Info","Arena",4,"Exit_Zone",4
1186.705,"Info","Arena",4,"Enter_Zone",3
1186.738,"Info","Arena",5,"Exit_Zone",2
1186.738,"Info","Arena",5,"Enter_Zone",4
1186.843,"Info","Arena",6,"Exit_Zone",1
1186.843,"Info","Arena",6,"Enter_Zone",4
1187.126,"Info","Arena",8,"Exit_Zone",3
1187.126,"Info","Arena",8,"Enter_Zone",4
1187.241,"Info","Arena",5,"Exit_Zone",4
1187.241,"Info","Arena",5,"Enter_Zone",3
1187.379,"Info","Arena",3,"Exit_Zone",1
1187.379,"Info","Arena",3,"Enter_Zone",4
1187.446,"Info","Arena",6,"Exit_Zone",4
1187.446,"Info","Arena",6,"Enter_Zone",3
1187.892,"Info","Arena",3,"Exit_Zone",4
1187.892,"Info","Arena",3,"Enter_Zone",2
1188.097,"Info","Arena",8,"Exit_Zone",4
1188.097,"Info","Arena",8,"Enter_Zone",1
1188.476,"Info","Arena",1,"Exit_Zone",1
1188.476,"Info","Arena",1,"Enter_Zone",4
1188.921,"Info","Arena",1,"Exit_Zone",4
1188.921,"Info","Arena",1,"Enter_Zone",3
1188.921,"Info","Arena",2,"Exit_Zone",2
1188.921,"Info","Arena",2,"Enter_Zone",3
1188.961,"Info","Arena",2,"Exit_Zone",3
1188.961,"Info","Arena",2,"Enter_Zone",2
1189.001,"Info","Arena",7,"Exit_Zone",3
1189.001,"Info","Arena",7,"Enter_Zone",4
1189.113,"Info","Arena",7,"Exit_Zone",4
1189.113,"Info","Arena",7,"Enter_Zone",2
1189.246,"Info","Arena",6,"Exit_Zone",3
1189.246,"Info","Arena",6,"Enter_Zone",4
1189.828,"Info","Arena",6,"Exit_Zone",4
1189.828,"Info","Arena",6,"Enter_Zone",1
1190.190,"Info","Arena",2,"Exit_Zone",2
1190.190,"Info","Arena",2,"Enter_Zone",4
1190.366,"Info","Arena",3,"Exit_Zone",2
1190.366,"Info","Arena",3,"Enter_Zone",4
1190.653,"Info","Arena",3,"Exit_Zone",4
1190.653,"Info","Arena",3,"Enter_Zone",1
1190.784,"Info","Arena",2,"Exit_Zone",4
1190.784,"Info","Arena",2,"Enter_Zone",1
1191.145,"Info","Arena",7,"Exit_Zone",2
1191.145,"Info","Arena",7,"Enter_Zone",1
1191.176,"Info","Arena",7,"Exit_Zone",1
1191.176,"Info","Arena",7,"Enter_Zone",2
1191.556,"Info","Arena",7,"Exit_Zone",2
1191.556,"Info","Arena",7,"Enter_Zone",4
1191.692,"Info","Arena",7,"Exit_Zone",4
1191.692,"Info","Arena",7,"Enter_Zone",3
1192.418,"Info","Arena",3,"Exit_Zone",1
1192.418,"Info","Arena",3,"Enter_Zone",4
1192.453,"Info","Arena",7,"Exit_Zone",3
1192.453,"Info","Arena",7,"Enter_Zone",1
1192.551,"Info","Arena",7,"Exit_Zone",1
1192.551,"Info","Arena",7,"Enter_Zone",3
1192.782,"Info","Arena",3,"Exit_Zone",4
1192.782,"Info","Arena",3,"Enter_Zone",3
1192.947,"Info","Arena",6,"Exit_Zone",1
1192.947,"Info","Arena",6,"Enter_Zone",4
1193.081,"Info","Arena",8,"Exit_Zone",1
1193.081,"Info","Arena",8,"Enter_Zone",4
1193.707,"Info","Arena",2,"Exit_Zone",1
1193.707,"Info","Arena",2,"Enter_Zone",3
1193.707,"Info","Arena",6,"Exit_Zone",4
1193.707,"Info","Arena",6,"Enter_Zone",3
1193.741,"Info","Arena",2,"Exit_Zone",3
1193.741,"Info","Arena",2,"Enter_Zone",1
1193.773,"Info","Arena",2,"Exit_Zone",1
1193.773,"Info","Arena",2,"Enter_Zone",3
1193.840,"Info","Arena",7,"Exit_Zone",3
1193.840,"Info","Arena",7,"Enter_Zone",4
1193.907,"Info","Arena",7,"Exit_Zone",4
1193.907,"Info","Arena",7,"Enter_Zone",2
1193.977,"Info","Arena",2,"Exit_Zone",3
1193.977,"Info","Arena",2,"Enter_Zone",1
1194.084,"Info","Arena",8,"Exit_Zone",4
1194.084,"Info","Arena",8,"Enter_Zone",3
1194.444,"Info","Arena",7,"Exit_Zone",2
1194.444,"Info","Arena",7,"Enter_Zone",1
1194.477,"Info","Arena",7,"Exit_Zone",1
1194.477,"Info","Arena",7,"Enter_Zone",2
1194.548,"Info","Arena",5,"Exit_Zone",3
1194.548,"Info","Arena",5,"Enter_Zone",4
1195.040,"Info","Arena",3,"Exit_Zone",3
1195.040,"Info","Arena",3,"Enter_Zone",4
1195.146,"Info","Arena",5,"Exit_Zone",4
1195.146,"Info","Arena",5,"Enter_Zone",2
1195.224,"Info","Arena",2,"Exit_Zone",1
1195.224,"Info","Arena",2,"Enter_Zone",4
1196.039,"Info","Arena",2,"Exit_Zone",4
1196.039,"Info","Arena",2,"Enter_Zone",3
1196.139,"Info","Arena",1,"Exit_Zone",3
1196.139,"Info","Arena",1,"Enter_Zone",4
1196.317,"Info","Arena",1,"Exit_Zone",4
1196.317,"Info","Arena",1,"Enter_Zone",1
1197.056,"Info","Arena",7,"Exit_Zone",2
1197.056,"Info","Arena",7,"Enter_Zone",1
1197.120,"Info","Arena",7,"Exit_Zone",1
1197.120,"Info","Arena",7,"Enter_Zone",2
1197.330,"Info","Arena",3,"Exit_Zone",4
1197.330,"Info","Arena",3,"Enter_Zone",3
1197.493,"Info","Arena",1,"Exit_Zone",1
1197.493,"Info","Arena",1,"Enter_Zone",4
1197.692,"Info","Arena",7,"Exit_Zone",2
1197.692,"Info","Arena",7,"Enter_Zone",4
1197.862,"Info","Arena",7,"Exit_Zone",4
1197.862,"Info","Arena",7,"Enter_Zone",3
1197.862,"Info","Arena",8,"Exit_Zone",3
1197.862,"Info","Arena",8,"Enter_Zone",4
1197.962,"Info","Arena",1,"Exit_Zone",4
1197.962,"Info","Arena",1,"Enter_Zone",3
1198.347,"Info","Arena",8,"Exit_Zone",4
1198.347,"Info","Arena",8,"Enter_Zone",1
1198.678,"Info","Arena",6,"Exit_Zone",3
1198.678,"Info","Arena",6,"Enter_Zone",4
1199.133,"Info","Arena",7,"Exit_Zone",3
1199.133,"Info","Arena",7,"Enter_Zone",4
1199.163,"Info","Arena",7,"Exit_Zone",4
1199.163,"Info","Arena",7,"Enter_Zone",1
1199.196,"Info","Arena",7,"Exit_Zone",1
1199.196,"Info","Arena",7,"Enter_Zone",4
1199.272,"Info","Arena",7,"Exit_Zone",4
1199.272,"Info","Arena",7,"Enter_Zone",2
1199.370,"Info","Arena",6,"Exit_Zone",4
1199.370,"Info","Arena",6,"Enter_Zone",2
1199.801,"Info","Arena",5,"Exit_Zone",2
1199.801,"Info","Arena",5,"Enter_Zone",1
1199.867,"Info","Arena",5,"Exit_Zone",1
1199.867,"Info","Arena",5,"Enter_Zone",2
1200.028,"Info","Arena",5,"Exit_Zone",2
1200.028,"Info","Arena",5,"Enter_Zone",1
1200.097,"Info","Arena",5,"Exit_Zone",1
1200.097,"Info","Arena",5,"Enter_Zone",2
1200.163,"Info","Arena",5,"Exit_Zone",2
1200.163,"Info","Arena",5,"Enter_Zone",1
1200.197,"Info","Arena",5,"Exit_Zone",1
1200.197,"Info","Arena",5,"Enter_Zone",2
1200.403,"Info","Arena",7,"Exit_Zone",2
1200.403,"Info","Arena",7,"Enter_Zone",1
1200.464,"Info","Arena",7,"Exit_Zone",1
1200.464,"Info","Arena",7,"Enter_Zone",2
1200.591,"Info","Arena",3,"Exit_Zone",3
1200.591,"Info","Arena",3,"Enter_Zone",4
1201.137,"Info","Arena",1,"Exit_Zone",3
1201.137,"Info","Arena",1,"Enter_Zone",4
1201.313,"Info","Arena",3,"Exit_Zone",4
1201.313,"Info","Arena",3,"Enter_Zone",1
1201.343,"Info","Arena",1,"Exit_Zone",4
1201.343,"Info","Arena",1,"Enter_Zone",1
1202.437,"Info","Arena",7,"Exit_Zone",2
1202.437,"Info","Arena",7,"Enter_Zone",1
1202.468,"Info","Arena",7,"Exit_Zone",1
1202.468,"Info","Arena",7,"Enter_Zone",2
1202.801,"Info","Arena",7,"Exit_Zone",2
1202.801,"Info","Arena",7,"Enter_Zone",4
1202.902,"Info","Arena",2,"Exit_Zone",3
1202.902,"Info","Arena",2,"Enter_Zone",4
1202.935,"Info","Arena",7,"Exit_Zone",4
1202.935,"Info","Arena",7,"Enter_Zone",3
1203.135,"Info","Arena",2,"Exit_Zone",4
1203.135,"Info","Arena",2,"Enter_Zone",2
1203.135,"Info","Arena",8,"Exit_Zone",1
1203.135,"Info","Arena",8,"Enter_Zone",4
1203.201,"Info","Arena",1,"Exit_Zone",1
1203.201,"Info","Arena",1,"Enter_Zone",4
1203.201,"Info","Arena",2,"Exit_Zone",2
1203.201,"Info","Arena",2,"Enter_Zone",4
1203.375,"Info","Arena",1,"Exit_Zone",4
1203.375,"Info","Arena",1,"Enter_Zone",3
1203.945,"Info","Arena",8,"Exit_Zone",4
1203.945,"Info","Arena",8,"Enter_Zone",3
1204.634,"Info","Arena",2,"Exit_Zone",4
1204.634,"Info","Arena",2,"Enter_Zone",2
1204.817,"Info","Arena",7,"Exit_Zone",3
1204.817,"Info","Arena",7,"Enter_Zone",1
1204.851,"Info","Arena",7,"Exit_Zone",1
1204.851,"Info","Arena",7,"Enter_Zone",3
1204.925,"Info","Arena",6,"Exit_Zone",2
1204.925,"Info","Arena",6,"Enter_Zone",4
1204.998,"Info","Arena",1,"Exit_Zone",3
1204.998,"Info","Arena",1,"Enter_Zone",4
1205.143,"Info","Arena",5,"Exit_Zone",2
1205.143,"Info","Arena",5,"Enter_Zone",4
1205.263,"Info","Arena",1,"Exit_Zone",4
1205.263,"Info","Arena",1,"Enter_Zone",1
1205.476,"Info","Arena",6,"Exit_Zone",4
1205.476,"Info","Arena",6,"Enter_Zone",3
1205.617,"Info","Arena",7,"Exit_Zone",3
1205.617,"Info","Arena",7,"Enter_Zone",1
1205.685,"Info","Arena",7,"Exit_Zone",1
1205.685,"Info","Arena",7,"Enter_Zone",3
1206.046,"Info","Arena",5,"Exit_Zone",4
1206.046,"Info","Arena",5,"Enter_Zone",3
1206.875,"Info","Arena",2,"Exit_Zone",2
1206.875,"Info","Arena",2,"Enter_Zone",4
1206.875,"Info","Arena",7,"Exit_Zone",3
1206.875,"Info","Arena",7,"Enter_Zone",1
1206.942,"Info","Arena",1,"Exit_Zone",1
1206.942,"Info","Arena",1,"Enter_Zone",4
1207.037,"Info","Arena",7,"Exit_Zone",1
1207.037,"Info","Arena",7,"Enter_Zone",3
1207.137,"Info","Arena",7,"Exit_Zone",3
1207.137,"Info","Arena",7,"Enter_Zone",1
1207.169,"Info","Arena",1,"Exit_Zone",4
1207.169,"Info","Arena",1,"Enter_Zone",3
1207.204,"Info","Arena",7,"Exit_Zone",1
1207.204,"Info","Arena",7,"Enter_Zone",3
1207.348,"Info","Arena",7,"Exit_Zone",3
1207.348,"Info","Arena",7,"Enter_Zone",4
1207.485,"Info","Arena",2,"Exit_Zone",4
1207.485,"Info","Arena",2,"Enter_Zone",1
1207.586,"Info","Arena",7,"Exit_Zone",4
1207.586,"Info","Arena",7,"Enter_Zone",2
1208.320,"Info","Arena",2,"Exit_Zone",1
1208.320,"Info","Arena",2,"Enter_Zone",3
1208.351,"Info","Arena",2,"Exit_Zone",3
1208.351,"Info","Arena",2,"Enter_Zone",1
1208.351,"Info","Arena",8,"Exit_Zone",3
1208.351,"Info","Arena",8,"Enter_Zone",4
1209.198,"Info","Arena",4,"Exit_Zone",3
1209.198,"Info","Arena",4,"Enter_Zone",4
1209.313,"Info","Arena",8,"Exit_Zone",4
1209.313,"Info","Arena",8,"Enter_Zone",2
1209.418,"Info","Arena",1,"Exit_Zone",3
1209.418,"Info","Arena",1,"Enter_Zone",4
1209.633,"Info","Arena",1,"Exit_Zone",4
1209.633,"Info","Arena",1,"Enter_Zone",1
1209.992,"Info","Arena",2,"Exit_Zone",1
1209.992,"Info","Arena",2,"Enter_Zone",4
1210.027,"Info","Arena",2,"Exit_Zone",4
1210.027,"Info","Arena",2,"Enter_Zone",1
1210.066,"Info","Arena",2,"Exit_Zone",1
1210.066,"Info","Arena",2,"Enter_Zone",4
1210.100,"Info","Arena",4,"Exit_Zone",4
1210.100,"Info","Arena",4,"Enter_Zone",1
1210.326,"Info","Arena",5,"Exit_Zone",3
1210.326,"Info","Arena",5,"Enter_Zone",4
1210.829,"Info","Arena",2,"Exit_Zone",4
1210.829,"Info","Arena",2,"Enter_Zone",3
1210.938,"Info","Arena",6,"Exit_Zone",3
1210.938,"Info","Arena",6,"Enter_Zone",4
1210.972,"Info","Arena",5,"Exit_Zone",4
1210.972,"Info","Arena",5,"Enter_Zone",2
1211.082,"Info","Arena",1,"Exit_Zone",1
1211.082,"Info","Arena",1,"Enter_Zone",4
1211.451,"Info","Arena",6,"Exit_Zone",4
1211.451,"Info","Arena",6,"Enter_Zone",2
1211.524,"Info","Arena",1,"Exit_Zone",4
1211.524,"Info","Arena",1,"Enter_Zone",3
1212.203,"Info","Arena",7,"Exit_Zone",2
1212.203,"Info","Arena",7,"Enter_Zone",1
1212.283,"Info","Arena",7,"Exit_Zone",1
1212.283,"Info","Arena",7,"Enter_Zone",2
1212.448,"Info","Arena",1,"Exit_Zone",3
1212.448,"Info","Arena",1,"Enter_Zone",4
1212.607,"Info","Arena",1,"Exit_Zone",4
1212.607,"Info","Arena",1,"Enter_Zone",1
1213.905,"Info","Arena",7,"Exit_Zone",2
1213.905,"Info","Arena",7,"Enter_Zone",1
1213.943,"Info","Arena",7,"Exit_Zone",1
1213.943,"Info","Arena",7,"Enter_Zone",2
1214.471,"Info","Arena",7,"Exit_Zone",2
1214.471,"Info","Arena",7,"Enter_Zone",4
1214.582,"Info","Arena",7,"Exit_Zone",4
1214.582,"Info","Arena",7,"Enter_Zone",1
1214.693,"Info","Arena",5,"Exit_Zone",2
1214.693,"Info","Arena",5,"Enter_Zone",4
1214.806,"Info","Arena",2,"Exit_Zone",3
1214.806,"Info","Arena",2,"Enter_Zone",4
1214.996,"Info","Arena",5,"Exit_Zone",4
1214.996,"Info","Arena",5,"Enter_Zone",3
1215.175,"Info","Arena",2,"Exit_Zone",4
1215.175,"Info","Arena",2,"Enter_Zone",2
1215.372,"Info","Arena",8,"Exit_Zone",2
1215.372,"Info","Arena",8,"Enter_Zone",4
1216.091,"Info","Arena",8,"Exit_Zone",4
1216.091,"Info","Arena",8,"Enter_Zone",1
1216.200,"Info","Arena",5,"Exit_Zone",3
1216.200,"Info","Arena",5,"Enter_Zone",4
1216.869,"Info","Arena",5,"Exit_Zone",4
1216.869,"Info","Arena",5,"Enter_Zone",1
1216.869,"Info","Arena",6,"Exit_Zone",2
1216.869,"Info","Arena",6,"Enter_Zone",4
1217.453,"Info","Arena",1,"Exit_Zone",1
1217.453,"Info","Arena",1,"Enter_Zone",4
1217.530,"Info","Arena",1,"Exit_Zone",4
1217.530,"Info","Arena",1,"Enter_Zone",2
1217.637,"Info","Arena",6,"Exit_Zone",4
1217.637,"Info","Arena",6,"Enter_Zone",1
1218.362,"Info","Arena",2,"Exit_Zone",2
1218.362,"Info","Arena",2,"Enter_Zone",4
1218.650,"Info","Arena",2,"Exit_Zone",4
1218.650,"Info","Arena",2,"Enter_Zone",1
1219.042,"Info","Arena",1,"Exit_Zone",2
1219.042,"Info","Arena",1,"Enter_Zone",4
1219.077,"Info","Arena",5,"Exit_Zone",1
1219.077,"Info","Arena",5,"Enter_Zone",4
1219.147,"Info","Arena",1,"Exit_Zone",4
1219.147,"Info","Arena",1,"Enter_Zone",1
1219.942,"Info","Arena",5,"Exit_Zone",4
1219.942,"Info","Arena",5,"Enter_Zone",2
1220.217,"Info","Arena",3,"Exit_Zone",1
1220.217,"Info","Arena",3,"Enter_Zone",4
1220.318,"Info","Arena",8,"Exit_Zone",1
1220.318,"Info","Arena",8,"Enter_Zone",4
1220.720,"Info","Arena",3,"Exit_Zone",4
1220.720,"Info","Arena",3,"Enter_Zone",2
1220.920,"Info","Arena",8,"Exit_Zone",4
1220.920,"Info","Arena",8,"Enter_Zone",3
1222.179,"Info","Arena",6,"Exit_Zone",1
1222.179,"Info","Arena",6,"Enter_Zone",4
1222.526,"Info","Arena",2,"Exit_Zone",1
1222.526,"Info","Arena",2,"Enter_Zone",4
1222.935,"Info","Arena",6,"Exit_Zone",4
1222.935,"Info","Arena",6,"Enter_Zone",2
1223.259,"Info","Arena",2,"Exit_Zone",4
1223.259,"Info","Arena",2,"Enter_Zone",3
1223.396,"Info","Arena",5,"Exit_Zone",2
1223.396,"Info","Arena",5,"Enter_Zone",4
1224.147,"Info","Arena",4,"Exit_Zone",1
1224.147,"Info","Arena",4,"Enter_Zone",4
1224.181,"Info","Arena",5,"Exit_Zone",4
1224.181,"Info","Arena",5,"Enter_Zone",1
1224.501,"Info","Arena",1,"Exit_Zone",1
1224.501,"Info","Arena",1,"Enter_Zone",4
1224.604,"Info","Arena",1,"Exit_Zone",4
1224.604,"Info","Arena",1,"Enter_Zone",2
1224.777,"Info","Arena",4,"Exit_Zone",4
1224.777,"Info","Arena",4,"Enter_Zone",2
1225.139,"Info","Arena",8,"Exit_Zone",3
1225.139,"Info","Arena",8,"Enter_Zone",4
1225.168,"Info","Arena",4,"Exit_Zone",2
1225.168,"Info","Arena",4,"Enter_Zone",4
1225.275,"Info","Arena",4,"Exit_Zone",4
1225.275,"Info","Arena",4,"Enter_Zone",2
1225.338,"Info","Arena",4,"Exit_Zone",2
1225.338,"Info","Arena",4,"Enter_Zone",4
1225.817,"Info","Arena",8,"Exit_Zone",4
1225.817,"Info","Arena",8,"Enter_Zone",3
1226.487,"Info","Arena",1,"Exit_Zone",2
1226.487,"Info","Arena",1,"Enter_Zone",4
1226.522,"Info","Arena",2,"Exit_Zone",3
1226.522,"Info","Arena",2,"Enter_Zone",4
1226.898,"Info","Arena",2,"Exit_Zone",4
1226.898,"Info","Arena",2,"Enter_Zone",2
1227.296,"Info","Arena",4,"Exit_Zone",4
1227.296,"Info","Arena",4,"Enter_Zone",3
1227.537,"Info","Arena",6,"Exit_Zone",2
1227.537,"Info","Arena",6,"Enter_Zone",4
1227.640,"Info","Arena",1,"Exit_Zone",4
1227.640,"Info","Arena",1,"Enter_Zone",2
1228.112,"Info","Arena",3,"Exit_Zone",2
1228.112,"Info","Arena",3,"Enter_Zone",4
1228.223,"Info","Arena",6,"Exit_Zone",4
1228.223,"Info","Arena",6,"Enter_Zone",3
1228.494,"Info","Arena",1,"Exit_Zone",2
1228.494,"Info","Arena",1,"Enter_Zone",4
1228.528,"Info","Arena",3,"Exit_Zone",4
1228.528,"Info","Arena",3,"Enter_Zone",1
1228.693,"Info","Arena",1,"Exit_Zone",4
1228.693,"Info","Arena",1,"Enter_Zone",3
1228.799,"Info","Arena",1,"Exit_Zone",3
1228.799,"Info","Arena",1,"Enter_Zone",4
1229.004,"Info","Arena",1,"Exit_Zone",4
1229.004,"Info","Arena",1,"Enter_Zone",2
1229.364,"Info","Arena",2,"Exit_Zone",2
1229.364,"Info","Arena",2,"Enter_Zone",4
1229.542,"Info","Arena",2,"Exit_Zone",4
1229.542,"Info","Arena",2,"Enter_Zone",1
1229.612,"Info","Arena",5,"Exit_Zone",1
1229.612,"Info","Arena",5,"Enter_Zone",4
1230.095,"Info","Arena",8,"Exit_Zone",3
1230.095,"Info","Arena",8,"Enter_Zone",4
1230.278,"Info","Arena",5,"Exit_Zone",4
1230.278,"Info","Arena",5,"Enter_Zone",3
1230.919,"Info","Arena",7,"Exit_Zone",1
1230.919,"Info","Arena",7,"Enter_Zone",4
1230.959,"Info","Arena",8,"Exit_Zone",4
1230.959,"Info","Arena",8,"Enter_Zone",3
1231.068,"Info","Arena",7,"Exit_Zone",4
1231.068,"Info","Arena",7,"Enter_Zone",1
1231.384,"Info","Arena",4,"Exit_Zone",3
1231.384,"Info","Arena",4,"Enter_Zone",4
1232.414,"Info","Arena",2,"Exit_Zone",1
1232.414,"Info","Arena",2,"Enter_Zone",4
1232.540,"Info","Arena",4,"Exit_Zone",4
1232.540,"Info","Arena",4,"Enter_Zone",2
1232.635,"Info","Arena",4,"Exit_Zone",2
1232.635,"Info","Arena",4,"Enter_Zone",4
1232.761,"Info","Arena",4,"Exit_Zone",4
1232.761,"Info","Arena",4,"Enter_Zone",3
1233.050,"Info","Arena",2,"Exit_Zone",4
1233.050,"Info","Arena",2,"Enter_Zone",3
1233.186,"Info","Arena",7,"Exit_Zone",1
1233.186,"Info","Arena",7,"Enter_Zone",4
1233.436,"Info","Arena",6,"Exit_Zone",3
1233.436,"Info","Arena",6,"Enter_Zone",4
1233.614,"Info","Arena",7,"Exit_Zone",4
1233.614,"Info","Arena",7,"Enter_Zone",3
1233.723,"Info","Arena",6,"Exit_Zone",4
1233.723,"Info","Arena",6,"Enter_Zone",2
1235.789,"Info","Arena",7,"Exit_Zone",3
1235.789,"Info","Arena",7,"Enter_Zone",4
1236.031,"Info","Arena",5,"Exit_Zone",3
1236.031,"Info","Arena",5,"Enter_Zone",4
1236.175,"Info","Arena",1,"Exit_Zone",2
1236.175,"Info","Arena",1,"Enter_Zone",4
1236.175,"Info","Arena",3,"Exit_Zone",1
1236.175,"Info","Arena",3,"Enter_Zone",4
1236.333,"Info","Arena",7,"Exit_Zone",4
1236.333,"Info","Arena",7,"Enter_Zone",1
1236.370,"Info","Arena",1,"Exit_Zone",4
1236.370,"Info","Arena",1,"Enter_Zone",3
1236.775,"Info","Arena",3,"Exit_Zone",4
1236.775,"Info","Arena",3,"Enter_Zone",3
1236.998,"Info","Arena",5,"Exit_Zone",4
1236.998,"Info","Arena",5,"Enter_Zone",1
1238.670,"Info","Arena",2,"Exit_Zone",3
1238.670,"Info","Arena",2,"Enter_Zone",4
1238.738,"Info","Arena",6,"Exit_Zone",2
1238.738,"Info","Arena",6,"Enter_Zone",4
1238.944,"Info","Arena",2,"Exit_Zone",4
1238.944,"Info","Arena",2,"Enter_Zone",2
1238.944,"Info","Arena",7,"Exit_Zone",1
1238.944,"Info","Arena",7,"Enter_Zone",4
1239.047,"Info","Arena",1,"Exit_Zone",3
1239.047,"Info","Arena",1,"Enter_Zone",4
1239.117,"Info","Arena",6,"Exit_Zone",4
1239.117,"Info","Arena",6,"Enter_Zone",3
1239.232,"Info","Arena",1,"Exit_Zone",4
1239.232,"Info","Arena",1,"Enter_Zone",2
1239.266,"Info","Arena",7,"Exit_Zone",4
1239.266,"Info","Arena",7,"Enter_Zone",3
1240.396,"Info","Arena",6,"Exit_Zone",3
1240.396,"Info","Arena",6,"Enter_Zone",4
1240.807,"Info","Arena",2,"Exit_Zone",2
1240.807,"Info","Arena",2,"Enter_Zone",3
1241.115,"Info","Arena",2,"Exit_Zone",3
1241.115,"Info","Arena",2,"Enter_Zone",2
1241.115,"Info","Arena",8,"Exit_Zone",3
1241.115,"Info","Arena",8,"Enter_Zone",4
1241.187,"Info","Arena",2,"Exit_Zone",2
1241.187,"Info","Arena",2,"Enter_Zone",3
1241.232,"Info","Arena",2,"Exit_Zone",3
1241.232,"Info","Arena",2,"Enter_Zone",2
1241.301,"Info","Arena",6,"Exit_Zone",4
1241.301,"Info","Arena",6,"Enter_Zone",1
1241.549,"Info","Arena",7,"Exit_Zone",3
1241.549,"Info","Arena",7,"Enter_Zone",4
1241.549,"Info","Arena",8,"Exit_Zone",4
1241.549,"Info","Arena",8,"Enter_Zone",2
1241.873,"Info","Arena",7,"Exit_Zone",4
1241.873,"Info","Arena",7,"Enter_Zone",1
1242.396,"Info","Arena",5,"Exit_Zone",1
1242.396,"Info","Arena",5,"Enter_Zone",4
1242.432,"Info","Arena",1,"Exit_Zone",2
1242.432,"Info","Arena",1,"Enter_Zone",4
1242.541,"Info","Arena",2,"Exit_Zone",2
1242.541,"Info","Arena",2,"Enter_Zone",4
1242.613,"Info","Arena",1,"Exit_Zone",4
1242.613,"Info","Arena",1,"Enter_Zone",3
1243.168,"Info","Arena",5,"Exit_Zone",4
1243.168,"Info","Arena",5,"Enter_Zone",2
1243.202,"Info","Arena",2,"Exit_Zone",4
1243.202,"Info","Arena",2,"Enter_Zone",1
1243.891,"Info","Arena",7,"Exit_Zone",1
1243.891,"Info","Arena",7,"Enter_Zone",4
1243.891,"Info","Arena",8,"Exit_Zone",2
1243.891,"Info","Arena",8,"Enter_Zone",4
1244.179,"Info","Arena",7,"Exit_Zone",4
1244.179,"Info","Arena",7,"Enter_Zone",3
1244.530,"Info","Arena",8,"Exit_Zone",4
1244.530,"Info","Arena",8,"Enter_Zone",3
1245.172,"Info","Arena",1,"Exit_Zone",3
1245.172,"Info","Arena",1,"Enter_Zone",2
1245.205,"Info","Arena",1,"Exit_Zone",2
1245.205,"Info","Arena",1,"Enter_Zone",3
1245.582,"Info","Arena",1,"Exit_Zone",3
1245.582,"Info","Arena",1,"Enter_Zone",4
1245.750,"Info","Arena",1,"Exit_Zone",4
1245.750,"Info","Arena",1,"Enter_Zone",1
1245.851,"Info","Arena",6,"Exit_Zone",1
1245.851,"Info","Arena",6,"Enter_Zone",4
1246.561,"Info","Arena",6,"Exit_Zone",4
1246.561,"Info","Arena",6,"Enter_Zone",2
1247.529,"Info","Arena",7,"Exit_Zone",3
1247.529,"Info","Arena",7,"Enter_Zone",4
1247.601,"Info","Arena",2,"Exit_Zone",1
1247.601,"Info","Arena",2,"Enter_Zone",4
1247.742,"Info","Arena",7,"Exit_Zone",4
1247.742,"Info","Arena",7,"Enter_Zone",2
1248.107,"Info","Arena",8,"Exit_Zone",3
1248.107,"Info","Arena",8,"Enter_Zone",4
1248.337,"Info","Arena",4,"Exit_Zone",3
1248.337,"Info","Arena",4,"Enter_Zone",4
1248.444,"Info","Arena",2,"Exit_Zone",4
1248.444,"Info","Arena",2,"Enter_Zone",3
1248.518,"Info","Arena",7,"Exit_Zone",2
1248.518,"Info","Arena",7,"Enter_Zone",1
1248.554,"Info","Arena",7,"Exit_Zone",1
1248.554,"Info","Arena",7,"Enter_Zone",2
1248.875,"Info","Arena",4,"Exit_Zone",4
1248.875,"Info","Arena",4,"Enter_Zone",1
1249.244,"Info","Arena",8,"Exit_Zone",4
1249.244,"Info","Arena",8,"Enter_Zone",2
1249.425,"Info","Arena",5,"Exit_Zone",2
1249.425,"Info","Arena",5,"Enter_Zone",4
1249.817,"Info","Arena",5,"Exit_Zone",4
1249.817,"Info","Arena",5,"Enter_Zone",3
1249.885,"Info","Arena",6,"Exit_Zone",2
1249.885,"Info","Arena",6,"Enter_Zone",4
1250.227,"Info","Arena",6,"Exit_Zone",4
1250.227,"Info","Arena",6,"Enter_Zone",1
1251.764,"Info","Arena",7,"Exit_Zone",2
1251.764,"Info","Arena",7,"Enter_Zone",1
1251.865,"Info","Arena",7,"Exit_Zone",1
1251.865,"Info","Arena",7,"Enter_Zone",2
1252.388,"Info","Arena",7,"Exit_Zone",2
1252.388,"Info","Arena",7,"Enter_Zone",4
1252.492,"Info","Arena",7,"Exit_Zone",4
1252.492,"Info","Arena",7,"Enter_Zone",1
1253.161,"Info","Arena",4,"Exit_Zone",1
1253.161,"Info","Arena",4,"Enter_Zone",4
1253.342,"Info","Arena",4,"Exit_Zone",4
1253.342,"Info","Arena",4,"Enter_Zone",3
1253.516,"Info","Arena",8,"Exit_Zone",2
1253.516,"Info","Arena",8,"Enter_Zone",4
1253.869,"Info","Arena",8,"Exit_Zone",4
1253.869,"Info","Arena",8,"Enter_Zone",1
1254.894,"Info","Arena",7,"Exit_Zone",1
1254.894,"Info","Arena",7,"Enter_Zone",4
1255.038,"Info","Arena",6,"Exit_Zone",1
1255.038,"Info","Arena",6,"Enter_Zone",4
1255.038,"Info","Arena",7,"Exit_Zone",4
1255.038,"Info","Arena",7,"Enter_Zone",2
1255.264,"Info","Arena",1,"Exit_Zone",1
1255.264,"Info","Arena",1,"Enter_Zone",4
1255.410,"Info","Arena",1,"Exit_Zone",4
1255.410,"Info","Arena",1,"Enter_Zone",2
1255.695,"Info","Arena",7,"Exit_Zone",2
1255.695,"Info","Arena",7,"Enter_Zone",1
1255.732,"Info","Arena",7,"Exit_Zone",1
1255.732,"Info","Arena",7,"Enter_Zone",2
1255.904,"Info","Arena",7,"Exit_Zone",2
1255.904,"Info","Arena",7,"Enter_Zone",1
1256.006,"Info","Arena",7,"Exit_Zone",1
1256.006,"Info","Arena",7,"Enter_Zone",2
1256.173,"Info","Arena",6,"Exit_Zone",4
1256.173,"Info","Arena",6,"Enter_Zone",3
1256.520,"Info","Arena",8,"Exit_Zone",1
1256.520,"Info","Arena",8,"Enter_Zone",4
1257.099,"Info","Arena",2,"Exit_Zone",3
1257.099,"Info","Arena",2,"Enter_Zone",4
1257.199,"Info","Arena",2,"Exit_Zone",4
1257.199,"Info","Arena",2,"Enter_Zone",2
1258.115,"Info","Arena",1,"Exit_Zone",2
1258.115,"Info","Arena",1,"Enter_Zone",4
1258.188,"Info","Arena",8,"Exit_Zone",4
1258.188,"Info","Arena",8,"Enter_Zone",3
1258.340,"Info","Arena",1,"Exit_Zone",4
1258.340,"Info","Arena",1,"Enter_Zone",1
1258.522,"Info","Arena",7,"Exit_Zone",2
1258.522,"Info","Arena",7,"Enter_Zone",4
1258.698,"Info","Arena",7,"Exit_Zone",4
1258.698,"Info","Arena",7,"Enter_Zone",1
1259.093,"Info","Arena",1,"Exit_Zone",1
1259.093,"Info","Arena",1,"Enter_Zone",4
1259.282,"Info","Arena",1,"Exit_Zone",4
1259.282,"Info","Arena",1,"Enter_Zone",2
1259.698,"Info","Arena",2,"Exit_Zone",2
1259.698,"Info","Arena",2,"Enter_Zone",4
1260.032,"Info","Arena",2,"Exit_Zone",4
1260.032,"Info","Arena",2,"Enter_Zone",1
1260.669,"Info","Arena",6,"Exit_Zone",3
1260.669,"Info","Arena",6,"Enter_Zone",4
1260.934,"Info","Arena",2,"Exit_Zone",1
1260.934,"Info","Arena",2,"Enter_Zone",3
1260.998,"Info","Arena",2,"Exit_Zone",3
1260.998,"Info","Arena",2,"Enter_Zone",1
1261.339,"Info","Arena",6,"Exit_Zone",4
1261.339,"Info","Arena",6,"Enter_Zone",1
1264.405,"Info","Arena",4,"Exit_Zone",3
1264.405,"Info","Arena",4,"Enter_Zone",4
1264.645,"Info","Arena",4,"Exit_Zone",4
1264.645,"Info","Arena",4,"Enter_Zone",3
1264.645,"Info","Arena",8,"Exit_Zone",3
1264.645,"Info","Arena",8,"Enter_Zone",4
1264.751,"Info","Arena",4,"Exit_Zone",3
1264.751,"Info","Arena",4,"Enter_Zone",4
1264.787,"Info","Arena",5,"Exit_Zone",3
1264.787,"Info","Arena",5,"Enter_Zone",4
1264.891,"Info","Arena",4,"Exit_Zone",4
1264.891,"Info","Arena",4,"Enter_Zone",3
1264.927,"Info","Arena",4,"Exit_Zone",3
1264.927,"Info","Arena",4,"Enter_Zone",4
1264.961,"Info","Arena",2,"Exit_Zone",1
1264.961,"Info","Arena",2,"Enter_Zone",4
1265.032,"Info","Arena",6,"Exit_Zone",1
1265.032,"Info","Arena",6,"Enter_Zone",4
1265.218,"Info","Arena",8,"Exit_Zone",4
1265.218,"Info","Arena",8,"Enter_Zone",2
1265.795,"Info","Arena",6,"Exit_Zone",4
1265.795,"Info","Arena",6,"Enter_Zone",3
1265.970,"Info","Arena",5,"Exit_Zone",4
1265.970,"Info","Arena",5,"Enter_Zone",3
1266.078,"Info","Arena",2,"Exit_Zone",4
1266.078,"Info","Arena",2,"Enter_Zone",3
1266.115,"Info","Arena",2,"Exit_Zone",3
1266.115,"Info","Arena",2,"Enter_Zone",4
1266.191,"Info","Arena",2,"Exit_Zone",4
1266.191,"Info","Arena",2,"Enter_Zone",3
1266.635,"Info","Arena",7,"Exit_Zone",1
1266.635,"Info","Arena",7,"Enter_Zone",4
1266.952,"Info","Arena",7,"Exit_Zone",4
1266.952,"Info","Arena",7,"Enter_Zone",2
1267.270,"Info","Arena",5,"Exit_Zone",3
1267.270,"Info","Arena",5,"Enter_Zone",4
1267.303,"Info","Arena",5,"Exit_Zone",4
1267.303,"Info","Arena",5,"Enter_Zone",3
1267.374,"Info","Arena",4,"Exit_Zone",4
1267.374,"Info","Arena",4,"Enter_Zone",3
1267.659,"Info","Arena",1,"Exit_Zone",2
1267.659,"Info","Arena",1,"Enter_Zone",4
1267.833,"Info","Arena",1,"Exit_Zone",4
1267.833,"Info","Arena",1,"Enter_Zone",3
1267.934,"Info","Arena",5,"Exit_Zone",3
1267.934,"Info","Arena",5,"Enter_Zone",4
1268.203,"Info","Arena",7,"Exit_Zone",2
1268.203,"Info","Arena",7,"Enter_Zone",1
1268.247,"Info","Arena",5,"Exit_Zone",4
1268.247,"Info","Arena",5,"Enter_Zone",2
1268.247,"Info","Arena",7,"Exit_Zone",1
1268.247,"Info","Arena",7,"Enter_Zone",2
1268.697,"Info","Arena",4,"Exit_Zone",3
1268.697,"Info","Arena",4,"Enter_Zone",4
1269.411,"Info","Arena",7,"Exit_Zone",2
1269.411,"Info","Arena",7,"Enter_Zone",1
1269.595,"Info","Arena",7,"Exit_Zone",1
1269.595,"Info","Arena",7,"Enter_Zone",2
1269.817,"Info","Arena",7,"Exit_Zone",2
1269.817,"Info","Arena",7,"Enter_Zone",1
1269.931,"Info","Arena",4,"Exit_Zone",4
1269.931,"Info","Arena",4,"Enter_Zone",1
1269.967,"Info","Arena",7,"Exit_Zone",1
1269.967,"Info","Arena",7,"Enter_Zone",2
1270.119,"Info","Arena",1,"Exit_Zone",3
1270.119,"Info","Arena",1,"Enter_Zone",4
1270.155,"Info","Arena",3,"Exit_Zone",3
1270.155,"Info","Arena",3,"Enter_Zone",4
1270.196,"Info","Arena",1,"Exit_Zone",4
1270.196,"Info","Arena",1,"Enter_Zone",2
1270.397,"Info","Arena",8,"Exit_Zone",2
1270.397,"Info","Arena",8,"Enter_Zone",4
1270.631,"Info","Arena",8,"Exit_Zone",4
1270.631,"Info","Arena",8,"Enter_Zone",1
1271.007,"Info","Arena",3,"Exit_Zone",4
1271.007,"Info","Arena",3,"Enter_Zone",3
1271.473,"Info","Arena",3,"Exit_Zone",3
1271.473,"Info","Arena",3,"Enter_Zone",4
1271.541,"Info","Arena",6,"Exit_Zone",3
1271.541,"Info","Arena",6,"Enter_Zone",4
1272.146,"Info","Arena",2,"Exit_Zone",3
1272.146,"Info","Arena",2,"Enter_Zone",4
1272.417,"Info","Arena",3,"Exit_Zone",4
1272.417,"Info","Arena",3,"Enter_Zone",1
1272.417,"Info","Arena",6,"Exit_Zone",4
1272.417,"Info","Arena",6,"Enter_Zone",2
1272.608,"Info","Arena",2,"Exit_Zone",4
1272.608,"Info","Arena",2,"Enter_Zone",2
1272.829,"Info","Arena",7,"Exit_Zone",2
1272.829,"Info","Arena",7,"Enter_Zone",1
1272.899,"Info","Arena",7,"Exit_Zone",1
1272.899,"Info","Arena",7,"Enter_Zone",2
1273.003,"Info","Arena",7,"Exit_Zone",2
1273.003,"Info","Arena",7,"Enter_Zone",1
1273.036,"Info","Arena",7,"Exit_Zone",1
1273.036,"Info","Arena",7,"Enter_Zone",2
1273.765,"Info","Arena",7,"Exit_Zone",2
1273.765,"Info","Arena",7,"Enter_Zone",1
1273.881,"Info","Arena",2,"Exit_Zone",2
1273.881,"Info","Arena",2,"Enter_Zone",3
1274.104,"Info","Arena",7,"Exit_Zone",1
1274.104,"Info","Arena",7,"Enter_Zone",2
1274.329,"Info","Arena",2,"Exit_Zone",3
1274.329,"Info","Arena",2,"Enter_Zone",2
1275.442,"Info","Arena",7,"Exit_Zone",2
1275.442,"Info","Arena",7,"Enter_Zone",1
1275.476,"Info","Arena",8,"Exit_Zone",1
1275.476,"Info","Arena",8,"Enter_Zone",4
1275.543,"Info","Arena",1,"Exit_Zone",2
1275.543,"Info","Arena",1,"Enter_Zone",4
1275.610,"Info","Arena",7,"Exit_Zone",1
1275.610,"Info","Arena",7,"Enter_Zone",2
1275.676,"Info","Arena",1,"Exit_Zone",4
1275.676,"Info","Arena",1,"Enter_Zone",3
1276.350,"Info","Arena",1,"Exit_Zone",3
1276.350,"Info","Arena",1,"Enter_Zone",2
1276.384,"Info","Arena",1,"Exit_Zone",2
1276.384,"Info","Arena",1,"Enter_Zone",3
1276.492,"Info","Arena",1,"Exit_Zone",3
1276.492,"Info","Arena",1,"Enter_Zone",2
1276.529,"Info","Arena",1,"Exit_Zone",2
1276.529,"Info","Arena",1,"Enter_Zone",3
1276.883,"Info","Arena",1,"Exit_Zone",3
1276.883,"Info","Arena",1,"Enter_Zone",4
1277.094,"Info","Arena",1,"Exit_Zone",4
1277.094,"Info","Arena",1,"Enter_Zone",2
1277.934,"Info","Arena",6,"Exit_Zone",2
1277.934,"Info","Arena",6,"Enter_Zone",4
1278.387,"Info","Arena",7,"Exit_Zone",2
1278.387,"Info","Arena",7,"Enter_Zone",1
1278.425,"Info","Arena",7,"Exit_Zone",1
1278.425,"Info","Arena",7,"Enter_Zone",2
1278.710,"Info","Arena",6,"Exit_Zone",4
1278.710,"Info","Arena",6,"Enter_Zone",3
1279.118,"Info","Arena",7,"Exit_Zone",2
1279.118,"Info","Arena",7,"Enter_Zone",4
1279.158,"Info","Arena",3,"Exit_Zone",1
1279.158,"Info","Arena",3,"Enter_Zone",4
1279.281,"Info","Arena",7,"Exit_Zone",4
1279.281,"Info","Arena",7,"Enter_Zone",1
1279.479,"Info","Arena",2,"Exit_Zone",2
1279.479,"Info","Arena",2,"Enter_Zone",4
1279.639,"Info","Arena",4,"Exit_Zone",1
1279.639,"Info","Arena",4,"Enter_Zone",4
1279.719,"Info","Arena",4,"Exit_Zone",4
1279.719,"Info","Arena",4,"Enter_Zone",1
1279.759,"Info","Arena",4,"Exit_Zone",1
1279.759,"Info","Arena",4,"Enter_Zone",4
1279.913,"Info","Arena",1,"Exit_Zone",2
1279.913,"Info","Arena",1,"Enter_Zone",4
1279.992,"Info","Arena",2,"Exit_Zone",4
1279.992,"Info","Arena",2,"Enter_Zone",1
1280.100,"Info","Arena",4,"Exit_Zone",4
1280.100,"Info","Arena",4,"Enter_Zone",1
1280.137,"Info","Arena",1,"Exit_Zone",4
1280.137,"Info","Arena",1,"Enter_Zone",3
1280.137,"Info","Arena",4,"Exit_Zone",1
1280.137,"Info","Arena",4,"Enter_Zone",4
1280.174,"Info","Arena",8,"Exit_Zone",4
1280.174,"Info","Arena",8,"Enter_Zone",2
1280.218,"Info","Arena",4,"Exit_Zone",4
1280.218,"Info","Arena",4,"Enter_Zone",1
1280.400,"Info","Arena",4,"Exit_Zone",1
1280.400,"Info","Arena",4,"Enter_Zone",4
1280.549,"Info","Arena",3,"Exit_Zone",4
1280.549,"Info","Arena",3,"Enter_Zone",1
1280.662,"Info","Arena",3,"Exit_Zone",1
1280.662,"Info","Arena",3,"Enter_Zone",4
1280.699,"Info","Arena",3,"Exit_Zone",4
1280.699,"Info","Arena",3,"Enter_Zone",1
1281.982,"Info","Arena",4,"Exit_Zone",4
1281.982,"Info","Arena",4,"Enter_Zone",2
1283.027,"Info","Arena",7,"Exit_Zone",1
1283.027,"Info","Arena",7,"Enter_Zone",4
1283.321,"Info","Arena",6,"Exit_Zone",3
1283.321,"Info","Arena",6,"Enter_Zone",4
1284.102,"Info","Arena",2,"Exit_Zone",1
1284.102,"Info","Arena",2,"Enter_Zone",4
1284.174,"Info","Arena",7,"Exit_Zone",4
1284.174,"Info","Arena",7,"Enter_Zone",3
1284.325,"Info","Arena",5,"Exit_Zone",2
1284.325,"Info","Arena",5,"Enter_Zone",4
1284.360,"Info","Arena",5,"Exit_Zone",4
1284.360,"Info","Arena",5,"Enter_Zone",2
1284.396,"Info","Arena",2,"Exit_Zone",4
1284.396,"Info","Arena",2,"Enter_Zone",3
1284.396,"Info","Arena",5,"Exit_Zone",2
1284.396,"Info","Arena",5,"Enter_Zone",4
1284.537,"Info","Arena",6,"Exit_Zone",4
1284.537,"Info","Arena",6,"Enter_Zone",3
1284.788,"Info","Arena",5,"Exit_Zone",4
1284.788,"Info","Arena",5,"Enter_Zone",1
1284.824,"Info","Arena",4,"Exit_Zone",2
1284.824,"Info","Arena",4,"Enter_Zone",4
1284.861,"Info","Arena",6,"Exit_Zone",3
1284.861,"Info","Arena",6,"Enter_Zone",4
1284.967,"Info","Arena",5,"Exit_Zone",1
1284.967,"Info","Arena",5,"Enter_Zone",4
1285.231,"Info","Arena",5,"Exit_Zone",4
1285.231,"Info","Arena",5,"Enter_Zone",1
1285.270,"Info","Arena",1,"Exit_Zone",3
1285.270,"Info","Arena",1,"Enter_Zone",2
1285.270,"Info","Arena",5,"Exit_Zone",1
1285.270,"Info","Arena",5,"Enter_Zone",4
1285.304,"Info","Arena",1,"Exit_Zone",2
1285.304,"Info","Arena",1,"Enter_Zone",3
1285.518,"Info","Arena",8,"Exit_Zone",2
1285.518,"Info","Arena",8,"Enter_Zone",4
1285.554,"Info","Arena",6,"Exit_Zone",4
1285.554,"Info","Arena",6,"Enter_Zone",1
1285.662,"Info","Arena",7,"Exit_Zone",3
1285.662,"Info","Arena",7,"Enter_Zone",1
1285.733,"Info","Arena",7,"Exit_Zone",1
1285.733,"Info","Arena",7,"Enter_Zone",3
1285.770,"Info","Arena",5,"Exit_Zone",4
1285.770,"Info","Arena",5,"Enter_Zone",3
1285.846,"Info","Arena",1,"Exit_Zone",3
1285.846,"Info","Arena",1,"Enter_Zone",4
1285.953,"Info","Arena",8,"Exit_Zone",4
1285.953,"Info","Arena",8,"Enter_Zone",1
1286.063,"Info","Arena",1,"Exit_Zone",4
1286.063,"Info","Arena",1,"Enter_Zone",1
1286.063,"Info","Arena",7,"Exit_Zone",3
1286.063,"Info","Arena",7,"Enter_Zone",1
1286.135,"Info","Arena",7,"Exit_Zone",1
1286.135,"Info","Arena",7,"Enter_Zone",3
1286.573,"Info","Arena",7,"Exit_Zone",3
1286.573,"Info","Arena",7,"Enter_Zone",1
1286.676,"Info","Arena",7,"Exit_Zone",1
1286.676,"Info","Arena",7,"Enter_Zone",3
1287.131,"Info","Arena",7,"Exit_Zone",3
1287.131,"Info","Arena",7,"Enter_Zone",1
1287.163,"Info","Arena",7,"Exit_Zone",1
1287.163,"Info","Arena",7,"Enter_Zone",3
1287.376,"Info","Arena",7,"Exit_Zone",3
1287.376,"Info","Arena",7,"Enter_Zone",1
1287.443,"Info","Arena",7,"Exit_Zone",1
1287.443,"Info","Arena",7,"Enter_Zone",3
1287.682,"Info","Arena",7,"Exit_Zone",3
1287.682,"Info","Arena",7,"Enter_Zone",1
1287.881,"Info","Arena",1,"Exit_Zone",1
1287.881,"Info","Arena",1,"Enter_Zone",4
1287.881,"Info","Arena",7,"Exit_Zone",1
1287.881,"Info","Arena",7,"Enter_Zone",3
1287.915,"Info","Arena",4,"Exit_Zone",4
1287.915,"Info","Arena",4,"Enter_Zone",3
1288.194,"Info","Arena",1,"Exit_Zone",4
1288.194,"Info","Arena",1,"Enter_Zone",3
1288.378,"Info","Arena",2,"Exit_Zone",3
1288.378,"Info","Arena",2,"Enter_Zone",4
1288.519,"Info","Arena",7,"Exit_Zone",3
1288.519,"Info","Arena",7,"Enter_Zone",4
1288.623,"Info","Arena",7,"Exit_Zone",4
1288.623,"Info","Arena",7,"Enter_Zone",1
1288.659,"Info","Arena",7,"Exit_Zone",1
1288.659,"Info","Arena",7,"Enter_Zone",4
1288.728,"Info","Arena",7,"Exit_Zone",4
1288.728,"Info","Arena",7,"Enter_Zone",2
1288.762,"Info","Arena",2,"Exit_Zone",4
1288.762,"Info","Arena",2,"Enter_Zone",2
1289.190,"Info","Arena",8,"Exit_Zone",1
1289.190,"Info","Arena",8,"Enter_Zone",4
1290.017,"Info","Arena",7,"Exit_Zone",2
1290.017,"Info","Arena",7,"Enter_Zone",1
1290.152,"Info","Arena",7,"Exit_Zone",1
1290.152,"Info","Arena",7,"Enter_Zone",2
1290.330,"Info","Arena",6,"Exit_Zone",1
1290.330,"Info","Arena",6,"Enter_Zone",4
1290.502,"Info","Arena",2,"Exit_Zone",2
1290.502,"Info","Arena",2,"Enter_Zone",3
1290.805,"Info","Arena",6,"Exit_Zone",4
1290.805,"Info","Arena",6,"Enter_Zone",3
1290.975,"Info","Arena",1,"Exit_Zone",3
1290.975,"Info","Arena",1,"Enter_Zone",4
1291.080,"Info","Arena",2,"Exit_Zone",3
1291.080,"Info","Arena",2,"Enter_Zone",2
1291.114,"Info","Arena",1,"Exit_Zone",4
1291.114,"Info","Arena",1,"Enter_Zone",1
1291.333,"Info","Arena",8,"Exit_Zone",4
1291.333,"Info","Arena",8,"Enter_Zone",1
1291.404,"Info","Arena",8,"Exit_Zone",1
1291.404,"Info","Arena",8,"Enter_Zone",4
1291.995,"Info","Arena",4,"Exit_Zone",3
1291.995,"Info","Arena",4,"Enter_Zone",4
1292.167,"Info","Arena",8,"Exit_Zone",4
1292.167,"Info","Arena",8,"Enter_Zone",3
1292.531,"Info","Arena",4,"Exit_Zone",4
1292.531,"Info","Arena",4,"Enter_Zone",1
1292.637,"Info","Arena",7,"Exit_Zone",2
1292.637,"Info","Arena",7,"Enter_Zone",4
1292.708,"Info","Arena",7,"Exit_Zone",4
1292.708,"Info","Arena",7,"Enter_Zone",1
1292.993,"Info","Arena",2,"Exit_Zone",2
1292.993,"Info","Arena",2,"Enter_Zone",3
1293.026,"Info","Arena",2,"Exit_Zone",3
1293.026,"Info","Arena",2,"Enter_Zone",2
1293.063,"Info","Arena",1,"Exit_Zone",1
1293.063,"Info","Arena",1,"Enter_Zone",4
1293.382,"Info","Arena",1,"Exit_Zone",4
1293.382,"Info","Arena",1,"Enter_Zone",3
1293.860,"Info","Arena",3,"Exit_Zone",1
1293.860,"Info","Arena",3,"Enter_Zone",4
1294.240,"Info","Arena",2,"Exit_Zone",2
1294.240,"Info","Arena",2,"Enter_Zone",4
1294.476,"Info","Arena",3,"Exit_Zone",4
1294.476,"Info","Arena",3,"Enter_Zone",2
1294.710,"Info","Arena",8,"Exit_Zone",3
1294.710,"Info","Arena",8,"Enter_Zone",4
1294.914,"Info","Arena",2,"Exit_Zone",4
1294.914,"Info","Arena",2,"Enter_Zone",1
1295.237,"Info","Arena",5,"Exit_Zone",3
1295.237,"Info","Arena",5,"Enter_Zone",4
1295.487,"Info","Arena",8,"Exit_Zone",4
1295.487,"Info","Arena",8,"Enter_Zone",1
1295.697,"Info","Arena",7,"Exit_Zone",1
1295.697,"Info","Arena",7,"Enter_Zone",4
1295.731,"Info","Arena",7,"Exit_Zone",4
1295.731,"Info","Arena",7,"Enter_Zone",2
1295.767,"Info","Arena",1,"Exit_Zone",3
1295.767,"Info","Arena",1,"Enter_Zone",4
1296.017,"Info","Arena",1,"Exit_Zone",4
1296.017,"Info","Arena",1,"Enter_Zone",2
1296.087,"Info","Arena",6,"Exit_Zone",3
1296.087,"Info","Arena",6,"Enter_Zone",4
1296.123,"Info","Arena",1,"Exit_Zone",2
1296.123,"Info","Arena",1,"Enter_Zone",4
1296.272,"Info","Arena",1,"Exit_Zone",4
1296.272,"Info","Arena",1,"Enter_Zone",1
1296.694,"Info","Arena",5,"Exit_Zone",4
1296.694,"Info","Arena",5,"Enter_Zone",2
1296.795,"Info","Arena",6,"Exit_Zone",4
1296.795,"Info","Arena",6,"Enter_Zone",1
1296.795,"Info","Arena",7,"Exit_Zone",2
1296.795,"Info","Arena",7,"Enter_Zone",1
1296.830,"Info","Arena",7,"Exit_Zone",1
1296.830,"Info","Arena",7,"Enter_Zone",2
1297.817,"Info","Arena",3,"Exit_Zone",2
1297.817,"Info","Arena",3,"Enter_Zone",4
1297.983,"Info","Arena",7,"Exit_Zone",2
1297.983,"Info","Arena",7,"Enter_Zone",4
1298.183,"Info","Arena",3,"Exit_Zone",4
1298.183,"Info","Arena",3,"Enter_Zone",3
1298.360,"Info","Arena",4,"Exit_Zone",1
1298.360,"Info","Arena",4,"Enter_Zone",4
1298.460,"Info","Arena",2,"Exit_Zone",1
1298.460,"Info","Arena",2,"Enter_Zone",3
1298.492,"Info","Arena",2,"Exit_Zone",3
1298.492,"Info","Arena",2,"Enter_Zone",1
1298.958,"Info","Arena",7,"Exit_Zone",4
1298.958,"Info","Arena",7,"Enter_Zone",2
1299.094,"Info","Arena",1,"Exit_Zone",1
1299.094,"Info","Arena",1,"Enter_Zone",4
1299.094,"Info","Arena",4,"Exit_Zone",4
1299.094,"Info","Arena",4,"Enter_Zone",3
1299.163,"Info","Arena",1,"Exit_Zone",4
1299.163,"Info","Arena",1,"Enter_Zone",2
1299.583,"Info","Arena",7,"Exit_Zone",2
1299.583,"Info","Arena",7,"Enter_Zone",1
1299.684,"Info","Arena",2,"Exit_Zone",1
1299.684,"Info","Arena",2,"Enter_Zone",4
1299.753,"Info","Arena",7,"Exit_Zone",1
1299.753,"Info","Arena",7,"Enter_Zone",2
1300.060,"Info","Arena",6,"Exit_Zone",1
1300.060,"Info","Arena",6,"Enter_Zone",4
1300.283,"Info","Arena",2,"Exit_Zone",4
1300.283,"Info","Arena",2,"Enter_Zone",3
1300.386,"Info","Arena",7,"Exit_Zone",2
1300.386,"Info","Arena",7,"Enter_Zone",4
1300.529,"Info","Arena",7,"Exit_Zone",4
1300.529,"Info","Arena",7,"Enter_Zone",1
1300.672,"Info","Arena",6,"Exit_Zone",4
1300.672,"Info","Arena",6,"Enter_Zone",3
1300.708,"Info","Arena",8,"Exit_Zone",1
1300.708,"Info","Arena",8,"Enter_Zone",4
1301.971,"Info","Arena",1,"Exit_Zone",2
1301.971,"Info","Arena",1,"Enter_Zone",4
1302.285,"Info","Arena",1,"Exit_Zone",4
1302.285,"Info","Arena",1,"Enter_Zone",1
1302.848,"Info","Arena",8,"Exit_Zone",4
1302.848,"Info","Arena",8,"Enter_Zone",2
1302.911,"Info","Arena",5,"Exit_Zone",2
1302.911,"Info","Arena",5,"Enter_Zone",4
1302.942,"Info","Arena",5,"Exit_Zone",4
1302.942,"Info","Arena",5,"Enter_Zone",2
1304.133,"Info","Arena",2,"Exit_Zone",3
1304.133,"Info","Arena",2,"Enter_Zone",4
1304.169,"Info","Arena",7,"Exit_Zone",1
1304.169,"Info","Arena",7,"Enter_Zone",4
1304.322,"Info","Arena",7,"Exit_Zone",4
1304.322,"Info","Arena",7,"Enter_Zone",1
1304.539,"Info","Arena",1,"Exit_Zone",1
1304.539,"Info","Arena",1,"Enter_Zone",4
1304.576,"Info","Arena",2,"Exit_Zone",4
1304.576,"Info","Arena",2,"Enter_Zone",2
1304.685,"Info","Arena",1,"Exit_Zone",4
1304.685,"Info","Arena",1,"Enter_Zone",2
1305.695,"Info","Arena",8,"Exit_Zone",2
1305.695,"Info","Arena",8,"Enter_Zone",4
1306.155,"Info","Arena",8,"Exit_Zone",4
1306.155,"Info","Arena",8,"Enter_Zone",3
1306.371,"Info","Arena",5,"Exit_Zone",2
1306.371,"Info","Arena",5,"Enter_Zone",4
1306.538,"Info","Arena",5,"Exit_Zone",4
1306.538,"Info","Arena",5,"Enter_Zone",3
1306.671,"Info","Arena",6,"Exit_Zone",3
1306.671,"Info","Arena",6,"Enter_Zone",4
1307.152,"Info","Arena",7,"Exit_Zone",1
1307.152,"Info","Arena",7,"Enter_Zone",4
1307.439,"Info","Arena",7,"Exit_Zone",4
1307.439,"Info","Arena",7,"Enter_Zone",3
1307.510,"Info","Arena",3,"Exit_Zone",3
1307.510,"Info","Arena",3,"Enter_Zone",4
1307.544,"Info","Arena",6,"Exit_Zone",4
1307.544,"Info","Arena",6,"Enter_Zone",2
1307.577,"Info","Arena",3,"Exit_Zone",4
1307.577,"Info","Arena",3,"Enter_Zone",3
1308.029,"Info","Arena",2,"Exit_Zone",2
1308.029,"Info","Arena",2,"Enter_Zone",3
1308.199,"Info","Arena",2,"Exit_Zone",3
1308.199,"Info","Arena",2,"Enter_Zone",2
1308.455,"Info","Arena",8,"Exit_Zone",3
1308.455,"Info","Arena",8,"Enter_Zone",1
1308.524,"Info","Arena",8,"Exit_Zone",1
1308.524,"Info","Arena",8,"Enter_Zone",3
1309.629,"Info","Arena",7,"Exit_Zone",3
1309.629,"Info","Arena",7,"Enter_Zone",4
1309.731,"Info","Arena",2,"Exit_Zone",2
1309.731,"Info","Arena",2,"Enter_Zone",4
1309.767,"Info","Arena",7,"Exit_Zone",4
1309.767,"Info","Arena",7,"Enter_Zone",3
1310.340,"Info","Arena",2,"Exit_Zone",4
1310.340,"Info","Arena",2,"Enter_Zone",1
1311.204,"Info","Arena",7,"Exit_Zone",3
1311.204,"Info","Arena",7,"Enter_Zone",4
1311.204,"Info","Arena",8,"Exit_Zone",3
1311.204,"Info","Arena",8,"Enter_Zone",1
1311.284,"Info","Arena",8,"Exit_Zone",1
1311.284,"Info","Arena",8,"Enter_Zone",3
1311.387,"Info","Arena",7,"Exit_Zone",4
1311.387,"Info","Arena",7,"Enter_Zone",2
1312.651,"Info","Arena",6,"Exit_Zone",2
1312.651,"Info","Arena",6,"Enter_Zone",4
1312.651,"Info","Arena",8,"Exit_Zone",3
1312.651,"Info","Arena",8,"Enter_Zone",4
1312.867,"Info","Arena",3,"Exit_Zone",3
1312.867,"Info","Arena",3,"Enter_Zone",4
1312.867,"Info","Arena",7,"Exit_Zone",2
1312.867,"Info","Arena",7,"Enter_Zone",4
1312.902,"Info","Arena",3,"Exit_Zone",4
1312.902,"Info","Arena",3,"Enter_Zone",3
1313.121,"Info","Arena",2,"Exit_Zone",1
1313.121,"Info","Arena",2,"Enter_Zone",4
1313.242,"Info","Arena",7,"Exit_Zone",4
1313.242,"Info","Arena",7,"Enter_Zone",1
1313.351,"Info","Arena",6,"Exit_Zone",4
1313.351,"Info","Arena",6,"Enter_Zone",3
1313.497,"Info","Arena",3,"Exit_Zone",3
1313.497,"Info","Arena",3,"Enter_Zone",4
1313.606,"Info","Arena",5,"Exit_Zone",3
1313.606,"Info","Arena",5,"Enter_Zone",4
1313.966,"Info","Arena",8,"Exit_Zone",4
1313.966,"Info","Arena",8,"Enter_Zone",1
1314.109,"Info","Arena",2,"Exit_Zone",4
1314.109,"Info","Arena",2,"Enter_Zone",3
1314.602,"Info","Arena",3,"Exit_Zone",4
1314.602,"Info","Arena",3,"Enter_Zone",3
1315.491,"Info","Arena",5,"Exit_Zone",4
1315.491,"Info","Arena",5,"Enter_Zone",2
1316.688,"Info","Arena",6,"Exit_Zone",3
1316.688,"Info","Arena",6,"Enter_Zone",4
1317.052,"Info","Arena",5,"Exit_Zone",2
1317.052,"Info","Arena",5,"Enter_Zone",1
1317.052,"Info","Arena",8,"Exit_Zone",1
1317.052,"Info","Arena",8,"Enter_Zone",4
1317.087,"Info","Arena",5,"Exit_Zone",1
1317.087,"Info","Arena",5,"Enter_Zone",2
1317.124,"Info","Arena",5,"Exit_Zone",2
1317.124,"Info","Arena",5,"Enter_Zone",1
1317.158,"Info","Arena",5,"Exit_Zone",1
1317.158,"Info","Arena",5,"Enter_Zone",2
1317.272,"Info","Arena",6,"Exit_Zone",4
1317.272,"Info","Arena",6,"Enter_Zone",1
1317.788,"Info","Arena",1,"Exit_Zone",2
1317.788,"Info","Arena",1,"Enter_Zone",4
1317.895,"Info","Arena",2,"Exit_Zone",3
1317.895,"Info","Arena",2,"Enter_Zone",4
1318.006,"Info","Arena",1,"Exit_Zone",4
1318.006,"Info","Arena",1,"Enter_Zone",3
1318.006,"Info","Arena",2,"Exit_Zone",4
1318.006,"Info","Arena",2,"Enter_Zone",2
1318.401,"Info","Arena",8,"Exit_Zone",4
1318.401,"Info","Arena",8,"Enter_Zone",2
1318.468,"Info","Arena",3,"Exit_Zone",3
1318.468,"Info","Arena",3,"Enter_Zone",4
1318.672,"Info","Arena",2,"Exit_Zone",2
1318.672,"Info","Arena",2,"Enter_Zone",3
1318.770,"Info","Arena",2,"Exit_Zone",3
1318.770,"Info","Arena",2,"Enter_Zone",2
1319.963,"Info","Arena",3,"Exit_Zone",4
1319.963,"Info","Arena",3,"Enter_Zone",1
1319.995,"Info","Arena",3,"Exit_Zone",1
1319.995,"Info","Arena",3,"Enter_Zone",4
1320.126,"Info","Arena",3,"Exit_Zone",4
1320.126,"Info","Arena",3,"Enter_Zone",3
1321.691,"Info","Arena",2,"Exit_Zone",2
1321.691,"Info","Arena",2,"Enter_Zone",4
1322.238,"Info","Arena",2,"Exit_Zone",4
1322.238,"Info","Arena",2,"Enter_Zone",3
1322.337,"Info","Arena",6,"Exit_Zone",1
1322.337,"Info","Arena",6,"Enter_Zone",4
1322.947,"Info","Arena",5,"Exit_Zone",2
1322.947,"Info","Arena",5,"Enter_Zone",4
1322.947,"Info","Arena",6,"Exit_Zone",4
1322.947,"Info","Arena",6,"Enter_Zone",3
1323.872,"Info","Arena",8,"Exit_Zone",2
1323.872,"Info","Arena",8,"Enter_Zone",4
1324.290,"Info","Arena",1,"Exit_Zone",3
1324.290,"Info","Arena",1,"Enter_Zone",4
1324.394,"Info","Arena",1,"Exit_Zone",4
1324.394,"Info","Arena",1,"Enter_Zone",2
1324.706,"Info","Arena",8,"Exit_Zone",4
1324.706,"Info","Arena",8,"Enter_Zone",1
1324.738,"Info","Arena",8,"Exit_Zone",1
1324.738,"Info","Arena",8,"Enter_Zone",4
1324.773,"Info","Arena",8,"Exit_Zone",4
1324.773,"Info","Arena",8,"Enter_Zone",1
1325.139,"Info","Arena",5,"Exit_Zone",4
1325.139,"Info","Arena",5,"Enter_Zone",1
1326.437,"Info","Arena",2,"Exit_Zone",3
1326.437,"Info","Arena",2,"Enter_Zone",4
1326.680,"Info","Arena",2,"Exit_Zone",4
1326.680,"Info","Arena",2,"Enter_Zone",2
1328.294,"Info","Arena",6,"Exit_Zone",3
1328.294,"Info","Arena",6,"Enter_Zone",4
1329.674,"Info","Arena",7,"Exit_Zone",1
1329.674,"Info","Arena",7,"Enter_Zone",4
1329.714,"Info","Arena",6,"Exit_Zone",4
1329.714,"Info","Arena",6,"Enter_Zone",2
1329.828,"Info","Arena",7,"Exit_Zone",4
1329.828,"Info","Arena",7,"Enter_Zone",3
1330.182,"Info","Arena",8,"Exit_Zone",1
1330.182,"Info","Arena",8,"Enter_Zone",4
1330.304,"Info","Arena",4,"Exit_Zone",3
1330.304,"Info","Arena",4,"Enter_Zone",4
1330.343,"Info","Arena",2,"Exit_Zone",2
1330.343,"Info","Arena",2,"Enter_Zone",4
1330.606,"Info","Arena",2,"Exit_Zone",4
1330.606,"Info","Arena",2,"Enter_Zone",1
1330.681,"Info","Arena",8,"Exit_Zone",4
1330.681,"Info","Arena",8,"Enter_Zone",3
1330.719,"Info","Arena",7,"Exit_Zone",3
1330.719,"Info","Arena",7,"Enter_Zone",1
1330.756,"Info","Arena",7,"Exit_Zone",1
1330.756,"Info","Arena",7,"Enter_Zone",3
1331.424,"Info","Arena",1,"Exit_Zone",2
1331.424,"Info","Arena",1,"Enter_Zone",4
1331.685,"Info","Arena",7,"Exit_Zone",3
1331.685,"Info","Arena",7,"Enter_Zone",1
1331.718,"Info","Arena",7,"Exit_Zone",1
1331.718,"Info","Arena",7,"Enter_Zone",3
1331.755,"Info","Arena",1,"Exit_Zone",4
1331.755,"Info","Arena",1,"Enter_Zone",3
1331.755,"Info","Arena",4,"Exit_Zone",4
1331.755,"Info","Arena",4,"Enter_Zone",3
1331.791,"Info","Arena",4,"Exit_Zone",3
1331.791,"Info","Arena",4,"Enter_Zone",4
1331.828,"Info","Arena",4,"Exit_Zone",4
1331.828,"Info","Arena",4,"Enter_Zone",3
1332.943,"Info","Arena",7,"Exit_Zone",3
1332.943,"Info","Arena",7,"Enter_Zone",1
1333.014,"Info","Arena",7,"Exit_Zone",1
1333.014,"Info","Arena",7,"Enter_Zone",3
1333.813,"Info","Arena",7,"Exit_Zone",3
1333.813,"Info","Arena",7,"Enter_Zone",1
1333.847,"Info","Arena",7,"Exit_Zone",1
1333.847,"Info","Arena",7,"Enter_Zone",3
1334.102,"Info","Arena",5,"Exit_Zone",1
1334.102,"Info","Arena",5,"Enter_Zone",4
1334.292,"Info","Arena",2,"Exit_Zone",1
1334.292,"Info","Arena",2,"Enter_Zone",4
1334.557,"Info","Arena",7,"Exit_Zone",3
1334.557,"Info","Arena",7,"Enter_Zone",1
1334.594,"Info","Arena",8,"Exit_Zone",3
1334.594,"Info","Arena",8,"Enter_Zone",4
1334.630,"Info","Arena",7,"Exit_Zone",1
1334.630,"Info","Arena",7,"Enter_Zone",3
1334.713,"Info","Arena",2,"Exit_Zone",4
1334.713,"Info","Arena",2,"Enter_Zone",2
1334.752,"Info","Arena",2,"Exit_Zone",2
1334.752,"Info","Arena",2,"Enter_Zone",4
1334.752,"Info","Arena",5,"Exit_Zone",4
1334.752,"Info","Arena",5,"Enter_Zone",1
1334.792,"Info","Arena",2,"Exit_Zone",4
1334.792,"Info","Arena",2,"Enter_Zone",2
1335.055,"Info","Arena",2,"Exit_Zone",2
1335.055,"Info","Arena",2,"Enter_Zone",4
1335.093,"Info","Arena",7,"Exit_Zone",3
1335.093,"Info","Arena",7,"Enter_Zone",4
1335.248,"Info","Arena",2,"Exit_Zone",4
1335.248,"Info","Arena",2,"Enter_Zone",3
1335.283,"Info","Arena",7,"Exit_Zone",4
1335.283,"Info","Arena",7,"Enter_Zone",2
1335.471,"Info","Arena",8,"Exit_Zone",4
1335.471,"Info","Arena",8,"Enter_Zone",1
1335.692,"Info","Arena",5,"Exit_Zone",1
1335.692,"Info","Arena",5,"Enter_Zone",4
1335.877,"Info","Arena",5,"Exit_Zone",4
1335.877,"Info","Arena",5,"Enter_Zone",3
1335.993,"Info","Arena",6,"Exit_Zone",2
1335.993,"Info","Arena",6,"Enter_Zone",4
1336.142,"Info","Arena",4,"Exit_Zone",3
1336.142,"Info","Arena",4,"Enter_Zone",4
1336.960,"Info","Arena",6,"Exit_Zone",4
1336.960,"Info","Arena",6,"Enter_Zone",1
1337.193,"Info","Arena",1,"Exit_Zone",3
1337.193,"Info","Arena",1,"Enter_Zone",4
1337.372,"Info","Arena",4,"Exit_Zone",4
1337.372,"Info","Arena",4,"Enter_Zone",1
1337.504,"Info","Arena",3,"Exit_Zone",3
1337.504,"Info","Arena",3,"Enter_Zone",4
1337.570,"Info","Arena",1,"Exit_Zone",4
1337.570,"Info","Arena",1,"Enter_Zone",1
1337.836,"Info","Arena",7,"Exit_Zone",2
1337.836,"Info","Arena",7,"Enter_Zone",1
1337.930,"Info","Arena",7,"Exit_Zone",1
1337.930,"Info","Arena",7,"Enter_Zone",2
1338.242,"Info","Arena",7,"Exit_Zone",2
1338.242,"Info","Arena",7,"Enter_Zone",1
1338.340,"Info","Arena",7,"Exit_Zone",1
1338.340,"Info","Arena",7,"Enter_Zone",2
1338.442,"Info","Arena",7,"Exit_Zone",2
1338.442,"Info","Arena",7,"Enter_Zone",1
1338.475,"Info","Arena",4,"Exit_Zone",1
1338.475,"Info","Arena",4,"Enter_Zone",4
1338.615,"Info","Arena",7,"Exit_Zone",1
1338.615,"Info","Arena",7,"Enter_Zone",2
1338.752,"Info","Arena",3,"Exit_Zone",4
1338.752,"Info","Arena",3,"Enter_Zone",1
1338.787,"Info","Arena",4,"Exit_Zone",4
1338.787,"Info","Arena",4,"Enter_Zone",2
1339.324,"Info","Arena",2,"Exit_Zone",3
1339.324,"Info","Arena",2,"Enter_Zone",4
1339.358,"Info","Arena",7,"Exit_Zone",2
1339.358,"Info","Arena",7,"Enter_Zone",1
1339.388,"Info","Arena",1,"Exit_Zone",1
1339.388,"Info","Arena",1,"Enter_Zone",4
1339.422,"Info","Arena",7,"Exit_Zone",1
1339.422,"Info","Arena",7,"Enter_Zone",2
1339.456,"Info","Arena",2,"Exit_Zone",4
1339.456,"Info","Arena",2,"Enter_Zone",2
1339.456,"Info","Arena",7,"Exit_Zone",2
1339.456,"Info","Arena",7,"Enter_Zone",1
1339.522,"Info","Arena",7,"Exit_Zone",1
1339.522,"Info","Arena",7,"Enter_Zone",2
1339.736,"Info","Arena",1,"Exit_Zone",4
1339.736,"Info","Arena",1,"Enter_Zone",2
1340.589,"Info","Arena",7,"Exit_Zone",2
1340.589,"Info","Arena",7,"Enter_Zone",1
1340.621,"Info","Arena",7,"Exit_Zone",1
1340.621,"Info","Arena",7,"Enter_Zone",2
1340.685,"Info","Arena",7,"Exit_Zone",2
1340.685,"Info","Arena",7,"Enter_Zone",1
1340.718,"Info","Arena",7,"Exit_Zone",1
1340.718,"Info","Arena",7,"Enter_Zone",2
1341.118,"Info","Arena",6,"Exit_Zone",1
1341.118,"Info","Arena",6,"Enter_Zone",4
1341.227,"Info","Arena",7,"Exit_Zone",2
1341.227,"Info","Arena",7,"Enter_Zone",1
1341.321,"Info","Arena",7,"Exit_Zone",1
1341.321,"Info","Arena",7,"Enter_Zone",2
1341.911,"Info","Arena",7,"Exit_Zone",2
1341.911,"Info","Arena",7,"Enter_Zone",4
1342.320,"Info","Arena",7,"Exit_Zone",4
1342.320,"Info","Arena",7,"Enter_Zone",3
1342.395,"Info","Arena",6,"Exit_Zone",4
1342.395,"Info","Arena",6,"Enter_Zone",3
1342.395,"Info","Arena",8,"Exit_Zone",1
1342.395,"Info","Arena",8,"Enter_Zone",4
1342.435,"Info","Arena",8,"Exit_Zone",4
1342.435,"Info","Arena",8,"Enter_Zone",1
1342.510,"Info","Arena",8,"Exit_Zone",1
1342.510,"Info","Arena",8,"Enter_Zone",4
1342.893,"Info","Arena",1,"Exit_Zone",2
1342.893,"Info","Arena",1,"Enter_Zone",4
1342.930,"Info","Arena",7,"Exit_Zone",3
1342.930,"Info","Arena",7,"Enter_Zone",4
1343.217,"Info","Arena",2,"Exit_Zone",2
1343.217,"Info","Arena",2,"Enter_Zone",4
1343.256,"Info","Arena",7,"Exit_Zone",4
1343.256,"Info","Arena",7,"Enter_Zone",2
1343.335,"Info","Arena",2,"Exit_Zone",4
1343.335,"Info","Arena",2,"Enter_Zone",3
1343.376,"Info","Arena",5,"Exit_Zone",3
1343.376,"Info","Arena",5,"Enter_Zone",4
1343.413,"Info","Arena",2,"Exit_Zone",3
1343.413,"Info","Arena",2,"Enter_Zone",4
1343.532,"Info","Arena",5,"Exit_Zone",4
1343.532,"Info","Arena",5,"Enter_Zone",2
1343.686,"Info","Arena",2,"Exit_Zone",4
1343.686,"Info","Arena",2,"Enter_Zone",1
1343.686,"Info","Arena",5,"Exit_Zone",2
1343.686,"Info","Arena",5,"Enter_Zone",4
1343.879,"Info","Arena",1,"Exit_Zone",4
1343.879,"Info","Arena",1,"Enter_Zone",1
1343.996,"Info","Arena",4,"Exit_Zone",2
1343.996,"Info","Arena",4,"Enter_Zone",4
1344.109,"Info","Arena",5,"Exit_Zone",4
1344.109,"Info","Arena",5,"Enter_Zone",3
1344.957,"Info","Arena",4,"Exit_Zone",4
1344.957,"Info","Arena",4,"Enter_Zone",3
1345.623,"Info","Arena",2,"Exit_Zone",1
1345.623,"Info","Arena",2,"Enter_Zone",3
1345.725,"Info","Arena",2,"Exit_Zone",3
1345.725,"Info","Arena",2,"Enter_Zone",1
1345.761,"Info","Arena",7,"Exit_Zone",2
1345.761,"Info","Arena",7,"Enter_Zone",1
1345.928,"Info","Arena",7,"Exit_Zone",1
1345.928,"Info","Arena",7,"Enter_Zone",2
1346.845,"Info","Arena",2,"Exit_Zone",1
1346.845,"Info","Arena",2,"Enter_Zone",4
1347.230,"Info","Arena",7,"Exit_Zone",2
1347.230,"Info","Arena",7,"Enter_Zone",1
1347.327,"Info","Arena",7,"Exit_Zone",1
1347.327,"Info","Arena",7,"Enter_Zone",2
1347.502,"Info","Arena",6,"Exit_Zone",3
1347.502,"Info","Arena",6,"Enter_Zone",4
1347.641,"Info","Arena",7,"Exit_Zone",2
1347.641,"Info","Arena",7,"Enter_Zone",1
1347.676,"Info","Arena",7,"Exit_Zone",1
1347.676,"Info","Arena",7,"Enter_Zone",2
1347.850,"Info","Arena",2,"Exit_Zone",4
1347.850,"Info","Arena",2,"Enter_Zone",3
1348.977,"Info","Arena",7,"Exit_Zone",2
1348.977,"Info","Arena",7,"Enter_Zone",1
1349.010,"Info","Arena",7,"Exit_Zone",1
1349.010,"Info","Arena",7,"Enter_Zone",2
1349.010,"Info","Arena",8,"Exit_Zone",4
1349.010,"Info","Arena",8,"Enter_Zone",3
1349.229,"Info","Arena",6,"Exit_Zone",4
1349.229,"Info","Arena",6,"Enter_Zone",2
1350.163,"Info","Arena",2,"Exit_Zone",3
1350.163,"Info","Arena",2,"Enter_Zone",4
1350.541,"Info","Arena",2,"Exit_Zone",4
1350.541,"Info","Arena",2,"Enter_Zone",2
1350.610,"Info","Arena",7,"Exit_Zone",2
1350.610,"Info","Arena",7,"Enter_Zone",1
1350.711,"Info","Arena",7,"Exit_Zone",1
1350.711,"Info","Arena",7,"Enter_Zone",2
1350.983,"Info","Arena",7,"Exit_Zone",2
1350.983,"Info","Arena",7,"Enter_Zone",1
1351.114,"Info","Arena",7,"Exit_Zone",1
1351.114,"Info","Arena",7,"Enter_Zone",2
1351.259,"Info","Arena",7,"Exit_Zone",2
1351.259,"Info","Arena",7,"Enter_Zone",1
1351.291,"Info","Arena",7,"Exit_Zone",1
1351.291,"Info","Arena",7,"Enter_Zone",2
1351.778,"Info","Arena",2,"Exit_Zone",2
1351.778,"Info","Arena",2,"Enter_Zone",3
1351.815,"Info","Arena",2,"Exit_Zone",3
1351.815,"Info","Arena",2,"Enter_Zone",2
1353.089,"Info","Arena",7,"Exit_Zone",2
1353.089,"Info","Arena",7,"Enter_Zone",1
1353.155,"Info","Arena",7,"Exit_Zone",1
1353.155,"Info","Arena",7,"Enter_Zone",2
1353.396,"Info","Arena",1,"Exit_Zone",1
1353.396,"Info","Arena",1,"Enter_Zone",4
1353.495,"Info","Arena",1,"Exit_Zone",4
1353.495,"Info","Arena",1,"Enter_Zone",2
1353.529,"Info","Arena",7,"Exit_Zone",2
1353.529,"Info","Arena",7,"Enter_Zone",4
1353.700,"Info","Arena",7,"Exit_Zone",4
1353.700,"Info","Arena",7,"Enter_Zone",1
1354.200,"Info","Arena",2,"Exit_Zone",2
1354.200,"Info","Arena",2,"Enter_Zone",3
1354.722,"Info","Arena",2,"Exit_Zone",3
1354.722,"Info","Arena",2,"Enter_Zone",2
1355.697,"Info","Arena",6,"Exit_Zone",2
1355.697,"Info","Arena",6,"Enter_Zone",4
1356.061,"Info","Arena",2,"Exit_Zone",2
1356.061,"Info","Arena",2,"Enter_Zone",4
1356.061,"Info","Arena",6,"Exit_Zone",4
1356.061,"Info","Arena",6,"Enter_Zone",3
1356.134,"Info","Arena",2,"Exit_Zone",4
1356.134,"Info","Arena",2,"Enter_Zone",3
1356.217,"Info","Arena",5,"Exit_Zone",3
1356.217,"Info","Arena",5,"Enter_Zone",4
1356.217,"Info","Arena",8,"Exit_Zone",3
1356.217,"Info","Arena",8,"Enter_Zone",4
1357.663,"Info","Arena",8,"Exit_Zone",4
1357.663,"Info","Arena",8,"Enter_Zone",1
1357.767,"Info","Arena",5,"Exit_Zone",4
1357.767,"Info","Arena",5,"Enter_Zone",2
1358.659,"Info","Arena",3,"Exit_Zone",1
1358.659,"Info","Arena",3,"Enter_Zone",4
1360.580,"Info","Arena",4,"Exit_Zone",3
1360.580,"Info","Arena",4,"Enter_Zone",4
1360.793,"Info","Arena",1,"Exit_Zone",2
1360.793,"Info","Arena",1,"Enter_Zone",4
1360.793,"Info","Arena",3,"Exit_Zone",4
1360.793,"Info","Arena",3,"Enter_Zone",3
1360.900,"Info","Arena",1,"Exit_Zone",4
1360.900,"Info","Arena",1,"Enter_Zone",3
1361.278,"Info","Arena",6,"Exit_Zone",3
1361.278,"Info","Arena",6,"Enter_Zone",4
1361.440,"Info","Arena",5,"Exit_Zone",2
1361.440,"Info","Arena",5,"Enter_Zone",1
1361.506,"Info","Arena",6,"Exit_Zone",4
1361.506,"Info","Arena",6,"Enter_Zone",1
1361.577,"Info","Arena",5,"Exit_Zone",1
1361.577,"Info","Arena",5,"Enter_Zone",2
1362.088,"Info","Arena",4,"Exit_Zone",4
1362.088,"Info","Arena",4,"Enter_Zone",3
1362.799,"Info","Arena",1,"Exit_Zone",3
1362.799,"Info","Arena",1,"Enter_Zone",4
1362.870,"Info","Arena",8,"Exit_Zone",1
1362.870,"Info","Arena",8,"Enter_Zone",4
1362.973,"Info","Arena",1,"Exit_Zone",4
1362.973,"Info","Arena",1,"Enter_Zone",2
1363.041,"Info","Arena",4,"Exit_Zone",3
1363.041,"Info","Arena",4,"Enter_Zone",4
1364.053,"Info","Arena",8,"Exit_Zone",4
1364.053,"Info","Arena",8,"Enter_Zone",3
1364.746,"Info","Arena",5,"Exit_Zone",2
1364.746,"Info","Arena",5,"Enter_Zone",4
1364.950,"Info","Arena",5,"Exit_Zone",4
1364.950,"Info","Arena",5,"Enter_Zone",2
1365.021,"Info","Arena",5,"Exit_Zone",2
1365.021,"Info","Arena",5,"Enter_Zone",4
1365.091,"Info","Arena",6,"Exit_Zone",1
1365.091,"Info","Arena",6,"Enter_Zone",4
1365.199,"Info","Arena",4,"Exit_Zone",4
1365.199,"Info","Arena",4,"Enter_Zone",2
1365.690,"Info","Arena",6,"Exit_Zone",4
1365.690,"Info","Arena",6,"Enter_Zone",2
1365.862,"Info","Arena",5,"Exit_Zone",4
1365.862,"Info","Arena",5,"Enter_Zone",1
1366.887,"Info","Arena",2,"Exit_Zone",3
1366.887,"Info","Arena",2,"Enter_Zone",4
1367.168,"Info","Arena",2,"Exit_Zone",4
1367.168,"Info","Arena",2,"Enter_Zone",2
1368.060,"Info","Arena",4,"Exit_Zone",2
1368.060,"Info","Arena",4,"Enter_Zone",4
1369.062,"Info","Arena",6,"Exit_Zone",2
1369.062,"Info","Arena",6,"Enter_Zone",4
1370.226,"Info","Arena",6,"Exit_Zone",4
1370.226,"Info","Arena",6,"Enter_Zone",1
1370.768,"Info","Arena",7,"Exit_Zone",1
1370.768,"Info","Arena",7,"Enter_Zone",4
1370.808,"Info","Arena",4,"Exit_Zone",4
1370.808,"Info","Arena",4,"Enter_Zone",1
1370.958,"Info","Arena",1,"Exit_Zone",2
1370.958,"Info","Arena",1,"Enter_Zone",4
1370.995,"Info","Arena",2,"Exit_Zone",2
1370.995,"Info","Arena",2,"Enter_Zone",3
1370.995,"Info","Arena",7,"Exit_Zone",4
1370.995,"Info","Arena",7,"Enter_Zone",3
1371.072,"Info","Arena",1,"Exit_Zone",4
1371.072,"Info","Arena",1,"Enter_Zone",3
1371.304,"Info","Arena",2,"Exit_Zone",3
1371.304,"Info","Arena",2,"Enter_Zone",2
1371.344,"Info","Arena",7,"Exit_Zone",3
1371.344,"Info","Arena",7,"Enter_Zone",1
1371.379,"Info","Arena",7,"Exit_Zone",1
1371.379,"Info","Arena",7,"Enter_Zone",3
1371.379,"Info","Arena",8,"Exit_Zone",3
1371.379,"Info","Arena",8,"Enter_Zone",4
1371.933,"Info","Arena",5,"Exit_Zone",1
1371.933,"Info","Arena",5,"Enter_Zone",4
1372.149,"Info","Arena",8,"Exit_Zone",4
1372.149,"Info","Arena",8,"Enter_Zone",1
1372.576,"Info","Arena",2,"Exit_Zone",2
1372.576,"Info","Arena",2,"Enter_Zone",3
1372.608,"Info","Arena",2,"Exit_Zone",3
1372.608,"Info","Arena",2,"Enter_Zone",2
1372.643,"Info","Arena",5,"Exit_Zone",4
1372.643,"Info","Arena",5,"Enter_Zone",3
1374.371,"Info","Arena",4,"Exit_Zone",1
1374.371,"Info","Arena",4,"Enter_Zone",4
1374.440,"Info","Arena",6,"Exit_Zone",1
1374.440,"Info","Arena",6,"Enter_Zone",4
1374.884,"Info","Arena",6,"Exit_Zone",4
1374.884,"Info","Arena",6,"Enter_Zone",2
1376.233,"Info","Arena",4,"Exit_Zone",4
1376.233,"Info","Arena",4,"Enter_Zone",1
1376.479,"Info","Arena",7,"Exit_Zone",3
1376.479,"Info","Arena",7,"Enter_Zone",1
1376.582,"Info","Arena",7,"Exit_Zone",1
1376.582,"Info","Arena",7,"Enter_Zone",3
1376.651,"Info","Arena",8,"Exit_Zone",1
1376.651,"Info","Arena",8,"Enter_Zone",4
1377.087,"Info","Arena",7,"Exit_Zone",3
1377.087,"Info","Arena",7,"Enter_Zone",4
1377.122,"Info","Arena",7,"Exit_Zone",4
1377.122,"Info","Arena",7,"Enter_Zone",2
1377.157,"Info","Arena",4,"Exit_Zone",1
1377.157,"Info","Arena",4,"Enter_Zone",4
1377.730,"Info","Arena",8,"Exit_Zone",4
1377.730,"Info","Arena",8,"Enter_Zone",3
1377.936,"Info","Arena",7,"Exit_Zone",2
1377.936,"Info","Arena",7,"Enter_Zone",1
1378.003,"Info","Arena",7,"Exit_Zone",1
1378.003,"Info","Arena",7,"Enter_Zone",2
1378.455,"Info","Arena",5,"Exit_Zone",3
1378.455,"Info","Arena",5,"Enter_Zone",4
1378.561,"Info","Arena",2,"Exit_Zone",2
1378.561,"Info","Arena",2,"Enter_Zone",4
1378.561,"Info","Arena",7,"Exit_Zone",2
1378.561,"Info","Arena",7,"Enter_Zone",1
1378.665,"Info","Arena",7,"Exit_Zone",1
1378.665,"Info","Arena",7,"Enter_Zone",2
1378.805,"Info","Arena",2,"Exit_Zone",4
1378.805,"Info","Arena",2,"Enter_Zone",1
1379.015,"Info","Arena",4,"Exit_Zone",4
1379.015,"Info","Arena",4,"Enter_Zone",2
1379.324,"Info","Arena",5,"Exit_Zone",4
1379.324,"Info","Arena",5,"Enter_Zone",2
1379.324,"Info","Arena",6,"Exit_Zone",2
1379.324,"Info","Arena",6,"Enter_Zone",4
1379.362,"Info","Arena",7,"Exit_Zone",2
1379.362,"Info","Arena",7,"Enter_Zone",1
1379.437,"Info","Arena",7,"Exit_Zone",1
1379.437,"Info","Arena",7,"Enter_Zone",2
1379.623,"Info","Arena",7,"Exit_Zone",2
1379.623,"Info","Arena",7,"Enter_Zone",1
1379.661,"Info","Arena",7,"Exit_Zone",1
1379.661,"Info","Arena",7,"Enter_Zone",2
1379.730,"Info","Arena",7,"Exit_Zone",2
1379.730,"Info","Arena",7,"Enter_Zone",1
1379.762,"Info","Arena",6,"Exit_Zone",4
1379.762,"Info","Arena",6,"Enter_Zone",1
1379.795,"Info","Arena",7,"Exit_Zone",1
1379.795,"Info","Arena",7,"Enter_Zone",2
1379.893,"Info","Arena",1,"Exit_Zone",3
1379.893,"Info","Arena",1,"Enter_Zone",4
1380.145,"Info","Arena",1,"Exit_Zone",4
1380.145,"Info","Arena",1,"Enter_Zone",1
1381.643,"Info","Arena",8,"Exit_Zone",3
1381.643,"Info","Arena",8,"Enter_Zone",4
1381.743,"Info","Arena",2,"Exit_Zone",1
1381.743,"Info","Arena",2,"Enter_Zone",4
1382.355,"Info","Arena",8,"Exit_Zone",4
1382.355,"Info","Arena",8,"Enter_Zone",2
1382.387,"Info","Arena",7,"Exit_Zone",2
1382.387,"Info","Arena",7,"Enter_Zone",1
1382.455,"Info","Arena",7,"Exit_Zone",1
1382.455,"Info","Arena",7,"Enter_Zone",2
1382.490,"Info","Arena",7,"Exit_Zone",2
1382.490,"Info","Arena",7,"Enter_Zone",1
1382.523,"Info","Arena",7,"Exit_Zone",1
1382.523,"Info","Arena",7,"Enter_Zone",2
1382.700,"Info","Arena",2,"Exit_Zone",4
1382.700,"Info","Arena",2,"Enter_Zone",2
1383.130,"Info","Arena",7,"Exit_Zone",2
1383.130,"Info","Arena",7,"Enter_Zone",4
1383.350,"Info","Arena",7,"Exit_Zone",4
1383.350,"Info","Arena",7,"Enter_Zone",3
1383.455,"Info","Arena",4,"Exit_Zone",2
1383.455,"Info","Arena",4,"Enter_Zone",4
1383.562,"Info","Arena",3,"Exit_Zone",3
1383.562,"Info","Arena",3,"Enter_Zone",4
1383.910,"Info","Arena",7,"Exit_Zone",3
1383.910,"Info","Arena",7,"Enter_Zone",1
1384.042,"Info","Arena",7,"Exit_Zone",1
1384.042,"Info","Arena",7,"Enter_Zone",3
1384.732,"Info","Arena",2,"Exit_Zone",2
1384.732,"Info","Arena",2,"Enter_Zone",3
1384.968,"Info","Arena",2,"Exit_Zone",3
1384.968,"Info","Arena",2,"Enter_Zone",2
1384.968,"Info","Arena",6,"Exit_Zone",1
1384.968,"Info","Arena",6,"Enter_Zone",4
1385.297,"Info","Arena",7,"Exit_Zone",3
1385.297,"Info","Arena",7,"Enter_Zone",1
1385.369,"Info","Arena",7,"Exit_Zone",1
1385.369,"Info","Arena",7,"Enter_Zone",3
1385.477,"Info","Arena",5,"Exit_Zone",2
1385.477,"Info","Arena",5,"Enter_Zone",4
1385.477,"Info","Arena",6,"Exit_Zone",4
1385.477,"Info","Arena",6,"Enter_Zone",3
1385.968,"Info","Arena",3,"Exit_Zone",4
1385.968,"Info","Arena",3,"Enter_Zone",3
1385.968,"Info","Arena",7,"Exit_Zone",3
1385.968,"Info","Arena",7,"Enter_Zone",4
1386.005,"Info","Arena",5,"Exit_Zone",4
1386.005,"Info","Arena",5,"Enter_Zone",3
1386.045,"Info","Arena",3,"Exit_Zone",3
1386.045,"Info","Arena",3,"Enter_Zone",4
1386.083,"Info","Arena",3,"Exit_Zone",4
1386.083,"Info","Arena",3,"Enter_Zone",3
1386.083,"Info","Arena",4,"Exit_Zone",4
1386.083,"Info","Arena",4,"Enter_Zone",2
1386.124,"Info","Arena",2,"Exit_Zone",2
1386.124,"Info","Arena",2,"Enter_Zone",4
1386.124,"Info","Arena",7,"Exit_Zone",4
1386.124,"Info","Arena",7,"Enter_Zone",2
1386.322,"Info","Arena",3,"Exit_Zone",3
1386.322,"Info","Arena",3,"Enter_Zone",4
1386.399,"Info","Arena",1,"Exit_Zone",1
1386.399,"Info","Arena",1,"Enter_Zone",4
1386.514,"Info","Arena",1,"Exit_Zone",4
1386.514,"Info","Arena",1,"Enter_Zone",2
1386.629,"Info","Arena",5,"Exit_Zone",3
1386.629,"Info","Arena",5,"Enter_Zone",4
1386.669,"Info","Arena",2,"Exit_Zone",4
1386.669,"Info","Arena",2,"Enter_Zone",3
1386.707,"Info","Arena",4,"Exit_Zone",2
1386.707,"Info","Arena",4,"Enter_Zone",4
1386.824,"Info","Arena",5,"Exit_Zone",4
1386.824,"Info","Arena",5,"Enter_Zone",2
1386.860,"Info","Arena",3,"Exit_Zone",4
1386.860,"Info","Arena",3,"Enter_Zone",3
1386.860,"Info","Arena",5,"Exit_Zone",2
1386.860,"Info","Arena",5,"Enter_Zone",4
1386.976,"Info","Arena",7,"Exit_Zone",2
1386.976,"Info","Arena",7,"Enter_Zone",1
1387.159,"Info","Arena",7,"Exit_Zone",1
1387.159,"Info","Arena",7,"Enter_Zone",2
1387.197,"Info","Arena",4,"Exit_Zone",4
1387.197,"Info","Arena",4,"Enter_Zone",3
1387.197,"Info","Arena",5,"Exit_Zone",4
1387.197,"Info","Arena",5,"Enter_Zone",3
1387.281,"Info","Arena",1,"Exit_Zone",2
1387.281,"Info","Arena",1,"Enter_Zone",4
1387.281,"Info","Arena",5,"Exit_Zone",3
1387.281,"Info","Arena",5,"Enter_Zone",4
1387.281,"Info","Arena",8,"Exit_Zone",2
1387.281,"Info","Arena",8,"Enter_Zone",4
1387.357,"Info","Arena",1,"Exit_Zone",4
1387.357,"Info","Arena",1,"Enter_Zone",1
1387.504,"Info","Arena",5,"Exit_Zone",4
1387.504,"Info","Arena",5,"Enter_Zone",3
1387.649,"Info","Arena",8,"Exit_Zone",4
1387.649,"Info","Arena",8,"Enter_Zone",1
1388.695,"Info","Arena",7,"Exit_Zone",2
1388.695,"Info","Arena",7,"Enter_Zone",1
1388.763,"Info","Arena",7,"Exit_Zone",1
1388.763,"Info","Arena",7,"Enter_Zone",2
1389.140,"Info","Arena",5,"Exit_Zone",3
1389.140,"Info","Arena",5,"Enter_Zone",4
1389.561,"Info","Arena",7,"Exit_Zone",2
1389.561,"Info","Arena",7,"Enter_Zone",4
1389.697,"Info","Arena",7,"Exit_Zone",4
1389.697,"Info","Arena",7,"Enter_Zone",3
1390.012,"Info","Arena",5,"Exit_Zone",4
1390.012,"Info","Arena",5,"Enter_Zone",2
1390.307,"Info","Arena",1,"Exit_Zone",1
1390.307,"Info","Arena",1,"Enter_Zone",4
1390.307,"Info","Arena",6,"Exit_Zone",3
1390.307,"Info","Arena",6,"Enter_Zone",4
1390.307,"Info","Arena",7,"Exit_Zone",3
1390.307,"Info","Arena",7,"Enter_Zone",1
1390.377,"Info","Arena",1,"Exit_Zone",4
1390.377,"Info","Arena",1,"Enter_Zone",2
1390.377,"Info","Arena",7,"Exit_Zone",1
1390.377,"Info","Arena",7,"Enter_Zone",3
1390.694,"Info","Arena",6,"Exit_Zone",4
1390.694,"Info","Arena",6,"Enter_Zone",2
1390.867,"Info","Arena",7,"Exit_Zone",3
1390.867,"Info","Arena",7,"Enter_Zone",1
1390.903,"Info","Arena",7,"Exit_Zone",1
1390.903,"Info","Arena",7,"Enter_Zone",3
1391.782,"Info","Arena",7,"Exit_Zone",3
1391.782,"Info","Arena",7,"Enter_Zone",1
1391.818,"Info","Arena",7,"Exit_Zone",1
1391.818,"Info","Arena",7,"Enter_Zone",3
1391.922,"Info","Arena",5,"Exit_Zone",2
1391.922,"Info","Arena",5,"Enter_Zone",4
1392.283,"Info","Arena",7,"Exit_Zone",3
1392.283,"Info","Arena",7,"Enter_Zone",4
1392.320,"Info","Arena",5,"Exit_Zone",4
1392.320,"Info","Arena",5,"Enter_Zone",1
1392.426,"Info","Arena",8,"Exit_Zone",1
1392.426,"Info","Arena",8,"Enter_Zone",4
1392.462,"Info","Arena",1,"Exit_Zone",2
1392.462,"Info","Arena",1,"Enter_Zone",4
1392.462,"Info","Arena",7,"Exit_Zone",4
1392.462,"Info","Arena",7,"Enter_Zone",2
1392.668,"Info","Arena",8,"Exit_Zone",4
1392.668,"Info","Arena",8,"Enter_Zone",3
1392.702,"Info","Arena",1,"Exit_Zone",4
1392.702,"Info","Arena",1,"Enter_Zone",1
1392.970,"Info","Arena",7,"Exit_Zone",2
1392.970,"Info","Arena",7,"Enter_Zone",1
1393.002,"Info","Arena",7,"Exit_Zone",1
1393.002,"Info","Arena",7,"Enter_Zone",2
1393.309,"Info","Arena",7,"Exit_Zone",2
1393.309,"Info","Arena",7,"Enter_Zone",1
1393.404,"Info","Arena",7,"Exit_Zone",1
1393.404,"Info","Arena",7,"Enter_Zone",2
1394.744,"Info","Arena",1,"Exit_Zone",1
1394.744,"Info","Arena",1,"Enter_Zone",4
1394.744,"Info","Arena",7,"Exit_Zone",2
1394.744,"Info","Arena",7,"Enter_Zone",1
1394.778,"Info","Arena",7,"Exit_Zone",1
1394.778,"Info","Arena",7,"Enter_Zone",2
1394.848,"Info","Arena",1,"Exit_Zone",4
1394.848,"Info","Arena",1,"Enter_Zone",2
1396.225,"Info","Arena",5,"Exit_Zone",1
1396.225,"Info","Arena",5,"Enter_Zone",4
1396.395,"Info","Arena",6,"Exit_Zone",2
1396.395,"Info","Arena",6,"Enter_Zone",4
1396.761,"Info","Arena",5,"Exit_Zone",4
1396.761,"Info","Arena",5,"Enter_Zone",3
1396.966,"Info","Arena",7,"Exit_Zone",2
1396.966,"Info","Arena",7,"Enter_Zone",1
1397.034,"Info","Arena",7,"Exit_Zone",1
1397.034,"Info","Arena",7,"Enter_Zone",2
1397.218,"Info","Arena",6,"Exit_Zone",4
1397.218,"Info","Arena",6,"Enter_Zone",3
1397.462,"Info","Arena",1,"Exit_Zone",2
1397.462,"Info","Arena",1,"Enter_Zone",4
1397.533,"Info","Arena",1,"Exit_Zone",4
1397.533,"Info","Arena",1,"Enter_Zone",1
1397.814,"Info","Arena",7,"Exit_Zone",2
1397.814,"Info","Arena",7,"Enter_Zone",1
1397.986,"Info","Arena",7,"Exit_Zone",1
1397.986,"Info","Arena",7,"Enter_Zone",2
1398.202,"Info","Arena",8,"Exit_Zone",3
1398.202,"Info","Arena",8,"Enter_Zone",4
1398.484,"Info","Arena",7,"Exit_Zone",2
1398.484,"Info","Arena",7,"Enter_Zone",4
1398.552,"Info","Arena",7,"Exit_Zone",4
1398.552,"Info","Arena",7,"Enter_Zone",1
1399.193,"Info","Arena",8,"Exit_Zone",4
1399.193,"Info","Arena",8,"Enter_Zone",1
1399.276,"Info","Arena",1,"Exit_Zone",1
1399.276,"Info","Arena",1,"Enter_Zone",4
1399.421,"Info","Arena",1,"Exit_Zone",4
1399.421,"Info","Arena",1,"Enter_Zone",2
1399.454,"Info","Arena",6,"Exit_Zone",3
1399.454,"Info","Arena",6,"Enter_Zone",4
1399.783,"Info","Arena",6,"Exit_Zone",4
1399.783,"Info","Arena",6,"Enter_Zone",1
1399.855,"Info","Arena",2,"Exit_Zone",3
1399.855,"Info","Arena",2,"Enter_Zone",4
1400.205,"Info","Arena",2,"Exit_Zone",4
1400.205,"Info","Arena",2,"Enter_Zone",2
1401.142,"Info","Arena",2,"Exit_Zone",2
1401.142,"Info","Arena",2,"Enter_Zone",3
1401.445,"Info","Arena",2,"Exit_Zone",3
1401.445,"Info","Arena",2,"Enter_Zone",2
1401.778,"Info","Arena",8,"Exit_Zone",1
1401.778,"Info","Arena",8,"Enter_Zone",4
1401.848,"Info","Arena",1,"Exit_Zone",2
1401.848,"Info","Arena",1,"Enter_Zone",4
1401.948,"Info","Arena",1,"Exit_Zone",4
1401.948,"Info","Arena",1,"Enter_Zone",3
1402.568,"Info","Arena",8,"Exit_Zone",4
1402.568,"Info","Arena",8,"Enter_Zone",3
1403.778,"Info","Arena",6,"Exit_Zone",1
1403.778,"Info","Arena",6,"Enter_Zone",4
1404.344,"Info","Arena",5,"Exit_Zone",3
1404.344,"Info","Arena",5,"Enter_Zone",4
1404.421,"Info","Arena",2,"Exit_Zone",2
1404.421,"Info","Arena",2,"Enter_Zone",3
1404.492,"Info","Arena",2,"Exit_Zone",3
1404.492,"Info","Arena",2,"Enter_Zone",2
1404.565,"Info","Arena",6,"Exit_Zone",4
1404.565,"Info","Arena",6,"Enter_Zone",3
1404.848,"Info","Arena",8,"Exit_Zone",3
1404.848,"Info","Arena",8,"Enter_Zone",4
1405.318,"Info","Arena",5,"Exit_Zone",4
1405.318,"Info","Arena",5,"Enter_Zone",2
1405.354,"Info","Arena",8,"Exit_Zone",4
1405.354,"Info","Arena",8,"Enter_Zone",1
1407.683,"Info","Arena",2,"Exit_Zone",2
1407.683,"Info","Arena",2,"Enter_Zone",4
1408.012,"Info","Arena",2,"Exit_Zone",4
1408.012,"Info","Arena",2,"Enter_Zone",3
1408.491,"Info","Arena",1,"Exit_Zone",3
1408.491,"Info","Arena",1,"Enter_Zone",4
1408.942,"Info","Arena",1,"Exit_Zone",4
1408.942,"Info","Arena",1,"Enter_Zone",2
1409.547,"Info","Arena",5,"Exit_Zone",2
1409.547,"Info","Arena",5,"Enter_Zone",4
1409.649,"Info","Arena",5,"Exit_Zone",4
1409.649,"Info","Arena",5,"Enter_Zone",1
1409.786,"Info","Arena",8,"Exit_Zone",1
1409.786,"Info","Arena",8,"Enter_Zone",4
1410.170,"Info","Arena",5,"Exit_Zone",1
1410.170,"Info","Arena",5,"Enter_Zone",4
1410.204,"Info","Arena",6,"Exit_Zone",3
1410.204,"Info","Arena",6,"Enter_Zone",4
1410.834,"Info","Arena",5,"Exit_Zone",4
1410.834,"Info","Arena",5,"Enter_Zone",3
1411.082,"Info","Arena",6,"Exit_Zone",4
1411.082,"Info","Arena",6,"Enter_Zone",2
1411.150,"Info","Arena",8,"Exit_Zone",4
1411.150,"Info","Arena",8,"Enter_Zone",3
1411.576,"Info","Arena",2,"Exit_Zone",3
1411.576,"Info","Arena",2,"Enter_Zone",4
1411.611,"Info","Arena",4,"Exit_Zone",3
1411.611,"Info","Arena",4,"Enter_Zone",4
1411.992,"Info","Arena",2,"Exit_Zone",4
1411.992,"Info","Arena",2,"Enter_Zone",1
1412.723,"Info","Arena",8,"Exit_Zone",3
1412.723,"Info","Arena",8,"Enter_Zone",4
1412.790,"Info","Arena",8,"Exit_Zone",4
1412.790,"Info","Arena",8,"Enter_Zone",3
1412.860,"Info","Arena",4,"Exit_Zone",4
1412.860,"Info","Arena",4,"Enter_Zone",3
1412.892,"Info","Arena",4,"Exit_Zone",3
1412.892,"Info","Arena",4,"Enter_Zone",4
1413.025,"Info","Arena",2,"Exit_Zone",1
1413.025,"Info","Arena",2,"Enter_Zone",3
1413.025,"Info","Arena",4,"Exit_Zone",4
1413.025,"Info","Arena",4,"Enter_Zone",3
1413.433,"Info","Arena",2,"Exit_Zone",3
1413.433,"Info","Arena",2,"Enter_Zone",1
1414.516,"Info","Arena",6,"Exit_Zone",2
1414.516,"Info","Arena",6,"Enter_Zone",4
1415.150,"Info","Arena",6,"Exit_Zone",4
1415.150,"Info","Arena",6,"Enter_Zone",1
1416.885,"Info","Arena",5,"Exit_Zone",3
1416.885,"Info","Arena",5,"Enter_Zone",4
1417.649,"Info","Arena",5,"Exit_Zone",4
1417.649,"Info","Arena",5,"Enter_Zone",2
1417.883,"Info","Arena",1,"Exit_Zone",2
1417.883,"Info","Arena",1,"Enter_Zone",4
1418.018,"Info","Arena",1,"Exit_Zone",4
1418.018,"Info","Arena",1,"Enter_Zone",3
1418.258,"Info","Arena",4,"Exit_Zone",3
1418.258,"Info","Arena",4,"Enter_Zone",4
1418.559,"Info","Arena",2,"Exit_Zone",1
1418.559,"Info","Arena",2,"Enter_Zone",3
1418.870,"Info","Arena",2,"Exit_Zone",3
1418.870,"Info","Arena",2,"Enter_Zone",1
1419.047,"Info","Arena",2,"Exit_Zone",1
1419.047,"Info","Arena",2,"Enter_Zone",3
1419.146,"Info","Arena",2,"Exit_Zone",3
1419.146,"Info","Arena",2,"Enter_Zone",1
1419.223,"Info","Arena",2,"Exit_Zone",1
1419.223,"Info","Arena",2,"Enter_Zone",3
1419.416,"Info","Arena",2,"Exit_Zone",3
1419.416,"Info","Arena",2,"Enter_Zone",1
1420.289,"Info","Arena",8,"Exit_Zone",3
1420.289,"Info","Arena",8,"Enter_Zone",4
1420.683,"Info","Arena",2,"Exit_Zone",1
1420.683,"Info","Arena",2,"Enter_Zone",4
1420.721,"Info","Arena",8,"Exit_Zone",4
1420.721,"Info","Arena",8,"Enter_Zone",2
1421.123,"Info","Arena",6,"Exit_Zone",1
1421.123,"Info","Arena",6,"Enter_Zone",4
1421.368,"Info","Arena",2,"Exit_Zone",4
1421.368,"Info","Arena",2,"Enter_Zone",3
1421.793,"Info","Arena",6,"Exit_Zone",4
1421.793,"Info","Arena",6,"Enter_Zone",3
1422.085,"Info","Arena",1,"Exit_Zone",3
1422.085,"Info","Arena",1,"Enter_Zone",2
1422.778,"Info","Arena",4,"Exit_Zone",4
1422.778,"Info","Arena",4,"Enter_Zone",1
1423.193,"Info","Arena",5,"Exit_Zone",2
1423.193,"Info","Arena",5,"Enter_Zone",4
1424.332,"Info","Arena",5,"Exit_Zone",4
1424.332,"Info","Arena",5,"Enter_Zone",3
1424.795,"Info","Arena",1,"Exit_Zone",2
1424.795,"Info","Arena",1,"Enter_Zone",4
1425.086,"Info","Arena",1,"Exit_Zone",4
1425.086,"Info","Arena",1,"Enter_Zone",3
1425.154,"Info","Arena",2,"Exit_Zone",3
1425.154,"Info","Arena",2,"Enter_Zone",4
1425.270,"Info","Arena",4,"Exit_Zone",1
1425.270,"Info","Arena",4,"Enter_Zone",4
1425.344,"Info","Arena",2,"Exit_Zone",4
1425.344,"Info","Arena",2,"Enter_Zone",2
1425.814,"Info","Arena",4,"Exit_Zone",4
1425.814,"Info","Arena",4,"Enter_Zone",2
1425.985,"Info","Arena",8,"Exit_Zone",2
1425.985,"Info","Arena",8,"Enter_Zone",4
1426.684,"Info","Arena",8,"Exit_Zone",4
1426.684,"Info","Arena",8,"Enter_Zone",1
1426.966,"Info","Arena",6,"Exit_Zone",3
1426.966,"Info","Arena",6,"Enter_Zone",4
1427.875,"Info","Arena",6,"Exit_Zone",4
1427.875,"Info","Arena",6,"Enter_Zone",2
1427.941,"Info","Arena",1,"Exit_Zone",3
1427.941,"Info","Arena",1,"Enter_Zone",4
1428.660,"Info","Arena",1,"Exit_Zone",4
1428.660,"Info","Arena",1,"Enter_Zone",1
1429.131,"Info","Arena",5,"Exit_Zone",3
1429.131,"Info","Arena",5,"Enter_Zone",4
1429.383,"Info","Arena",2,"Exit_Zone",2
1429.383,"Info","Arena",2,"Enter_Zone",4
1429.383,"Info","Arena",7,"Exit_Zone",1
1429.383,"Info","Arena",7,"Enter_Zone",4
1429.656,"Info","Arena",7,"Exit_Zone",4
1429.656,"Info","Arena",7,"Enter_Zone",3
1429.725,"Info","Arena",2,"Exit_Zone",4
1429.725,"Info","Arena",2,"Enter_Zone",3
1430.428,"Info","Arena",5,"Exit_Zone",4
1430.428,"Info","Arena",5,"Enter_Zone",2
1430.703,"Info","Arena",8,"Exit_Zone",1
1430.703,"Info","Arena",8,"Enter_Zone",4
1431.301,"Info","Arena",8,"Exit_Zone",4
1431.301,"Info","Arena",8,"Enter_Zone",2
1431.568,"Info","Arena",7,"Exit_Zone",3
1431.568,"Info","Arena",7,"Enter_Zone",1
1431.663,"Info","Arena",7,"Exit_Zone",1
1431.663,"Info","Arena",7,"Enter_Zone",3
1432.235,"Info","Arena",7,"Exit_Zone",3
1432.235,"Info","Arena",7,"Enter_Zone",1
1432.461,"Info","Arena",4,"Exit_Zone",2
1432.461,"Info","Arena",4,"Enter_Zone",4
1432.525,"Info","Arena",7,"Exit_Zone",1
1432.525,"Info","Arena",7,"Enter_Zone",3
1432.758,"Info","Arena",7,"Exit_Zone",3
1432.758,"Info","Arena",7,"Enter_Zone",1
1432.790,"Info","Arena",7,"Exit_Zone",1
1432.790,"Info","Arena",7,"Enter_Zone",3
1434.002,"Info","Arena",4,"Exit_Zone",4
1434.002,"Info","Arena",4,"Enter_Zone",2
1434.067,"Info","Arena",4,"Exit_Zone",2
1434.067,"Info","Arena",4,"Enter_Zone",4
1434.996,"Info","Arena",4,"Exit_Zone",4
1434.996,"Info","Arena",4,"Enter_Zone",3
1435.096,"Info","Arena",5,"Exit_Zone",2
1435.096,"Info","Arena",5,"Enter_Zone",4
1435.306,"Info","Arena",3,"Exit_Zone",3
1435.306,"Info","Arena",3,"Enter_Zone",4
1435.306,"Info","Arena",7,"Exit_Zone",3
1435.306,"Info","Arena",7,"Enter_Zone",1
1435.369,"Info","Arena",7,"Exit_Zone",1
1435.369,"Info","Arena",7,"Enter_Zone",3
1435.434,"Info","Arena",5,"Exit_Zone",4
1435.434,"Info","Arena",5,"Enter_Zone",1
1435.825,"Info","Arena",8,"Exit_Zone",2
1435.825,"Info","Arena",8,"Enter_Zone",4
1435.923,"Info","Arena",7,"Exit_Zone",3
1435.923,"Info","Arena",7,"Enter_Zone",1
1435.923,"Info","Arena",8,"Exit_Zone",4
1435.923,"Info","Arena",8,"Enter_Zone",2
1435.988,"Info","Arena",8,"Exit_Zone",2
1435.988,"Info","Arena",8,"Enter_Zone",4
1436.022,"Info","Arena",7,"Exit_Zone",1
1436.022,"Info","Arena",7,"Enter_Zone",3
1436.087,"Info","Arena",3,"Exit_Zone",4
1436.087,"Info","Arena",3,"Enter_Zone",2
1436.233,"Info","Arena",7,"Exit_Zone",3
1436.233,"Info","Arena",7,"Enter_Zone",1
1436.297,"Info","Arena",3,"Exit_Zone",2
1436.297,"Info","Arena",3,"Enter_Zone",4
1436.297,"Info","Arena",7,"Exit_Zone",1
1436.297,"Info","Arena",7,"Enter_Zone",3
1436.501,"Info","Arena",8,"Exit_Zone",4
1436.501,"Info","Arena",8,"Enter_Zone",3
1436.533,"Info","Arena",3,"Exit_Zone",4
1436.533,"Info","Arena",3,"Enter_Zone",3
1436.839,"Info","Arena",7,"Exit_Zone",3
1436.839,"Info","Arena",7,"Enter_Zone",1
1436.904,"Info","Arena",7,"Exit_Zone",1
1436.904,"Info","Arena",7,"Enter_Zone",4
1436.937,"Info","Arena",7,"Exit_Zone",4
1436.937,"Info","Arena",7,"Enter_Zone",2
1437.564,"Info","Arena",2,"Exit_Zone",3
1437.564,"Info","Arena",2,"Enter_Zone",4
1437.768,"Info","Arena",7,"Exit_Zone",2
1437.768,"Info","Arena",7,"Enter_Zone",1
1437.833,"Info","Arena",2,"Exit_Zone",4
1437.833,"Info","Arena",2,"Enter_Zone",2
1437.900,"Info","Arena",7,"Exit_Zone",1
1437.900,"Info","Arena",7,"Enter_Zone",2
1438.035,"Info","Arena",6,"Exit_Zone",2
1438.035,"Info","Arena",6,"Enter_Zone",4
1438.408,"Info","Arena",4,"Exit_Zone",3
1438.408,"Info","Arena",4,"Enter_Zone",4
1438.915,"Info","Arena",6,"Exit_Zone",4
1438.915,"Info","Arena",6,"Enter_Zone",1
1439.310,"Info","Arena",8,"Exit_Zone",3
1439.310,"Info","Arena",8,"Enter_Zone",4
1439.522,"Info","Arena",4,"Exit_Zone",4
1439.522,"Info","Arena",4,"Enter_Zone",1
1439.659,"Info","Arena",1,"Exit_Zone",1
1439.659,"Info","Arena",1,"Enter_Zone",4
1439.934,"Info","Arena",8,"Exit_Zone",4
1439.934,"Info","Arena",8,"Enter_Zone",2
1440.036,"Info","Arena",7,"Exit_Zone",2
1440.036,"Info","Arena",7,"Enter_Zone",1
1440.072,"Info","Arena",7,"Exit_Zone",1
1440.072,"Info","Arena",7,"Enter_Zone",2
1440.219,"Info","Arena",1,"Exit_Zone",4
1440.219,"Info","Arena",1,"Enter_Zone",3
1440.321,"Info","Arena",7,"Exit_Zone",2
1440.321,"Info","Arena",7,"Enter_Zone",1
1440.358,"Info","Arena",1,"Exit_Zone",3
1440.358,"Info","Arena",1,"Enter_Zone",4
1440.358,"Info","Arena",7,"Exit_Zone",1
1440.358,"Info","Arena",7,"Enter_Zone",2
1440.704,"Info","Arena",3,"Exit_Zone",3
1440.704,"Info","Arena",3,"Enter_Zone",4
1441.102,"Info","Arena",1,"Exit_Zone",4
1441.102,"Info","Arena",1,"Enter_Zone",3
1441.332,"Info","Arena",5,"Exit_Zone",1
1441.332,"Info","Arena",5,"Enter_Zone",4
1441.690,"Info","Arena",5,"Exit_Zone",4
1441.690,"Info","Arena",5,"Enter_Zone",2
1441.903,"Info","Arena",3,"Exit_Zone",4
1441.903,"Info","Arena",3,"Enter_Zone",1
1443.001,"Info","Arena",7,"Exit_Zone",2
1443.001,"Info","Arena",7,"Enter_Zone",1
1443.069,"Info","Arena",7,"Exit_Zone",1
1443.069,"Info","Arena",7,"Enter_Zone",2
1443.393,"Info","Arena",1,"Exit_Zone",3
1443.393,"Info","Arena",1,"Enter_Zone",4
1443.672,"Info","Arena",1,"Exit_Zone",4
1443.672,"Info","Arena",1,"Enter_Zone",2
1444.066,"Info","Arena",2,"Exit_Zone",2
1444.066,"Info","Arena",2,"Enter_Zone",3
1444.248,"Info","Arena",6,"Exit_Zone",1
1444.248,"Info","Arena",6,"Enter_Zone",4
1444.625,"Info","Arena",4,"Exit_Zone",1
1444.625,"Info","Arena",4,"Enter_Zone",4
1444.625,"Info","Arena",7,"Exit_Zone",2
1444.625,"Info","Arena",7,"Enter_Zone",1
1444.694,"Info","Arena",7,"Exit_Zone",1
1444.694,"Info","Arena",7,"Enter_Zone",2
1444.830,"Info","Arena",6,"Exit_Zone",4
1444.830,"Info","Arena",6,"Enter_Zone",3
1444.970,"Info","Arena",2,"Exit_Zone",3
1444.970,"Info","Arena",2,"Enter_Zone",2
1445.286,"Info","Arena",2,"Exit_Zone",2
1445.286,"Info","Arena",2,"Enter_Zone",3
1445.417,"Info","Arena",8,"Exit_Zone",2
1445.417,"Info","Arena",8,"Enter_Zone",4
1445.573,"Info","Arena",7,"Exit_Zone",2
1445.573,"Info","Arena",7,"Enter_Zone",1
1445.638,"Info","Arena",7,"Exit_Zone",1
1445.638,"Info","Arena",7,"Enter_Zone",2
1445.864,"Info","Arena",2,"Exit_Zone",3
1445.864,"Info","Arena",2,"Enter_Zone",2
1446.124,"Info","Arena",2,"Exit_Zone",2
1446.124,"Info","Arena",2,"Enter_Zone",3
1446.233,"Info","Arena",8,"Exit_Zone",4
1446.233,"Info","Arena",8,"Enter_Zone",3
1446.629,"Info","Arena",2,"Exit_Zone",3
1446.629,"Info","Arena",2,"Enter_Zone",2
1446.895,"Info","Arena",2,"Exit_Zone",2
1446.895,"Info","Arena",2,"Enter_Zone",3
1447.488,"Info","Arena",7,"Exit_Zone",2
1447.488,"Info","Arena",7,"Enter_Zone",1
1447.551,"Info","Arena",7,"Exit_Zone",1
1447.551,"Info","Arena",7,"Enter_Zone",2
1447.616,"Info","Arena",7,"Exit_Zone",2
1447.616,"Info","Arena",7,"Enter_Zone",1
1447.833,"Info","Arena",7,"Exit_Zone",1
1447.833,"Info","Arena",7,"Enter_Zone",2
1448.120,"Info","Arena",4,"Exit_Zone",4
1448.120,"Info","Arena",4,"Enter_Zone",2
1448.319,"Info","Arena",5,"Exit_Zone",2
1448.319,"Info","Arena",5,"Enter_Zone",4
1448.319,"Info","Arena",7,"Exit_Zone",2
1448.319,"Info","Arena",7,"Enter_Zone",1
1448.349,"Info","Arena",7,"Exit_Zone",1
1448.349,"Info","Arena",7,"Enter_Zone",2
1448.681,"Info","Arena",2,"Exit_Zone",3
1448.681,"Info","Arena",2,"Enter_Zone",2
1448.881,"Info","Arena",5,"Exit_Zone",4
1448.881,"Info","Arena",5,"Enter_Zone",3
1450.258,"Info","Arena",3,"Exit_Zone",1
1450.258,"Info","Arena",3,"Enter_Zone",4
1450.554,"Info","Arena",7,"Exit_Zone",2
1450.554,"Info","Arena",7,"Enter_Zone",1
1450.586,"Info","Arena",7,"Exit_Zone",1
1450.586,"Info","Arena",7,"Enter_Zone",2
1450.619,"Info","Arena",6,"Exit_Zone",3
1450.619,"Info","Arena",6,"Enter_Zone",4
1450.783,"Info","Arena",1,"Exit_Zone",2
1450.783,"Info","Arena",1,"Enter_Zone",4
1450.847,"Info","Arena",3,"Exit_Zone",4
1450.847,"Info","Arena",3,"Enter_Zone",3
1450.947,"Info","Arena",3,"Exit_Zone",3
1450.947,"Info","Arena",3,"Enter_Zone",4
1450.980,"Info","Arena",1,"Exit_Zone",4
1450.980,"Info","Arena",1,"Enter_Zone",3
1451.287,"Info","Arena",3,"Exit_Zone",4
1451.287,"Info","Arena",3,"Enter_Zone",1
1451.451,"Info","Arena",6,"Exit_Zone",4
1451.451,"Info","Arena",6,"Enter_Zone",2
1451.484,"Info","Arena",1,"Exit_Zone",3
1451.484,"Info","Arena",1,"Enter_Zone",4
1451.551,"Info","Arena",1,"Exit_Zone",4
1451.551,"Info","Arena",1,"Enter_Zone",3
1453.282,"Info","Arena",5,"Exit_Zone",3
1453.282,"Info","Arena",5,"Enter_Zone",4
1453.314,"Info","Arena",2,"Exit_Zone",2
1453.314,"Info","Arena",2,"Enter_Zone",3
1453.380,"Info","Arena",8,"Exit_Zone",3
1453.380,"Info","Arena",8,"Enter_Zone",4
1453.446,"Info","Arena",2,"Exit_Zone",3
1453.446,"Info","Arena",2,"Enter_Zone",2
1453.513,"Info","Arena",7,"Exit_Zone",2
1453.513,"Info","Arena",7,"Enter_Zone",1
1453.646,"Info","Arena",7,"Exit_Zone",1
1453.646,"Info","Arena",7,"Enter_Zone",2
1453.957,"Info","Arena",5,"Exit_Zone",4
1453.957,"Info","Arena",5,"Enter_Zone",1
1453.957,"Info","Arena",8,"Exit_Zone",4
1453.957,"Info","Arena",8,"Enter_Zone",2
1454.064,"Info","Arena",7,"Exit_Zone",2
1454.064,"Info","Arena",7,"Enter_Zone",4
1454.139,"Info","Arena",7,"Exit_Zone",4
1454.139,"Info","Arena",7,"Enter_Zone",1
1454.401,"Info","Arena",1,"Exit_Zone",3
1454.401,"Info","Arena",1,"Enter_Zone",4
1454.728,"Info","Arena",1,"Exit_Zone",4
1454.728,"Info","Arena",1,"Enter_Zone",2
1455.076,"Info","Arena",6,"Exit_Zone",2
1455.076,"Info","Arena",6,"Enter_Zone",4
1455.746,"Info","Arena",6,"Exit_Zone",4
1455.746,"Info","Arena",6,"Enter_Zone",1
1456.313,"Info","Arena",8,"Exit_Zone",2
1456.313,"Info","Arena",8,"Enter_Zone",4
1456.384,"Info","Arena",2,"Exit_Zone",2
1456.384,"Info","Arena",2,"Enter_Zone",3
1456.622,"Info","Arena",2,"Exit_Zone",3
1456.622,"Info","Arena",2,"Enter_Zone",2
1456.722,"Info","Arena",8,"Exit_Zone",4
1456.722,"Info","Arena",8,"Enter_Zone",1
1457.700,"Info","Arena",2,"Exit_Zone",2
1457.700,"Info","Arena",2,"Enter_Zone",4
1458.014,"Info","Arena",2,"Exit_Zone",4
1458.014,"Info","Arena",2,"Enter_Zone",3
1459.256,"Info","Arena",1,"Exit_Zone",2
1459.256,"Info","Arena",1,"Enter_Zone",4
1459.355,"Info","Arena",4,"Exit_Zone",2
1459.355,"Info","Arena",4,"Enter_Zone",4
1459.457,"Info","Arena",1,"Exit_Zone",4
1459.457,"Info","Arena",1,"Enter_Zone",3
1459.820,"Info","Arena",6,"Exit_Zone",1
1459.820,"Info","Arena",6,"Enter_Zone",4
1459.920,"Info","Arena",4,"Exit_Zone",4
1459.920,"Info","Arena",4,"Enter_Zone",3
1460.297,"Info","Arena",5,"Exit_Zone",1
1460.297,"Info","Arena",5,"Enter_Zone",4
1460.466,"Info","Arena",5,"Exit_Zone",4
1460.466,"Info","Arena",5,"Enter_Zone",2
1460.737,"Info","Arena",6,"Exit_Zone",4
1460.737,"Info","Arena",6,"Enter_Zone",3
1460.737,"Info","Arena",8,"Exit_Zone",1
1460.737,"Info","Arena",8,"Enter_Zone",4
1461.343,"Info","Arena",8,"Exit_Zone",4
1461.343,"Info","Arena",8,"Enter_Zone",3
1463.179,"Info","Arena",1,"Exit_Zone",3
1463.179,"Info","Arena",1,"Enter_Zone",4
1463.312,"Info","Arena",1,"Exit_Zone",4
1463.312,"Info","Arena",1,"Enter_Zone",2
1464.913,"Info","Arena",4,"Exit_Zone",3
1464.913,"Info","Arena",4,"Enter_Zone",4
1464.947,"Info","Arena",7,"Exit_Zone",1
1464.947,"Info","Arena",7,"Enter_Zone",4
1464.981,"Info","Arena",2,"Exit_Zone",3
1464.981,"Info","Arena",2,"Enter_Zone",4
1465.150,"Info","Arena",7,"Exit_Zone",4
1465.150,"Info","Arena",7,"Enter_Zone",3
1465.395,"Info","Arena",2,"Exit_Zone",4
1465.395,"Info","Arena",2,"Enter_Zone",2
1465.638,"Info","Arena",7,"Exit_Zone",3
1465.638,"Info","Arena",7,"Enter_Zone",1
1465.735,"Info","Arena",7,"Exit_Zone",1
1465.735,"Info","Arena",7,"Enter_Zone",3
1465.836,"Info","Arena",6,"Exit_Zone",3
1465.836,"Info","Arena",6,"Enter_Zone",4
1466.502,"Info","Arena",6,"Exit_Zone",4
1466.502,"Info","Arena",6,"Enter_Zone",2
1466.533,"Info","Arena",8,"Exit_Zone",3
1466.533,"Info","Arena",8,"Enter_Zone",4
1466.598,"Info","Arena",2,"Exit_Zone",2
1466.598,"Info","Arena",2,"Enter_Zone",3
1466.660,"Info","Arena",2,"Exit_Zone",3
1466.660,"Info","Arena",2,"Enter_Zone",2
1466.888,"Info","Arena",2,"Exit_Zone",2
1466.888,"Info","Arena",2,"Enter_Zone",3
1466.983,"Info","Arena",2,"Exit_Zone",3
1466.983,"Info","Arena",2,"Enter_Zone",2
1467.018,"Info","Arena",2,"Exit_Zone",2
1467.018,"Info","Arena",2,"Enter_Zone",3
1467.179,"Info","Arena",2,"Exit_Zone",3
1467.179,"Info","Arena",2,"Enter_Zone",2
1467.686,"Info","Arena",8,"Exit_Zone",4
1467.686,"Info","Arena",8,"Enter_Zone",2
1467.953,"Info","Arena",7,"Exit_Zone",3
1467.953,"Info","Arena",7,"Enter_Zone",1
1467.985,"Info","Arena",7,"Exit_Zone",1
1467.985,"Info","Arena",7,"Enter_Zone",3
1468.183,"Info","Arena",4,"Exit_Zone",4
1468.183,"Info","Arena",4,"Enter_Zone",1
1468.759,"Info","Arena",2,"Exit_Zone",2
1468.759,"Info","Arena",2,"Enter_Zone",4
1468.790,"Info","Arena",7,"Exit_Zone",3
1468.790,"Info","Arena",7,"Enter_Zone",1
1468.921,"Info","Arena",7,"Exit_Zone",1
1468.921,"Info","Arena",7,"Enter_Zone",3
1469.156,"Info","Arena",2,"Exit_Zone",4
1469.156,"Info","Arena",2,"Enter_Zone",3
1470.619,"Info","Arena",3,"Exit_Zone",1
1470.619,"Info","Arena",3,"Enter_Zone",4
1470.849,"Info","Arena",6,"Exit_Zone",2
1470.849,"Info","Arena",6,"Enter_Zone",4
1471.156,"Info","Arena",3,"Exit_Zone",4
1471.156,"Info","Arena",3,"Enter_Zone",2
1471.447,"Info","Arena",7,"Exit_Zone",3
1471.447,"Info","Arena",7,"Enter_Zone",1
1471.548,"Info","Arena",7,"Exit_Zone",1
1471.548,"Info","Arena",7,"Enter_Zone",3
1471.587,"Info","Arena",8,"Exit_Zone",2
1471.587,"Info","Arena",8,"Enter_Zone",4
1471.691,"Info","Arena",4,"Exit_Zone",1
1471.691,"Info","Arena",4,"Enter_Zone",4
1471.691,"Info","Arena",6,"Exit_Zone",4
1471.691,"Info","Arena",6,"Enter_Zone",1
1471.834,"Info","Arena",5,"Exit_Zone",2
1471.834,"Info","Arena",5,"Enter_Zone",4
1471.834,"Info","Arena",7,"Exit_Zone",3
1471.834,"Info","Arena",7,"Enter_Zone",1
1471.938,"Info","Arena",7,"Exit_Zone",1
1471.938,"Info","Arena",7,"Enter_Zone",3
1472.286,"Info","Arena",5,"Exit_Zone",4
1472.286,"Info","Arena",5,"Enter_Zone",3
1472.320,"Info","Arena",8,"Exit_Zone",4
1472.320,"Info","Arena",8,"Enter_Zone",3
1473.410,"Info","Arena",7,"Exit_Zone",3
1473.410,"Info","Arena",7,"Enter_Zone",1
1473.536,"Info","Arena",7,"Exit_Zone",1
1473.536,"Info","Arena",7,"Enter_Zone",3
1473.599,"Info","Arena",7,"Exit_Zone",3
1473.599,"Info","Arena",7,"Enter_Zone",1
1473.633,"Info","Arena",7,"Exit_Zone",1
1473.633,"Info","Arena",7,"Enter_Zone",3
1473.930,"Info","Arena",4,"Exit_Zone",4
1473.930,"Info","Arena",4,"Enter_Zone",3
1474.578,"Info","Arena",7,"Exit_Zone",3
1474.578,"Info","Arena",7,"Enter_Zone",1
1474.745,"Info","Arena",7,"Exit_Zone",1
1474.745,"Info","Arena",7,"Enter_Zone",3
1474.978,"Info","Arena",7,"Exit_Zone",3
1474.978,"Info","Arena",7,"Enter_Zone",1
1475.045,"Info","Arena",7,"Exit_Zone",1
1475.045,"Info","Arena",7,"Enter_Zone",3
1475.279,"Info","Arena",7,"Exit_Zone",3
1475.279,"Info","Arena",7,"Enter_Zone",4
1475.346,"Info","Arena",7,"Exit_Zone",4
1475.346,"Info","Arena",7,"Enter_Zone",1
1475.412,"Info","Arena",7,"Exit_Zone",1
1475.412,"Info","Arena",7,"Enter_Zone",2
1476.394,"Info","Arena",1,"Exit_Zone",2
1476.394,"Info","Arena",1,"Enter_Zone",4
1476.563,"Info","Arena",6,"Exit_Zone",1
1476.563,"Info","Arena",6,"Enter_Zone",4
1476.668,"Info","Arena",1,"Exit_Zone",4
1476.668,"Info","Arena",1,"Enter_Zone",3
1476.915,"Info","Arena",5,"Exit_Zone",3
1476.915,"Info","Arena",5,"Enter_Zone",4
1476.915,"Info","Arena",7,"Exit_Zone",2
1476.915,"Info","Arena",7,"Enter_Zone",1
1477.022,"Info","Arena",7,"Exit_Zone",1
1477.022,"Info","Arena",7,"Enter_Zone",2
1477.396,"Info","Arena",7,"Exit_Zone",2
1477.396,"Info","Arena",7,"Enter_Zone",1
1477.428,"Info","Arena",7,"Exit_Zone",1
1477.428,"Info","Arena",7,"Enter_Zone",2
1477.535,"Info","Arena",5,"Exit_Zone",4
1477.535,"Info","Arena",5,"Enter_Zone",2
1477.978,"Info","Arena",7,"Exit_Zone",2
1477.978,"Info","Arena",7,"Enter_Zone",1
1478.042,"Info","Arena",6,"Exit_Zone",4
1478.042,"Info","Arena",6,"Enter_Zone",3
1478.076,"Info","Arena",7,"Exit_Zone",1
1478.076,"Info","Arena",7,"Enter_Zone",2
1479.646,"Info","Arena",2,"Exit_Zone",3
1479.646,"Info","Arena",2,"Enter_Zone",4
1479.744,"Info","Arena",2,"Exit_Zone",4
1479.744,"Info","Arena",2,"Enter_Zone",2
1480.095,"Info","Arena",7,"Exit_Zone",2
1480.095,"Info","Arena",7,"Enter_Zone",1
1480.347,"Info","Arena",7,"Exit_Zone",1
1480.347,"Info","Arena",7,"Enter_Zone",2
1480.724,"Info","Arena",7,"Exit_Zone",2
1480.724,"Info","Arena",7,"Enter_Zone",1
1480.928,"Info","Arena",7,"Exit_Zone",1
1480.928,"Info","Arena",7,"Enter_Zone",2
1481.103,"Info","Arena",7,"Exit_Zone",2
1481.103,"Info","Arena",7,"Enter_Zone",1
1481.136,"Info","Arena",7,"Exit_Zone",1
1481.136,"Info","Arena",7,"Enter_Zone",2
1481.394,"Info","Arena",1,"Exit_Zone",3
1481.394,"Info","Arena",1,"Enter_Zone",4
1481.394,"Info","Arena",2,"Exit_Zone",2
1481.394,"Info","Arena",2,"Enter_Zone",4
1481.905,"Info","Arena",2,"Exit_Zone",4
1481.905,"Info","Arena",2,"Enter_Zone",3
1481.941,"Info","Arena",1,"Exit_Zone",4
1481.941,"Info","Arena",1,"Enter_Zone",2
1482.225,"Info","Arena",7,"Exit_Zone",2
1482.225,"Info","Arena",7,"Enter_Zone",1
1482.363,"Info","Arena",7,"Exit_Zone",1
1482.363,"Info","Arena",7,"Enter_Zone",2
1482.569,"Info","Arena",7,"Exit_Zone",2
1482.569,"Info","Arena",7,"Enter_Zone",1
1482.602,"Info","Arena",7,"Exit_Zone",1
1482.602,"Info","Arena",7,"Enter_Zone",2
1483.860,"Info","Arena",7,"Exit_Zone",2
1483.860,"Info","Arena",7,"Enter_Zone",1
1483.922,"Info","Arena",7,"Exit_Zone",1
1483.922,"Info","Arena",7,"Enter_Zone",2
1484.296,"Info","Arena",6,"Exit_Zone",3
1484.296,"Info","Arena",6,"Enter_Zone",4
1484.690,"Info","Arena",7,"Exit_Zone",2
1484.690,"Info","Arena",7,"Enter_Zone",1
1484.755,"Info","Arena",7,"Exit_Zone",1
1484.755,"Info","Arena",7,"Enter_Zone",2
1484.993,"Info","Arena",7,"Exit_Zone",2
1484.993,"Info","Arena",7,"Enter_Zone",1
1485.058,"Info","Arena",7,"Exit_Zone",1
1485.058,"Info","Arena",7,"Enter_Zone",2
1485.196,"Info","Arena",6,"Exit_Zone",4
1485.196,"Info","Arena",6,"Enter_Zone",3
1485.724,"Info","Arena",5,"Exit_Zone",2
1485.724,"Info","Arena",5,"Enter_Zone",4
1485.887,"Info","Arena",5,"Exit_Zone",4
1485.887,"Info","Arena",5,"Enter_Zone",1
1486.187,"Info","Arena",7,"Exit_Zone",2
1486.187,"Info","Arena",7,"Enter_Zone",1
1486.293,"Info","Arena",4,"Exit_Zone",3
1486.293,"Info","Arena",4,"Enter_Zone",4
1486.293,"Info","Arena",7,"Exit_Zone",1
1486.293,"Info","Arena",7,"Enter_Zone",2
1486.914,"Info","Arena",3,"Exit_Zone",2
1486.914,"Info","Arena",3,"Enter_Zone",4
1486.987,"Info","Arena",3,"Exit_Zone",4
1486.987,"Info","Arena",3,"Enter_Zone",2
1487.093,"Info","Arena",1,"Exit_Zone",2
1487.093,"Info","Arena",1,"Enter_Zone",4
1487.281,"Info","Arena",1,"Exit_Zone",4
1487.281,"Info","Arena",1,"Enter_Zone",3
1487.281,"Info","Arena",8,"Exit_Zone",3
1487.281,"Info","Arena",8,"Enter_Zone",4
1487.698,"Info","Arena",7,"Exit_Zone",2
1487.698,"Info","Arena",7,"Enter_Zone",1
1487.735,"Info","Arena",4,"Exit_Zone",4
1487.735,"Info","Arena",4,"Enter_Zone",1
1487.834,"Info","Arena",7,"Exit_Zone",1
1487.834,"Info","Arena",7,"Enter_Zone",2
1487.834,"Info","Arena",8,"Exit_Zone",4
1487.834,"Info","Arena",8,"Enter_Zone",3
1487.903,"Info","Arena",3,"Exit_Zone",2
1487.903,"Info","Arena",3,"Enter_Zone",4
1488.076,"Info","Arena",7,"Exit_Zone",2
1488.076,"Info","Arena",7,"Enter_Zone",1
1488.141,"Info","Arena",7,"Exit_Zone",1
1488.141,"Info","Arena",7,"Enter_Zone",2
1488.289,"Info","Arena",7,"Exit_Zone",2
1488.289,"Info","Arena",7,"Enter_Zone",4
1488.358,"Info","Arena",7,"Exit_Zone",4
1488.358,"Info","Arena",7,"Enter_Zone",1
1488.462,"Info","Arena",3,"Exit_Zone",4
1488.462,"Info","Arena",3,"Enter_Zone",1
1488.915,"Info","Arena",2,"Exit_Zone",3
1488.915,"Info","Arena",2,"Enter_Zone",4
1489.910,"Info","Arena",2,"Exit_Zone",4
1489.910,"Info","Arena",2,"Enter_Zone",1
1490.416,"Info","Arena",6,"Exit_Zone",3
1490.416,"Info","Arena",6,"Enter_Zone",4
1490.546,"Info","Arena",4,"Exit_Zone",1
1490.546,"Info","Arena",4,"Enter_Zone",4
1490.993,"Info","Arena",4,"Exit_Zone",4
1490.993,"Info","Arena",4,"Enter_Zone",2
1491.454,"Info","Arena",7,"Exit_Zone",1
1491.454,"Info","Arena",7,"Enter_Zone",4
1491.490,"Info","Arena",5,"Exit_Zone",1
1491.490,"Info","Arena",5,"Enter_Zone",4
1491.560,"Info","Arena",7,"Exit_Zone",4
1491.560,"Info","Arena",7,"Enter_Zone",2
1491.593,"Info","Arena",6,"Exit_Zone",4
1491.593,"Info","Arena",6,"Enter_Zone",1
1491.664,"Info","Arena",7,"Exit_Zone",2
1491.664,"Info","Arena",7,"Enter_Zone",1
1491.732,"Info","Arena",6,"Exit_Zone",1
1491.732,"Info","Arena",6,"Enter_Zone",4
1491.732,"Info","Arena",7,"Exit_Zone",1
1491.732,"Info","Arena",7,"Enter_Zone",2
1491.911,"Info","Arena",5,"Exit_Zone",4
1491.911,"Info","Arena",5,"Enter_Zone",3
1492.048,"Info","Arena",7,"Exit_Zone",2
1492.048,"Info","Arena",7,"Enter_Zone",1
1492.262,"Info","Arena",6,"Exit_Zone",4
1492.262,"Info","Arena",6,"Enter_Zone",3
1492.358,"Info","Arena",7,"Exit_Zone",1
1492.358,"Info","Arena",7,"Enter_Zone",2
1492.461,"Info","Arena",1,"Exit_Zone",3
1492.461,"Info","Arena",1,"Enter_Zone",4
1492.670,"Info","Arena",3,"Exit_Zone",1
1492.670,"Info","Arena",3,"Enter_Zone",4
1492.948,"Info","Arena",1,"Exit_Zone",4
1492.948,"Info","Arena",1,"Enter_Zone",2
1493.086,"Info","Arena",3,"Exit_Zone",4
1493.086,"Info","Arena",3,"Enter_Zone",2
1493.305,"Info","Arena",1,"Exit_Zone",2
1493.305,"Info","Arena",1,"Enter_Zone",4
1493.442,"Info","Arena",2,"Exit_Zone",1
1493.442,"Info","Arena",2,"Enter_Zone",4
1493.644,"Info","Arena",7,"Exit_Zone",2
1493.644,"Info","Arena",7,"Enter_Zone",1
1493.676,"Info","Arena",7,"Exit_Zone",1
1493.676,"Info","Arena",7,"Enter_Zone",2
1493.779,"Info","Arena",7,"Exit_Zone",2
1493.779,"Info","Arena",7,"Enter_Zone",1
1493.814,"Info","Arena",5,"Exit_Zone",3
1493.814,"Info","Arena",5,"Enter_Zone",4
1493.849,"Info","Arena",2,"Exit_Zone",4
1493.849,"Info","Arena",2,"Enter_Zone",3
1493.849,"Info","Arena",7,"Exit_Zone",1
1493.849,"Info","Arena",7,"Enter_Zone",2
1494.127,"Info","Arena",7,"Exit_Zone",2
1494.127,"Info","Arena",7,"Enter_Zone",1
1494.306,"Info","Arena",7,"Exit_Zone",1
1494.306,"Info","Arena",7,"Enter_Zone",2
1494.377,"Info","Arena",7,"Exit_Zone",2
1494.377,"Info","Arena",7,"Enter_Zone",1
1494.444,"Info","Arena",7,"Exit_Zone",1
1494.444,"Info","Arena",7,"Enter_Zone",2
1495.252,"Info","Arena",1,"Exit_Zone",4
1495.252,"Info","Arena",1,"Enter_Zone",3
1495.352,"Info","Arena",5,"Exit_Zone",4
1495.352,"Info","Arena",5,"Enter_Zone",2
1496.021,"Info","Arena",7,"Exit_Zone",2
1496.021,"Info","Arena",7,"Enter_Zone",1
1496.049,"Info","Arena",7,"Exit_Zone",1
1496.049,"Info","Arena",7,"Enter_Zone",2
1496.222,"Info","Arena",7,"Exit_Zone",2
1496.222,"Info","Arena",7,"Enter_Zone",1
1496.282,"Info","Arena",7,"Exit_Zone",1
1496.282,"Info","Arena",7,"Enter_Zone",2
1496.376,"Info","Arena",4,"Exit_Zone",2
1496.376,"Info","Arena",4,"Enter_Zone",4
1496.410,"Info","Arena",7,"Exit_Zone",2
1496.410,"Info","Arena",7,"Enter_Zone",1
1496.470,"Info","Arena",7,"Exit_Zone",1
1496.470,"Info","Arena",7,"Enter_Zone",2
1496.560,"Info","Arena",7,"Exit_Zone",2
1496.560,"Info","Arena",7,"Enter_Zone",1
1496.625,"Info","Arena",7,"Exit_Zone",1
1496.625,"Info","Arena",7,"Enter_Zone",2
1497.443,"Info","Arena",7,"Exit_Zone",2
1497.443,"Info","Arena",7,"Enter_Zone",1
1497.477,"Info","Arena",7,"Exit_Zone",1
1497.477,"Info","Arena",7,"Enter_Zone",2
1497.610,"Info","Arena",4,"Exit_Zone",4
1497.610,"Info","Arena",4,"Enter_Zone",3
1498.111,"Info","Arena",6,"Exit_Zone",3
1498.111,"Info","Arena",6,"Enter_Zone",4
1498.324,"Info","Arena",7,"Exit_Zone",2
1498.324,"Info","Arena",7,"Enter_Zone",1
1498.393,"Info","Arena",7,"Exit_Zone",1
1498.393,"Info","Arena",7,"Enter_Zone",2
1498.637,"Info","Arena",7,"Exit_Zone",2
1498.637,"Info","Arena",7,"Enter_Zone",1
1498.672,"Info","Arena",2,"Exit_Zone",3
1498.672,"Info","Arena",2,"Enter_Zone",4
1498.814,"Info","Arena",7,"Exit_Zone",1
1498.814,"Info","Arena",7,"Enter_Zone",2
1498.924,"Info","Arena",6,"Exit_Zone",4
1498.924,"Info","Arena",6,"Enter_Zone",1
1498.965,"Info","Arena",2,"Exit_Zone",4
1498.965,"Info","Arena",2,"Enter_Zone",2
1499.325,"Info","Arena",7,"Exit_Zone",2
1499.325,"Info","Arena",7,"Enter_Zone",4
1499.480,"Info","Arena",8,"Exit_Zone",3
1499.480,"Info","Arena",8,"Enter_Zone",4
1499.519,"Info","Arena",1,"Exit_Zone",3
1499.519,"Info","Arena",1,"Enter_Zone",4
1499.519,"Info","Arena",7,"Exit_Zone",4
1499.519,"Info","Arena",7,"Enter_Zone",1
1499.706,"Info","Arena",5,"Exit_Zone",2
1499.706,"Info","Arena",5,"Enter_Zone",4
1499.781,"Info","Arena",1,"Exit_Zone",4
1499.781,"Info","Arena",1,"Enter_Zone",1
1499.856,"Info","Arena",8,"Exit_Zone",4
1499.856,"Info","Arena",8,"Enter_Zone",1
1500.148,"Info","Arena",2,"Exit_Zone",2
1500.148,"Info","Arena",2,"Enter_Zone",3
1500.182,"Info","Arena",2,"Exit_Zone",3
1500.182,"Info","Arena",2,"Enter_Zone",2
1500.701,"Info","Arena",5,"Exit_Zone",4
1500.701,"Info","Arena",5,"Enter_Zone",1
1500.973,"Info","Arena",8,"Exit_Zone",1
1500.973,"Info","Arena",8,"Enter_Zone",4
1501.685,"Info","Arena",2,"Exit_Zone",2
1501.685,"Info","Arena",2,"Enter_Zone",3
1501.854,"Info","Arena",2,"Exit_Zone",3
1501.854,"Info","Arena",2,"Enter_Zone",2
1501.890,"Info","Arena",8,"Exit_Zone",4
1501.890,"Info","Arena",8,"Enter_Zone",3
1502.838,"Info","Arena",2,"Exit_Zone",2
1502.838,"Info","Arena",2,"Enter_Zone",4
1502.907,"Info","Arena",2,"Exit_Zone",4
1502.907,"Info","Arena",2,"Enter_Zone",3
1503.432,"Info","Arena",6,"Exit_Zone",1
1503.432,"Info","Arena",6,"Enter_Zone",4
1503.935,"Info","Arena",6,"Exit_Zone",4
1503.935,"Info","Arena",6,"Enter_Zone",2
1505.505,"Info","Arena",5,"Exit_Zone",1
1505.505,"Info","Arena",5,"Enter_Zone",4
1506.068,"Info","Arena",2,"Exit_Zone",3
1506.068,"Info","Arena",2,"Enter_Zone",4
1506.274,"Info","Arena",2,"Exit_Zone",4
1506.274,"Info","Arena",2,"Enter_Zone",2
1506.437,"Info","Arena",5,"Exit_Zone",4
1506.437,"Info","Arena",5,"Enter_Zone",3
1507.072,"Info","Arena",2,"Exit_Zone",2
1507.072,"Info","Arena",2,"Enter_Zone",3
1507.106,"Info","Arena",8,"Exit_Zone",3
1507.106,"Info","Arena",8,"Enter_Zone",4
1507.138,"Info","Arena",1,"Exit_Zone",1
1507.138,"Info","Arena",1,"Enter_Zone",4
1507.138,"Info","Arena",2,"Exit_Zone",3
1507.138,"Info","Arena",2,"Enter_Zone",2
1507.316,"Info","Arena",1,"Exit_Zone",4
1507.316,"Info","Arena",1,"Enter_Zone",2
1507.456,"Info","Arena",8,"Exit_Zone",4
1507.456,"Info","Arena",8,"Enter_Zone",1
1508.107,"Info","Arena",4,"Exit_Zone",3
1508.107,"Info","Arena",4,"Enter_Zone",4
1508.427,"Info","Arena",6,"Exit_Zone",2
1508.427,"Info","Arena",6,"Enter_Zone",4
1508.955,"Info","Arena",4,"Exit_Zone",4
1508.955,"Info","Arena",4,"Enter_Zone",1
1509.277,"Info","Arena",6,"Exit_Zone",4
1509.277,"Info","Arena",6,"Enter_Zone",1
1509.547,"Info","Arena",2,"Exit_Zone",2
1509.547,"Info","Arena",2,"Enter_Zone",4
1509.547,"Info","Arena",3,"Exit_Zone",2
1509.547,"Info","Arena",3,"Enter_Zone",4
1509.938,"Info","Arena",2,"Exit_Zone",4
1509.938,"Info","Arena",2,"Enter_Zone",1
1511.286,"Info","Arena",8,"Exit_Zone",1
1511.286,"Info","Arena",8,"Enter_Zone",4
1511.809,"Info","Arena",3,"Exit_Zone",4
1511.809,"Info","Arena",3,"Enter_Zone",1
1512.009,"Info","Arena",8,"Exit_Zone",4
1512.009,"Info","Arena",8,"Enter_Zone",3
1512.385,"Info","Arena",4,"Exit_Zone",1
1512.385,"Info","Arena",4,"Enter_Zone",4
1513.071,"Info","Arena",4,"Exit_Zone",4
1513.071,"Info","Arena",4,"Enter_Zone",2
1513.769,"Info","Arena",5,"Exit_Zone",3
1513.769,"Info","Arena",5,"Enter_Zone",4
1514.265,"Info","Arena",6,"Exit_Zone",1
1514.265,"Info","Arena",6,"Enter_Zone",4
1514.334,"Info","Arena",5,"Exit_Zone",4
1514.334,"Info","Arena",5,"Enter_Zone",1
1514.832,"Info","Arena",8,"Exit_Zone",3
1514.832,"Info","Arena",8,"Enter_Zone",4
1514.901,"Info","Arena",2,"Exit_Zone",1
1514.901,"Info","Arena",2,"Enter_Zone",4
1515.003,"Info","Arena",6,"Exit_Zone",4
1515.003,"Info","Arena",6,"Enter_Zone",3
1515.070,"Info","Arena",2,"Exit_Zone",4
1515.070,"Info","Arena",2,"Enter_Zone",3
1515.219,"Info","Arena",1,"Exit_Zone",2
1515.219,"Info","Arena",1,"Enter_Zone",4
1515.576,"Info","Arena",1,"Exit_Zone",4
1515.576,"Info","Arena",1,"Enter_Zone",3
1515.682,"Info","Arena",8,"Exit_Zone",4
1515.682,"Info","Arena",8,"Enter_Zone",2
1517.980,"Info","Arena",3,"Exit_Zone",1
1517.980,"Info","Arena",3,"Enter_Zone",4
1518.188,"Info","Arena",3,"Exit_Zone",4
1518.188,"Info","Arena",3,"Enter_Zone",1
1518.230,"Info","Arena",3,"Exit_Zone",1
1518.230,"Info","Arena",3,"Enter_Zone",4
1518.262,"Info","Arena",3,"Exit_Zone",4
1518.262,"Info","Arena",3,"Enter_Zone",1
1518.298,"Info","Arena",3,"Exit_Zone",1
1518.298,"Info","Arena",3,"Enter_Zone",4
1518.365,"Info","Arena",3,"Exit_Zone",4
1518.365,"Info","Arena",3,"Enter_Zone",1
1519.490,"Info","Arena",5,"Exit_Zone",1
1519.490,"Info","Arena",5,"Enter_Zone",4
1519.996,"Info","Arena",3,"Exit_Zone",1
1519.996,"Info","Arena",3,"Enter_Zone",4
1520.254,"Info","Arena",8,"Exit_Zone",2
1520.254,"Info","Arena",8,"Enter_Zone",4
1520.290,"Info","Arena",5,"Exit_Zone",4
1520.290,"Info","Arena",5,"Enter_Zone",3
1520.434,"Info","Arena",3,"Exit_Zone",4
1520.434,"Info","Arena",3,"Enter_Zone",3
1520.434,"Info","Arena",8,"Exit_Zone",4
1520.434,"Info","Arena",8,"Enter_Zone",1
1520.979,"Info","Arena",1,"Exit_Zone",3
1520.979,"Info","Arena",1,"Enter_Zone",2
1521.050,"Info","Arena",1,"Exit_Zone",2
1521.050,"Info","Arena",1,"Enter_Zone",3
1521.088,"Info","Arena",1,"Exit_Zone",3
1521.088,"Info","Arena",1,"Enter_Zone",2
1521.161,"Info","Arena",1,"Exit_Zone",2
1521.161,"Info","Arena",1,"Enter_Zone",3
1521.315,"Info","Arena",6,"Exit_Zone",3
1521.315,"Info","Arena",6,"Enter_Zone",4
1522.328,"Info","Arena",2,"Exit_Zone",3
1522.328,"Info","Arena",2,"Enter_Zone",4
1522.693,"Info","Arena",6,"Exit_Zone",4
1522.693,"Info","Arena",6,"Enter_Zone",1
1522.926,"Info","Arena",2,"Exit_Zone",4
1522.926,"Info","Arena",2,"Enter_Zone",3
1523.530,"Info","Arena",4,"Exit_Zone",2
1523.530,"Info","Arena",4,"Enter_Zone",4
1524.307,"Info","Arena",1,"Exit_Zone",3
1524.307,"Info","Arena",1,"Enter_Zone",4
1524.376,"Info","Arena",4,"Exit_Zone",4
1524.376,"Info","Arena",4,"Enter_Zone",3
1524.594,"Info","Arena",1,"Exit_Zone",4
1524.594,"Info","Arena",1,"Enter_Zone",1
1525.061,"Info","Arena",8,"Exit_Zone",1
1525.061,"Info","Arena",8,"Enter_Zone",4
1525.501,"Info","Arena",7,"Exit_Zone",1
1525.501,"Info","Arena",7,"Enter_Zone",4
1525.860,"Info","Arena",7,"Exit_Zone",4
1525.860,"Info","Arena",7,"Enter_Zone",3
1526.040,"Info","Arena",8,"Exit_Zone",4
1526.040,"Info","Arena",8,"Enter_Zone",2
1526.150,"Info","Arena",8,"Exit_Zone",2
1526.150,"Info","Arena",8,"Enter_Zone",4
1526.491,"Info","Arena",4,"Exit_Zone",3
1526.491,"Info","Arena",4,"Enter_Zone",4
1526.532,"Info","Arena",8,"Exit_Zone",4
1526.532,"Info","Arena",8,"Enter_Zone",1
1526.984,"Info","Arena",1,"Exit_Zone",1
1526.984,"Info","Arena",1,"Enter_Zone",4
1527.135,"Info","Arena",4,"Exit_Zone",4
1527.135,"Info","Arena",4,"Enter_Zone",1
1527.296,"Info","Arena",1,"Exit_Zone",4
1527.296,"Info","Arena",1,"Enter_Zone",1
1527.874,"Info","Arena",7,"Exit_Zone",3
1527.874,"Info","Arena",7,"Enter_Zone",4
1527.910,"Info","Arena",5,"Exit_Zone",3
1527.910,"Info","Arena",5,"Enter_Zone",4
1528.717,"Info","Arena",7,"Exit_Zone",4
1528.717,"Info","Arena",7,"Enter_Zone",2
1528.750,"Info","Arena",5,"Exit_Zone",4
1528.750,"Info","Arena",5,"Enter_Zone",2
1529.332,"Info","Arena",6,"Exit_Zone",1
1529.332,"Info","Arena",6,"Enter_Zone",4
1529.754,"Info","Arena",7,"Exit_Zone",2
1529.754,"Info","Arena",7,"Enter_Zone",1
1529.786,"Info","Arena",6,"Exit_Zone",4
1529.786,"Info","Arena",6,"Enter_Zone",2
1529.820,"Info","Arena",7,"Exit_Zone",1
1529.820,"Info","Arena",7,"Enter_Zone",4
1529.994,"Info","Arena",7,"Exit_Zone",4
1529.994,"Info","Arena",7,"Enter_Zone",3
1530.640,"Info","Arena",8,"Exit_Zone",1
1530.640,"Info","Arena",8,"Enter_Zone",4
1530.851,"Info","Arena",7,"Exit_Zone",3
1530.851,"Info","Arena",7,"Enter_Zone",4
1530.888,"Info","Arena",7,"Exit_Zone",4
1530.888,"Info","Arena",7,"Enter_Zone",3
1531.143,"Info","Arena",4,"Exit_Zone",1
1531.143,"Info","Arena",4,"Enter_Zone",4
1531.402,"Info","Arena",8,"Exit_Zone",4
1531.402,"Info","Arena",8,"Enter_Zone",2
1531.471,"Info","Arena",7,"Exit_Zone",3
1531.471,"Info","Arena",7,"Enter_Zone",1
1531.501,"Info","Arena",7,"Exit_Zone",1
1531.501,"Info","Arena",7,"Enter_Zone",3
1531.987,"Info","Arena",1,"Exit_Zone",1
1531.987,"Info","Arena",1,"Enter_Zone",4
1532.132,"Info","Arena",1,"Exit_Zone",4
1532.132,"Info","Arena",1,"Enter_Zone",2
1532.246,"Info","Arena",4,"Exit_Zone",4
1532.246,"Info","Arena",4,"Enter_Zone",3
1532.551,"Info","Arena",7,"Exit_Zone",3
1532.551,"Info","Arena",7,"Enter_Zone",1
1532.652,"Info","Arena",7,"Exit_Zone",1
1532.652,"Info","Arena",7,"Enter_Zone",3
1533.350,"Info","Arena",7,"Exit_Zone",3
1533.350,"Info","Arena",7,"Enter_Zone",1
1533.550,"Info","Arena",7,"Exit_Zone",1
1533.550,"Info","Arena",7,"Enter_Zone",3
1533.656,"Info","Arena",7,"Exit_Zone",3
1533.656,"Info","Arena",7,"Enter_Zone",1
1533.688,"Info","Arena",5,"Exit_Zone",2
1533.688,"Info","Arena",5,"Enter_Zone",4
1533.792,"Info","Arena",7,"Exit_Zone",1
1533.792,"Info","Arena",7,"Enter_Zone",3
1534.037,"Info","Arena",5,"Exit_Zone",4
1534.037,"Info","Arena",5,"Enter_Zone",1
1534.796,"Info","Arena",7,"Exit_Zone",3
1534.796,"Info","Arena",7,"Enter_Zone",1
1535.008,"Info","Arena",7,"Exit_Zone",1
1535.008,"Info","Arena",7,"Enter_Zone",3
1535.150,"Info","Arena",6,"Exit_Zone",2
1535.150,"Info","Arena",6,"Enter_Zone",4
1535.235,"Info","Arena",7,"Exit_Zone",3
1535.235,"Info","Arena",7,"Enter_Zone",1
1535.307,"Info","Arena",7,"Exit_Zone",1
1535.307,"Info","Arena",7,"Enter_Zone",3
1535.739,"Info","Arena",6,"Exit_Zone",4
1535.739,"Info","Arena",6,"Enter_Zone",1
1535.919,"Info","Arena",7,"Exit_Zone",3
1535.919,"Info","Arena",7,"Enter_Zone",1
1535.954,"Info","Arena",7,"Exit_Zone",1
1535.954,"Info","Arena",7,"Enter_Zone",3
1536.096,"Info","Arena",7,"Exit_Zone",3
1536.096,"Info","Arena",7,"Enter_Zone",1
1536.200,"Info","Arena",7,"Exit_Zone",1
1536.200,"Info","Arena",7,"Enter_Zone",3
1536.278,"Info","Arena",8,"Exit_Zone",2
1536.278,"Info","Arena",8,"Enter_Zone",4
1537.041,"Info","Arena",7,"Exit_Zone",3
1537.041,"Info","Arena",7,"Enter_Zone",1
1537.184,"Info","Arena",5,"Exit_Zone",1
1537.184,"Info","Arena",5,"Enter_Zone",4
1537.231,"Info","Arena",7,"Exit_Zone",1
1537.231,"Info","Arena",7,"Enter_Zone",3
1537.380,"Info","Arena",7,"Exit_Zone",3
1537.380,"Info","Arena",7,"Enter_Zone",1
1537.453,"Info","Arena",5,"Exit_Zone",4
1537.453,"Info","Arena",5,"Enter_Zone",2
1537.527,"Info","Arena",7,"Exit_Zone",1
1537.527,"Info","Arena",7,"Enter_Zone",3
1537.714,"Info","Arena",7,"Exit_Zone",3
1537.714,"Info","Arena",7,"Enter_Zone",1
1537.966,"Info","Arena",4,"Exit_Zone",3
1537.966,"Info","Arena",4,"Enter_Zone",4
1537.966,"Info","Arena",7,"Exit_Zone",1
1537.966,"Info","Arena",7,"Enter_Zone",3
1538.432,"Info","Arena",7,"Exit_Zone",3
1538.432,"Info","Arena",7,"Enter_Zone",1
1538.533,"Info","Arena",4,"Exit_Zone",4
1538.533,"Info","Arena",4,"Enter_Zone",1
1538.594,"Info","Arena",7,"Exit_Zone",1
1538.594,"Info","Arena",7,"Enter_Zone",3
1538.971,"Info","Arena",7,"Exit_Zone",3
1538.971,"Info","Arena",7,"Enter_Zone",1
1539.139,"Info","Arena",7,"Exit_Zone",1
1539.139,"Info","Arena",7,"Enter_Zone",3
1539.139,"Info","Arena",8,"Exit_Zone",4
1539.139,"Info","Arena",8,"Enter_Zone",1
1539.708,"Info","Arena",1,"Exit_Zone",2
1539.708,"Info","Arena",1,"Enter_Zone",4
1539.841,"Info","Arena",1,"Exit_Zone",4
1539.841,"Info","Arena",1,"Enter_Zone",3
1540.206,"Info","Arena",7,"Exit_Zone",3
1540.206,"Info","Arena",7,"Enter_Zone",1
1540.314,"Info","Arena",7,"Exit_Zone",1
1540.314,"Info","Arena",7,"Enter_Zone",3
1540.476,"Info","Arena",6,"Exit_Zone",1
1540.476,"Info","Arena",6,"Enter_Zone",4
1540.816,"Info","Arena",6,"Exit_Zone",4
1540.816,"Info","Arena",6,"Enter_Zone",3
1541.617,"Info","Arena",7,"Exit_Zone",3
1541.617,"Info","Arena",7,"Enter_Zone",1
1541.744,"Info","Arena",7,"Exit_Zone",1
1541.744,"Info","Arena",7,"Enter_Zone",3
1542.006,"Info","Arena",7,"Exit_Zone",3
1542.006,"Info","Arena",7,"Enter_Zone",1
1542.106,"Info","Arena",7,"Exit_Zone",1
1542.106,"Info","Arena",7,"Enter_Zone",3
1542.349,"Info","Arena",4,"Exit_Zone",1
1542.349,"Info","Arena",4,"Enter_Zone",4
1542.654,"Info","Arena",7,"Exit_Zone",3
1542.654,"Info","Arena",7,"Enter_Zone",4
1542.930,"Info","Arena",4,"Exit_Zone",4
1542.930,"Info","Arena",4,"Enter_Zone",2
1543.033,"Info","Arena",7,"Exit_Zone",4
1543.033,"Info","Arena",7,"Enter_Zone",2
1543.714,"Info","Arena",1,"Exit_Zone",3
1543.714,"Info","Arena",1,"Enter_Zone",4
1543.934,"Info","Arena",1,"Exit_Zone",4
1543.934,"Info","Arena",1,"Enter_Zone",1
1544.539,"Info","Arena",7,"Exit_Zone",2
1544.539,"Info","Arena",7,"Enter_Zone",1
1544.739,"Info","Arena",7,"Exit_Zone",1
1544.739,"Info","Arena",7,"Enter_Zone",2
1545.739,"Info","Arena",7,"Exit_Zone",2
1545.739,"Info","Arena",7,"Enter_Zone",1
1545.977,"Info","Arena",5,"Exit_Zone",2
1545.977,"Info","Arena",5,"Enter_Zone",4
1545.977,"Info","Arena",7,"Exit_Zone",1
1545.977,"Info","Arena",7,"Enter_Zone",2
1546.048,"Info","Arena",8,"Exit_Zone",1
1546.048,"Info","Arena",8,"Enter_Zone",4
1546.151,"Info","Arena",8,"Exit_Zone",4
1546.151,"Info","Arena",8,"Enter_Zone",3
1546.366,"Info","Arena",5,"Exit_Zone",4
1546.366,"Info","Arena",5,"Enter_Zone",2
1546.892,"Info","Arena",6,"Exit_Zone",3
1546.892,"Info","Arena",6,"Enter_Zone",4
1547.330,"Info","Arena",6,"Exit_Zone",4
1547.330,"Info","Arena",6,"Enter_Zone",1
1547.330,"Info","Arena",7,"Exit_Zone",2
1547.330,"Info","Arena",7,"Enter_Zone",1
1547.633,"Info","Arena",7,"Exit_Zone",1
1547.633,"Info","Arena",7,"Enter_Zone",2
1547.667,"Info","Arena",7,"Exit_Zone",2
1547.667,"Info","Arena",7,"Enter_Zone",1
1547.701,"Info","Arena",7,"Exit_Zone",1
1547.701,"Info","Arena",7,"Enter_Zone",2
1548.107,"Info","Arena",3,"Exit_Zone",3
1548.107,"Info","Arena",3,"Enter_Zone",4
1548.255,"Info","Arena",7,"Exit_Zone",2
1548.255,"Info","Arena",7,"Enter_Zone",1
1548.319,"Info","Arena",7,"Exit_Zone",1
1548.319,"Info","Arena",7,"Enter_Zone",2
1548.720,"Info","Arena",8,"Exit_Zone",3
1548.720,"Info","Arena",8,"Enter_Zone",4
1549.570,"Info","Arena",3,"Exit_Zone",4
1549.570,"Info","Arena",3,"Enter_Zone",1
1549.709,"Info","Arena",7,"Exit_Zone",2
1549.709,"Info","Arena",7,"Enter_Zone",1
1549.772,"Info","Arena",8,"Exit_Zone",4
1549.772,"Info","Arena",8,"Enter_Zone",2
1549.806,"Info","Arena",7,"Exit_Zone",1
1549.806,"Info","Arena",7,"Enter_Zone",2
1550.738,"Info","Arena",7,"Exit_Zone",2
1550.738,"Info","Arena",7,"Enter_Zone",1
1550.771,"Info","Arena",7,"Exit_Zone",1
1550.771,"Info","Arena",7,"Enter_Zone",2
1551.127,"Info","Arena",1,"Exit_Zone",1
1551.127,"Info","Arena",1,"Enter_Zone",4
1551.127,"Info","Arena",5,"Exit_Zone",2
1551.127,"Info","Arena",5,"Enter_Zone",4
1551.368,"Info","Arena",5,"Exit_Zone",4
1551.368,"Info","Arena",5,"Enter_Zone",1
1551.403,"Info","Arena",7,"Exit_Zone",2
1551.403,"Info","Arena",7,"Enter_Zone",1
1551.468,"Info","Arena",1,"Exit_Zone",4
1551.468,"Info","Arena",1,"Enter_Zone",3
1551.635,"Info","Arena",7,"Exit_Zone",1
1551.635,"Info","Arena",7,"Enter_Zone",2
1551.774,"Info","Arena",4,"Exit_Zone",2
1551.774,"Info","Arena",4,"Enter_Zone",4
1551.943,"Info","Arena",7,"Exit_Zone",2
1551.943,"Info","Arena",7,"Enter_Zone",1
1552.113,"Info","Arena",4,"Exit_Zone",4
1552.113,"Info","Arena",4,"Enter_Zone",3
1552.146,"Info","Arena",7,"Exit_Zone",1
1552.146,"Info","Arena",7,"Enter_Zone",2
1552.496,"Info","Arena",6,"Exit_Zone",1
1552.496,"Info","Arena",6,"Enter_Zone",4
1553.187,"Info","Arena",6,"Exit_Zone",4
1553.187,"Info","Arena",6,"Enter_Zone",3
1553.783,"Info","Arena",7,"Exit_Zone",2
1553.783,"Info","Arena",7,"Enter_Zone",1
1553.945,"Info","Arena",7,"Exit_Zone",1
1553.945,"Info","Arena",7,"Enter_Zone",2
1554.009,"Info","Arena",7,"Exit_Zone",2
1554.009,"Info","Arena",7,"Enter_Zone",1
1554.142,"Info","Arena",7,"Exit_Zone",1
1554.142,"Info","Arena",7,"Enter_Zone",2
1554.557,"Info","Arena",7,"Exit_Zone",2
1554.557,"Info","Arena",7,"Enter_Zone",1
1554.591,"Info","Arena",7,"Exit_Zone",1
1554.591,"Info","Arena",7,"Enter_Zone",2
1554.626,"Info","Arena",7,"Exit_Zone",2
1554.626,"Info","Arena",7,"Enter_Zone",1
1554.691,"Info","Arena",7,"Exit_Zone",1
1554.691,"Info","Arena",7,"Enter_Zone",2
1554.730,"Info","Arena",5,"Exit_Zone",1
1554.730,"Info","Arena",5,"Enter_Zone",4
1554.798,"Info","Arena",7,"Exit_Zone",2
1554.798,"Info","Arena",7,"Enter_Zone",1
1554.833,"Info","Arena",7,"Exit_Zone",1
1554.833,"Info","Arena",7,"Enter_Zone",2
1554.868,"Info","Arena",7,"Exit_Zone",2
1554.868,"Info","Arena",7,"Enter_Zone",4
1554.903,"Info","Arena",8,"Exit_Zone",2
1554.903,"Info","Arena",8,"Enter_Zone",4
1554.939,"Info","Arena",5,"Exit_Zone",4
1554.939,"Info","Arena",5,"Enter_Zone",2
1555.233,"Info","Arena",5,"Exit_Zone",2
1555.233,"Info","Arena",5,"Enter_Zone",4
1555.376,"Info","Arena",4,"Exit_Zone",3
1555.376,"Info","Arena",4,"Enter_Zone",4
1555.408,"Info","Arena",7,"Exit_Zone",4
1555.408,"Info","Arena",7,"Enter_Zone",3
1555.445,"Info","Arena",5,"Exit_Zone",4
1555.445,"Info","Arena",5,"Enter_Zone",3
1556.071,"Info","Arena",8,"Exit_Zone",4
1556.071,"Info","Arena",8,"Enter_Zone",3
1556.545,"Info","Arena",7,"Exit_Zone",3
1556.545,"Info","Arena",7,"Enter_Zone",1
1556.678,"Info","Arena",4,"Exit_Zone",4
1556.678,"Info","Arena",4,"Enter_Zone",1
1556.808,"Info","Arena",7,"Exit_Zone",1
1556.808,"Info","Arena",7,"Enter_Zone",3
1557.330,"Info","Arena",1,"Exit_Zone",3
1557.330,"Info","Arena",1,"Enter_Zone",4
1557.434,"Info","Arena",5,"Exit_Zone",3
1557.434,"Info","Arena",5,"Enter_Zone",4
1557.566,"Info","Arena",7,"Exit_Zone",3
1557.566,"Info","Arena",7,"Enter_Zone",1
1557.598,"Info","Arena",1,"Exit_Zone",4
1557.598,"Info","Arena",1,"Enter_Zone",1
1557.598,"Info","Arena",7,"Exit_Zone",1
1557.598,"Info","Arena",7,"Enter_Zone",3
1558.059,"Info","Arena",7,"Exit_Zone",3
1558.059,"Info","Arena",7,"Enter_Zone",1
1558.093,"Info","Arena",5,"Exit_Zone",4
1558.093,"Info","Arena",5,"Enter_Zone",1
1558.093,"Info","Arena",7,"Exit_Zone",1
1558.093,"Info","Arena",7,"Enter_Zone",3
1558.869,"Info","Arena",7,"Exit_Zone",3
1558.869,"Info","Arena",7,"Enter_Zone",4
1558.939,"Info","Arena",4,"Exit_Zone",1
1558.939,"Info","Arena",4,"Enter_Zone",4
1559.445,"Info","Arena",7,"Exit_Zone",4
1559.445,"Info","Arena",7,"Enter_Zone",2
1559.479,"Info","Arena",2,"Exit_Zone",3
1559.479,"Info","Arena",2,"Enter_Zone",4
1559.514,"Info","Arena",4,"Exit_Zone",4
1559.514,"Info","Arena",4,"Enter_Zone",2
1559.724,"Info","Arena",6,"Exit_Zone",3
1559.724,"Info","Arena",6,"Enter_Zone",4
1559.863,"Info","Arena",2,"Exit_Zone",4
1559.863,"Info","Arena",2,"Enter_Zone",2
1560.555,"Info","Arena",8,"Exit_Zone",3
1560.555,"Info","Arena",8,"Enter_Zone",4
1561.261,"Info","Arena",5,"Exit_Zone",1
1561.261,"Info","Arena",5,"Enter_Zone",4
1561.331,"Info","Arena",8,"Exit_Zone",4
1561.331,"Info","Arena",8,"Enter_Zone",1
1561.507,"Info","Arena",5,"Exit_Zone",4
1561.507,"Info","Arena",5,"Enter_Zone",2
1561.507,"Info","Arena",6,"Exit_Zone",4
1561.507,"Info","Arena",6,"Enter_Zone",2
1561.613,"Info","Arena",7,"Exit_Zone",2
1561.613,"Info","Arena",7,"Enter_Zone",4
1561.787,"Info","Arena",7,"Exit_Zone",4
1561.787,"Info","Arena",7,"Enter_Zone",1
1562.688,"Info","Arena",1,"Exit_Zone",1
1562.688,"Info","Arena",1,"Enter_Zone",4
1562.952,"Info","Arena",1,"Exit_Zone",4
1562.952,"Info","Arena",1,"Enter_Zone",2
1563.294,"Info","Arena",2,"Exit_Zone",2
1563.294,"Info","Arena",2,"Enter_Zone",3
1563.357,"Info","Arena",2,"Exit_Zone",3
1563.357,"Info","Arena",2,"Enter_Zone",2
1564.317,"Info","Arena",8,"Exit_Zone",1
1564.317,"Info","Arena",8,"Enter_Zone",4
1564.488,"Info","Arena",3,"Exit_Zone",1
1564.488,"Info","Arena",3,"Enter_Zone",4
1564.628,"Info","Arena",7,"Exit_Zone",1
1564.628,"Info","Arena",7,"Enter_Zone",4
1564.666,"Info","Arena",7,"Exit_Zone",4
1564.666,"Info","Arena",7,"Enter_Zone",2
1564.767,"Info","Arena",2,"Exit_Zone",2
1564.767,"Info","Arena",2,"Enter_Zone",4
1565.175,"Info","Arena",4,"Exit_Zone",2
1565.175,"Info","Arena",4,"Enter_Zone",4
1565.252,"Info","Arena",2,"Exit_Zone",4
1565.252,"Info","Arena",2,"Enter_Zone",1
1565.534,"Info","Arena",3,"Exit_Zone",4
1565.534,"Info","Arena",3,"Enter_Zone",2
1565.570,"Info","Arena",7,"Exit_Zone",2
1565.570,"Info","Arena",7,"Enter_Zone",4
1565.754,"Info","Arena",4,"Exit_Zone",4
1565.754,"Info","Arena",4,"Enter_Zone",3
1565.754,"Info","Arena",7,"Exit_Zone",4
1565.754,"Info","Arena",7,"Enter_Zone",1
1566.180,"Info","Arena",3,"Exit_Zone",2
1566.180,"Info","Arena",3,"Enter_Zone",4
1566.369,"Info","Arena",3,"Exit_Zone",4
1566.369,"Info","Arena",3,"Enter_Zone",3
1566.542,"Info","Arena",8,"Exit_Zone",4
1566.542,"Info","Arena",8,"Enter_Zone",2
1566.577,"Info","Arena",5,"Exit_Zone",2
1566.577,"Info","Arena",5,"Enter_Zone",4
1566.750,"Info","Arena",6,"Exit_Zone",2
1566.750,"Info","Arena",6,"Enter_Zone",4
1566.994,"Info","Arena",5,"Exit_Zone",4
1566.994,"Info","Arena",5,"Enter_Zone",3
1567.162,"Info","Arena",7,"Exit_Zone",1
1567.162,"Info","Arena",7,"Enter_Zone",4
1567.306,"Info","Arena",7,"Exit_Zone",4
1567.306,"Info","Arena",7,"Enter_Zone",2
1567.340,"Info","Arena",6,"Exit_Zone",4
1567.340,"Info","Arena",6,"Enter_Zone",1
1567.535,"Info","Arena",7,"Exit_Zone",2
1567.535,"Info","Arena",7,"Enter_Zone",4
1567.601,"Info","Arena",7,"Exit_Zone",4
1567.601,"Info","Arena",7,"Enter_Zone",1
1568.096,"Info","Arena",4,"Exit_Zone",3
1568.096,"Info","Arena",4,"Enter_Zone",4
1568.944,"Info","Arena",4,"Exit_Zone",4
1568.944,"Info","Arena",4,"Enter_Zone",1
1569.047,"Info","Arena",1,"Exit_Zone",2
1569.047,"Info","Arena",1,"Enter_Zone",4
1569.301,"Info","Arena",7,"Exit_Zone",1
1569.301,"Info","Arena",7,"Enter_Zone",4
1569.374,"Info","Arena",5,"Exit_Zone",3
1569.374,"Info","Arena",5,"Enter_Zone",4
1569.552,"Info","Arena",7,"Exit_Zone",4
1569.552,"Info","Arena",7,"Enter_Zone",3
1569.625,"Info","Arena",1,"Exit_Zone",4
1569.625,"Info","Arena",1,"Enter_Zone",3
1569.625,"Info","Arena",5,"Exit_Zone",4
1569.625,"Info","Arena",5,"Enter_Zone",2
1570.393,"Info","Arena",2,"Exit_Zone",1
1570.393,"Info","Arena",2,"Enter_Zone",4
1570.810,"Info","Arena",8,"Exit_Zone",2
1570.810,"Info","Arena",8,"Enter_Zone",4
1571.137,"Info","Arena",2,"Exit_Zone",4
1571.137,"Info","Arena",2,"Enter_Zone",2
1571.172,"Info","Arena",2,"Exit_Zone",2
1571.172,"Info","Arena",2,"Enter_Zone",4
1571.205,"Info","Arena",2,"Exit_Zone",4
1571.205,"Info","Arena",2,"Enter_Zone",2
1571.288,"Info","Arena",2,"Exit_Zone",2
1571.288,"Info","Arena",2,"Enter_Zone",4
1571.324,"Info","Arena",2,"Exit_Zone",4
1571.324,"Info","Arena",2,"Enter_Zone",3
1571.467,"Info","Arena",6,"Exit_Zone",1
1571.467,"Info","Arena",6,"Enter_Zone",4
1572.109,"Info","Arena",8,"Exit_Zone",4
1572.109,"Info","Arena",8,"Enter_Zone",3
1572.299,"Info","Arena",7,"Exit_Zone",3
1572.299,"Info","Arena",7,"Enter_Zone",4
1572.672,"Info","Arena",7,"Exit_Zone",4
1572.672,"Info","Arena",7,"Enter_Zone",2
1573.468,"Info","Arena",6,"Exit_Zone",4
1573.468,"Info","Arena",6,"Enter_Zone",2
1573.501,"Info","Arena",2,"Exit_Zone",3
1573.501,"Info","Arena",2,"Enter_Zone",4
1573.604,"Info","Arena",2,"Exit_Zone",4
1573.604,"Info","Arena",2,"Enter_Zone",2
1574.539,"Info","Arena",5,"Exit_Zone",2
1574.539,"Info","Arena",5,"Enter_Zone",4
1574.969,"Info","Arena",5,"Exit_Zone",4
1574.969,"Info","Arena",5,"Enter_Zone",3
1575.988,"Info","Arena",7,"Exit_Zone",2
1575.988,"Info","Arena",7,"Enter_Zone",4
1576.339,"Info","Arena",8,"Exit_Zone",3
1576.339,"Info","Arena",8,"Enter_Zone",4
1576.369,"Info","Arena",7,"Exit_Zone",4
1576.369,"Info","Arena",7,"Enter_Zone",1
1576.600,"Info","Arena",2,"Exit_Zone",2
1576.600,"Info","Arena",2,"Enter_Zone",3
1576.700,"Info","Arena",2,"Exit_Zone",3
1576.700,"Info","Arena",2,"Enter_Zone",2
1576.735,"Info","Arena",8,"Exit_Zone",4
1576.735,"Info","Arena",8,"Enter_Zone",1
1578.131,"Info","Arena",5,"Exit_Zone",3
1578.131,"Info","Arena",5,"Enter_Zone",4
1578.294,"Info","Arena",2,"Exit_Zone",2
1578.294,"Info","Arena",2,"Enter_Zone",4
1578.330,"Info","Arena",1,"Exit_Zone",3
1578.330,"Info","Arena",1,"Enter_Zone",4
1578.522,"Info","Arena",1,"Exit_Zone",4
1578.522,"Info","Arena",1,"Enter_Zone",1
1578.598,"Info","Arena",6,"Exit_Zone",2
1578.598,"Info","Arena",6,"Enter_Zone",4
1578.743,"Info","Arena",5,"Exit_Zone",4
1578.743,"Info","Arena",5,"Enter_Zone",1
1578.778,"Info","Arena",2,"Exit_Zone",4
1578.778,"Info","Arena",2,"Enter_Zone",1
1578.960,"Info","Arena",7,"Exit_Zone",1
1578.960,"Info","Arena",7,"Enter_Zone",4
1579.390,"Info","Arena",6,"Exit_Zone",4
1579.390,"Info","Arena",6,"Enter_Zone",1
1579.390,"Info","Arena",7,"Exit_Zone",4
1579.390,"Info","Arena",7,"Enter_Zone",3
1581.403,"Info","Arena",7,"Exit_Zone",3
1581.403,"Info","Arena",7,"Enter_Zone",4
1581.882,"Info","Arena",7,"Exit_Zone",4
1581.882,"Info","Arena",7,"Enter_Zone",2
1582.056,"Info","Arena",8,"Exit_Zone",1
1582.056,"Info","Arena",8,"Enter_Zone",4
1582.305,"Info","Arena",2,"Exit_Zone",1
1582.305,"Info","Arena",2,"Enter_Zone",4
1582.821,"Info","Arena",8,"Exit_Zone",4
1582.821,"Info","Arena",8,"Enter_Zone",3
1582.994,"Info","Arena",1,"Exit_Zone",1
1582.994,"Info","Arena",1,"Enter_Zone",4
1583.031,"Info","Arena",5,"Exit_Zone",1
1583.031,"Info","Arena",5,"Enter_Zone",4
1583.104,"Info","Arena",2,"Exit_Zone",4
1583.104,"Info","Arena",2,"Enter_Zone",3
1583.139,"Info","Arena",1,"Exit_Zone",4
1583.139,"Info","Arena",1,"Enter_Zone",2
1583.623,"Info","Arena",5,"Exit_Zone",4
1583.623,"Info","Arena",5,"Enter_Zone",3
1584.026,"Info","Arena",7,"Exit_Zone",2
1584.026,"Info","Arena",7,"Enter_Zone",4
1584.293,"Info","Arena",7,"Exit_Zone",4
1584.293,"Info","Arena",7,"Enter_Zone",1
1584.582,"Info","Arena",4,"Exit_Zone",1
1584.582,"Info","Arena",4,"Enter_Zone",4
1584.723,"Info","Arena",8,"Exit_Zone",3
1584.723,"Info","Arena",8,"Enter_Zone",4
1584.791,"Info","Arena",4,"Exit_Zone",4
1584.791,"Info","Arena",4,"Enter_Zone",1
1585.115,"Info","Arena",6,"Exit_Zone",1
1585.115,"Info","Arena",6,"Enter_Zone",4
1585.971,"Info","Arena",8,"Exit_Zone",4
1585.971,"Info","Arena",8,"Enter_Zone",3
1586.039,"Info","Arena",8,"Exit_Zone",3
1586.039,"Info","Arena",8,"Enter_Zone",4
1586.228,"Info","Arena",6,"Exit_Zone",4
1586.228,"Info","Arena",6,"Enter_Zone",2
1586.268,"Info","Arena",8,"Exit_Zone",4
1586.268,"Info","Arena",8,"Enter_Zone",2
1586.339,"Info","Arena",8,"Exit_Zone",2
1586.339,"Info","Arena",8,"Enter_Zone",4
1586.482,"Info","Arena",2,"Exit_Zone",3
1586.482,"Info","Arena",2,"Enter_Zone",4
1586.698,"Info","Arena",3,"Exit_Zone",3
1586.698,"Info","Arena",3,"Enter_Zone",4
1586.698,"Info","Arena",8,"Exit_Zone",4
1586.698,"Info","Arena",8,"Enter_Zone",2
1586.735,"Info","Arena",2,"Exit_Zone",4
1586.735,"Info","Arena",2,"Enter_Zone",2
1586.735,"Info","Arena",8,"Exit_Zone",2
1586.735,"Info","Arena",8,"Enter_Zone",4
1586.840,"Info","Arena",7,"Exit_Zone",1
1586.840,"Info","Arena",7,"Enter_Zone",4
1586.909,"Info","Arena",8,"Exit_Zone",4
1586.909,"Info","Arena",8,"Enter_Zone",2
1587.334,"Info","Arena",7,"Exit_Zone",4
1587.334,"Info","Arena",7,"Enter_Zone",3
1587.404,"Info","Arena",8,"Exit_Zone",2
1587.404,"Info","Arena",8,"Enter_Zone",4
1587.512,"Info","Arena",8,"Exit_Zone",4
1587.512,"Info","Arena",8,"Enter_Zone",1
1587.550,"Info","Arena",3,"Exit_Zone",4
1587.550,"Info","Arena",3,"Enter_Zone",1
1587.550,"Info","Arena",8,"Exit_Zone",1
1587.550,"Info","Arena",8,"Enter_Zone",4
1587.917,"Info","Arena",8,"Exit_Zone",4
1587.917,"Info","Arena",8,"Enter_Zone",2
1588.061,"Info","Arena",7,"Exit_Zone",3
1588.061,"Info","Arena",7,"Enter_Zone",1
1588.094,"Info","Arena",5,"Exit_Zone",3
1588.094,"Info","Arena",5,"Enter_Zone",4
1588.133,"Info","Arena",7,"Exit_Zone",1
1588.133,"Info","Arena",7,"Enter_Zone",3
1588.911,"Info","Arena",5,"Exit_Zone",4
1588.911,"Info","Arena",5,"Enter_Zone",1
1588.945,"Info","Arena",8,"Exit_Zone",2
1588.945,"Info","Arena",8,"Enter_Zone",4
1589.013,"Info","Arena",7,"Exit_Zone",3
1589.013,"Info","Arena",7,"Enter_Zone",1
1589.047,"Info","Arena",7,"Exit_Zone",1
1589.047,"Info","Arena",7,"Enter_Zone",3
1589.149,"Info","Arena",7,"Exit_Zone",3
1589.149,"Info","Arena",7,"Enter_Zone",1
1589.229,"Info","Arena",7,"Exit_Zone",1
1589.229,"Info","Arena",7,"Enter_Zone",3
1589.714,"Info","Arena",8,"Exit_Zone",4
1589.714,"Info","Arena",8,"Enter_Zone",2
1590.318,"Info","Arena",2,"Exit_Zone",2
1590.318,"Info","Arena",2,"Enter_Zone",3
1590.318,"Info","Arena",7,"Exit_Zone",3
1590.318,"Info","Arena",7,"Enter_Zone",4
1590.393,"Info","Arena",2,"Exit_Zone",3
1590.393,"Info","Arena",2,"Enter_Zone",2
1590.393,"Info","Arena",8,"Exit_Zone",2
1590.393,"Info","Arena",8,"Enter_Zone",4
1590.468,"Info","Arena",8,"Exit_Zone",4
1590.468,"Info","Arena",8,"Enter_Zone",1
1590.571,"Info","Arena",6,"Exit_Zone",2
1590.571,"Info","Arena",6,"Enter_Zone",4
1590.605,"Info","Arena",7,"Exit_Zone",4
1590.605,"Info","Arena",7,"Enter_Zone",2
1591.131,"Info","Arena",8,"Exit_Zone",1
1591.131,"Info","Arena",8,"Enter_Zone",4
1591.357,"Info","Arena",6,"Exit_Zone",4
1591.357,"Info","Arena",6,"Enter_Zone",1
1591.357,"Info","Arena",7,"Exit_Zone",2
1591.357,"Info","Arena",7,"Enter_Zone",1
1591.423,"Info","Arena",7,"Exit_Zone",1
1591.423,"Info","Arena",7,"Enter_Zone",2
1591.596,"Info","Arena",2,"Exit_Zone",2
1591.596,"Info","Arena",2,"Enter_Zone",4
1591.896,"Info","Arena",8,"Exit_Zone",4
1591.896,"Info","Arena",8,"Enter_Zone",2
1591.966,"Info","Arena",1,"Exit_Zone",2
1591.966,"Info","Arena",1,"Enter_Zone",4
1592.115,"Info","Arena",1,"Exit_Zone",4
1592.115,"Info","Arena",1,"Enter_Zone",3
1592.156,"Info","Arena",2,"Exit_Zone",4
1592.156,"Info","Arena",2,"Enter_Zone",1
1592.616,"Info","Arena",7,"Exit_Zone",2
1592.616,"Info","Arena",7,"Enter_Zone",1
1592.653,"Info","Arena",7,"Exit_Zone",1
1592.653,"Info","Arena",7,"Enter_Zone",2
1592.880,"Info","Arena",8,"Exit_Zone",2
1592.880,"Info","Arena",8,"Enter_Zone",4
1593.026,"Info","Arena",5,"Exit_Zone",1
1593.026,"Info","Arena",5,"Enter_Zone",4
1593.382,"Info","Arena",8,"Exit_Zone",4
1593.382,"Info","Arena",8,"Enter_Zone",3
1593.793,"Info","Arena",5,"Exit_Zone",4
1593.793,"Info","Arena",5,"Enter_Zone",3
1593.896,"Info","Arena",7,"Exit_Zone",2
1593.896,"Info","Arena",7,"Enter_Zone",4
1594.202,"Info","Arena",7,"Exit_Zone",4
1594.202,"Info","Arena",7,"Enter_Zone",1
1595.465,"Info","Arena",8,"Exit_Zone",3
1595.465,"Info","Arena",8,"Enter_Zone",4
1595.535,"Info","Arena",3,"Exit_Zone",1
1595.535,"Info","Arena",3,"Enter_Zone",4
1596.311,"Info","Arena",8,"Exit_Zone",4
1596.311,"Info","Arena",8,"Enter_Zone",2
1596.386,"Info","Arena",3,"Exit_Zone",4
1596.386,"Info","Arena",3,"Enter_Zone",3
1596.529,"Info","Arena",2,"Exit_Zone",1
1596.529,"Info","Arena",2,"Enter_Zone",4
1596.783,"Info","Arena",7,"Exit_Zone",1
1596.783,"Info","Arena",7,"Enter_Zone",4
1597.110,"Info","Arena",2,"Exit_Zone",4
1597.110,"Info","Arena",2,"Enter_Zone",3
1597.146,"Info","Arena",6,"Exit_Zone",1
1597.146,"Info","Arena",6,"Enter_Zone",4
1597.186,"Info","Arena",7,"Exit_Zone",4
1597.186,"Info","Arena",7,"Enter_Zone",3
1597.373,"Info","Arena",1,"Exit_Zone",3
1597.373,"Info","Arena",1,"Enter_Zone",4
1597.484,"Info","Arena",1,"Exit_Zone",4
1597.484,"Info","Arena",1,"Enter_Zone",1
1597.837,"Info","Arena",7,"Exit_Zone",3
1597.837,"Info","Arena",7,"Enter_Zone",1
1597.870,"Info","Arena",7,"Exit_Zone",1
1597.870,"Info","Arena",7,"Enter_Zone",3
1597.974,"Info","Arena",6,"Exit_Zone",4
1597.974,"Info","Arena",6,"Enter_Zone",3
1598.635,"Info","Arena",4,"Exit_Zone",1
1598.635,"Info","Arena",4,"Enter_Zone",4
1598.673,"Info","Arena",8,"Exit_Zone",2
1598.673,"Info","Arena",8,"Enter_Zone",4
1598.706,"Info","Arena",2,"Exit_Zone",3
1598.706,"Info","Arena",2,"Enter_Zone",4
1598.846,"Info","Arena",4,"Exit_Zone",4
1598.846,"Info","Arena",4,"Enter_Zone",1
1598.918,"Info","Arena",4,"Exit_Zone",1
1598.918,"Info","Arena",4,"Enter_Zone",4
1599.026,"Info","Arena",2,"Exit_Zone",4
1599.026,"Info","Arena",2,"Enter_Zone",2
1599.133,"Info","Arena",4,"Exit_Zone",4
1599.133,"Info","Arena",4,"Enter_Zone",3
1599.251,"Info","Arena",5,"Exit_Zone",3
1599.251,"Info","Arena",5,"Enter_Zone",4
1599.322,"Info","Arena",1,"Exit_Zone",1
1599.322,"Info","Arena",1,"Enter_Zone",4
1599.504,"Info","Arena",1,"Exit_Zone",4
1599.504,"Info","Arena",1,"Enter_Zone",3
1599.689,"Info","Arena",7,"Exit_Zone",3
1599.689,"Info","Arena",7,"Enter_Zone",4
1599.762,"Info","Arena",8,"Exit_Zone",4
1599.762,"Info","Arena",8,"Enter_Zone",3
1599.836,"Info","Arena",5,"Exit_Zone",4
1599.836,"Info","Arena",5,"Enter_Zone",1
1599.942,"Info","Arena",7,"Exit_Zone",4
1599.942,"Info","Arena",7,"Enter_Zone",2
1600.659,"Info","Arena",7,"Exit_Zone",2
1600.659,"Info","Arena",7,"Enter_Zone",1
1600.696,"Info","Arena",7,"Exit_Zone",1
1600.696,"Info","Arena",7,"Enter_Zone",2
1600.696,"Info","Arena",8,"Exit_Zone",3
1600.696,"Info","Arena",8,"Enter_Zone",4
1600.763,"Info","Arena",2,"Exit_Zone",2
1600.763,"Info","Arena",2,"Enter_Zone",3
1600.796,"Info","Arena",2,"Exit_Zone",3
1600.796,"Info","Arena",2,"Enter_Zone",2
1601.001,"Info","Arena",1,"Exit_Zone",3
1601.001,"Info","Arena",1,"Enter_Zone",4
1601.204,"Info","Arena",1,"Exit_Zone",4
1601.204,"Info","Arena",1,"Enter_Zone",1
1601.684,"Info","Arena",4,"Exit_Zone",3
1601.684,"Info","Arena",4,"Enter_Zone",4
1601.718,"Info","Arena",8,"Exit_Zone",4
1601.718,"Info","Arena",8,"Enter_Zone",2
1601.913,"Info","Arena",8,"Exit_Zone",2
1601.913,"Info","Arena",8,"Enter_Zone",4
1601.947,"Info","Arena",8,"Exit_Zone",4
1601.947,"Info","Arena",8,"Enter_Zone",2
1602.255,"Info","Arena",4,"Exit_Zone",4
1602.255,"Info","Arena",4,"Enter_Zone",1
1603.029,"Info","Arena",2,"Exit_Zone",2
1603.029,"Info","Arena",2,"Enter_Zone",3
1603.097,"Info","Arena",2,"Exit_Zone",3
1603.097,"Info","Arena",2,"Enter_Zone",2
1603.136,"Info","Arena",2,"Exit_Zone",2
1603.136,"Info","Arena",2,"Enter_Zone",3
1603.136,"Info","Arena",8,"Exit_Zone",2
1603.136,"Info","Arena",8,"Enter_Zone",4
1603.248,"Info","Arena",2,"Exit_Zone",3
1603.248,"Info","Arena",2,"Enter_Zone",2
1603.284,"Info","Arena",8,"Exit_Zone",4
1603.284,"Info","Arena",8,"Enter_Zone",3
1603.460,"Info","Arena",2,"Exit_Zone",2
1603.460,"Info","Arena",2,"Enter_Zone",3
1603.460,"Info","Arena",6,"Exit_Zone",3
1603.460,"Info","Arena",6,"Enter_Zone",4
1603.495,"Info","Arena",2,"Exit_Zone",3
1603.495,"Info","Arena",2,"Enter_Zone",2
1603.745,"Info","Arena",2,"Exit_Zone",2
1603.745,"Info","Arena",2,"Enter_Zone",3
1603.817,"Info","Arena",2,"Exit_Zone",3
1603.817,"Info","Arena",2,"Enter_Zone",2
1604.445,"Info","Arena",2,"Exit_Zone",2
1604.445,"Info","Arena",2,"Enter_Zone",3
1604.613,"Info","Arena",5,"Exit_Zone",1
1604.613,"Info","Arena",5,"Enter_Zone",4
1604.844,"Info","Arena",2,"Exit_Zone",3
1604.844,"Info","Arena",2,"Enter_Zone",2
1604.953,"Info","Arena",2,"Exit_Zone",2
1604.953,"Info","Arena",2,"Enter_Zone",3
1605.126,"Info","Arena",2,"Exit_Zone",3
1605.126,"Info","Arena",2,"Enter_Zone",2
1605.161,"Info","Arena",7,"Exit_Zone",2
1605.161,"Info","Arena",7,"Enter_Zone",4
1605.311,"Info","Arena",5,"Exit_Zone",4
1605.311,"Info","Arena",5,"Enter_Zone",3
1605.388,"Info","Arena",3,"Exit_Zone",3
1605.388,"Info","Arena",3,"Enter_Zone",4
1605.685,"Info","Arena",7,"Exit_Zone",4
1605.685,"Info","Arena",7,"Enter_Zone",1
1605.943,"Info","Arena",6,"Exit_Zone",4
1605.943,"Info","Arena",6,"Enter_Zone",1
1606.138,"Info","Arena",3,"Exit_Zone",4
1606.138,"Info","Arena",3,"Enter_Zone",1
1606.338,"Info","Arena",4,"Exit_Zone",1
1606.338,"Info","Arena",4,"Enter_Zone",4
1606.679,"Info","Arena",1,"Exit_Zone",1
1606.679,"Info","Arena",1,"Enter_Zone",2
1606.897,"Info","Arena",4,"Exit_Zone",4
1606.897,"Info","Arena",4,"Enter_Zone",2
1607.497,"Info","Arena",8,"Exit_Zone",3
1607.497,"Info","Arena",8,"Enter_Zone",4
1608.066,"Info","Arena",8,"Exit_Zone",4
1608.066,"Info","Arena",8,"Enter_Zone",2
1608.319,"Info","Arena",5,"Exit_Zone",3
1608.319,"Info","Arena",5,"Enter_Zone",4
1608.954,"Info","Arena",5,"Exit_Zone",4
1608.954,"Info","Arena",5,"Enter_Zone",1
1609.026,"Info","Arena",7,"Exit_Zone",1
1609.026,"Info","Arena",7,"Enter_Zone",4
1609.136,"Info","Arena",6,"Exit_Zone",1
1609.136,"Info","Arena",6,"Enter_Zone",4
1609.333,"Info","Arena",1,"Exit_Zone",2
1609.333,"Info","Arena",1,"Enter_Zone",4
1609.518,"Info","Arena",1,"Exit_Zone",4
1609.518,"Info","Arena",1,"Enter_Zone",1
1609.591,"Info","Arena",2,"Exit_Zone",2
1609.591,"Info","Arena",2,"Enter_Zone",4
1609.591,"Info","Arena",7,"Exit_Zone",4
1609.591,"Info","Arena",7,"Enter_Zone",3
1609.773,"Info","Arena",3,"Exit_Zone",1
1609.773,"Info","Arena",3,"Enter_Zone",4
1609.845,"Info","Arena",6,"Exit_Zone",4
1609.845,"Info","Arena",6,"Enter_Zone",3
1610.165,"Info","Arena",2,"Exit_Zone",4
1610.165,"Info","Arena",2,"Enter_Zone",1
1610.379,"Info","Arena",3,"Exit_Zone",4
1610.379,"Info","Arena",3,"Enter_Zone",2
1610.577,"Info","Arena",4,"Exit_Zone",2
1610.577,"Info","Arena",4,"Enter_Zone",4
1611.027,"Info","Arena",7,"Exit_Zone",3
1611.027,"Info","Arena",7,"Enter_Zone",1
1611.090,"Info","Arena",7,"Exit_Zone",1
1611.090,"Info","Arena",7,"Enter_Zone",3
1611.406,"Info","Arena",4,"Exit_Zone",4
1611.406,"Info","Arena",4,"Enter_Zone",3
1611.832,"Info","Arena",7,"Exit_Zone",3
1611.832,"Info","Arena",7,"Enter_Zone",4
1612.297,"Info","Arena",8,"Exit_Zone",2
1612.297,"Info","Arena",8,"Enter_Zone",4
1612.332,"Info","Arena",1,"Exit_Zone",1
1612.332,"Info","Arena",1,"Enter_Zone",4
1612.371,"Info","Arena",1,"Exit_Zone",4
1612.371,"Info","Arena",1,"Enter_Zone",2
1612.439,"Info","Arena",7,"Exit_Zone",4
1612.439,"Info","Arena",7,"Enter_Zone",2
1612.549,"Info","Arena",8,"Exit_Zone",4
1612.549,"Info","Arena",8,"Enter_Zone",1
1614.242,"Info","Arena",1,"Exit_Zone",2
1614.242,"Info","Arena",1,"Enter_Zone",4
1614.446,"Info","Arena",1,"Exit_Zone",4
1614.446,"Info","Arena",1,"Enter_Zone",1
1615.041,"Info","Arena",4,"Exit_Zone",3
1615.041,"Info","Arena",4,"Enter_Zone",4
1615.151,"Info","Arena",2,"Exit_Zone",1
1615.151,"Info","Arena",2,"Enter_Zone",4
1615.270,"Info","Arena",6,"Exit_Zone",3
1615.270,"Info","Arena",6,"Enter_Zone",4
1615.527,"Info","Arena",7,"Exit_Zone",2
1615.527,"Info","Arena",7,"Enter_Zone",4
1615.780,"Info","Arena",2,"Exit_Zone",4
1615.780,"Info","Arena",2,"Enter_Zone",3
1615.818,"Info","Arena",7,"Exit_Zone",4
1615.818,"Info","Arena",7,"Enter_Zone",1
1616.176,"Info","Arena",3,"Exit_Zone",2
1616.176,"Info","Arena",3,"Enter_Zone",4
1616.263,"Info","Arena",6,"Exit_Zone",4
1616.263,"Info","Arena",6,"Enter_Zone",2
1616.772,"Info","Arena",8,"Exit_Zone",1
1616.772,"Info","Arena",8,"Enter_Zone",4
1616.807,"Info","Arena",4,"Exit_Zone",4
1616.807,"Info","Arena",4,"Enter_Zone",1
1616.881,"Info","Arena",3,"Exit_Zone",4
1616.881,"Info","Arena",3,"Enter_Zone",3
1616.881,"Info","Arena",7,"Exit_Zone",1
1616.881,"Info","Arena",7,"Enter_Zone",4
1617.144,"Info","Arena",8,"Exit_Zone",4
1617.144,"Info","Arena",8,"Enter_Zone",3
1617.179,"Info","Arena",1,"Exit_Zone",1
1617.179,"Info","Arena",1,"Enter_Zone",4
1617.261,"Info","Arena",1,"Exit_Zone",4
1617.261,"Info","Arena",1,"Enter_Zone",2
1617.447,"Info","Arena",7,"Exit_Zone",4
1617.447,"Info","Arena",7,"Enter_Zone",3
1618.106,"Info","Arena",5,"Exit_Zone",1
1618.106,"Info","Arena",5,"Enter_Zone",2
1618.471,"Info","Arena",7,"Exit_Zone",3
1618.471,"Info","Arena",7,"Enter_Zone",1
1618.501,"Info","Arena",7,"Exit_Zone",1
1618.501,"Info","Arena",7,"Enter_Zone",3
1618.562,"Info","Arena",7,"Exit_Zone",3
1618.562,"Info","Arena",7,"Enter_Zone",1
1618.592,"Info","Arena",7,"Exit_Zone",1
1618.592,"Info","Arena",7,"Enter_Zone",3
1619.111,"Info","Arena",1,"Exit_Zone",2
1619.111,"Info","Arena",1,"Enter_Zone",4
1619.290,"Info","Arena",1,"Exit_Zone",4
1619.290,"Info","Arena",1,"Enter_Zone",1
1619.356,"Info","Arena",7,"Exit_Zone",3
1619.356,"Info","Arena",7,"Enter_Zone",4
1619.966,"Info","Arena",7,"Exit_Zone",4
1619.966,"Info","Arena",7,"Enter_Zone",2
1620.382,"Info","Arena",2,"Exit_Zone",3
1620.382,"Info","Arena",2,"Enter_Zone",4
1620.680,"Info","Arena",2,"Exit_Zone",4
1620.680,"Info","Arena",2,"Enter_Zone",2
1621.246,"Info","Arena",6,"Exit_Zone",2
1621.246,"Info","Arena",6,"Enter_Zone",4
1621.849,"Info","Arena",6,"Exit_Zone",4
1621.849,"Info","Arena",6,"Enter_Zone",3
1621.959,"Info","Arena",1,"Exit_Zone",1
1621.959,"Info","Arena",1,"Enter_Zone",4
1621.997,"Info","Arena",1,"Exit_Zone",4
1621.997,"Info","Arena",1,"Enter_Zone",2
1622.824,"Info","Arena",7,"Exit_Zone",2
1622.824,"Info","Arena",7,"Enter_Zone",4
1622.895,"Info","Arena",6,"Exit_Zone",3
1622.895,"Info","Arena",6,"Enter_Zone",4
1623.100,"Info","Arena",7,"Exit_Zone",4
1623.100,"Info","Arena",7,"Enter_Zone",1
1623.472,"Info","Arena",6,"Exit_Zone",4
1623.472,"Info","Arena",6,"Enter_Zone",2
1623.697,"Info","Arena",1,"Exit_Zone",2
1623.697,"Info","Arena",1,"Enter_Zone",4
1623.838,"Info","Arena",1,"Exit_Zone",4
1623.838,"Info","Arena",1,"Enter_Zone",1
1624.060,"Info","Arena",2,"Exit_Zone",2
1624.060,"Info","Arena",2,"Enter_Zone",3
1624.204,"Info","Arena",2,"Exit_Zone",3
1624.204,"Info","Arena",2,"Enter_Zone",2
1624.481,"Info","Arena",8,"Exit_Zone",3
1624.481,"Info","Arena",8,"Enter_Zone",4
1624.911,"Info","Arena",1,"Exit_Zone",1
1624.911,"Info","Arena",1,"Enter_Zone",4
1625.019,"Info","Arena",1,"Exit_Zone",4
1625.019,"Info","Arena",1,"Enter_Zone",2
1625.252,"Info","Arena",2,"Exit_Zone",2
1625.252,"Info","Arena",2,"Enter_Zone",4
1625.291,"Info","Arena",5,"Exit_Zone",2
1625.291,"Info","Arena",5,"Enter_Zone",4
1625.330,"Info","Arena",2,"Exit_Zone",4
1625.330,"Info","Arena",2,"Enter_Zone",3
1625.511,"Info","Arena",5,"Exit_Zone",4
1625.511,"Info","Arena",5,"Enter_Zone",1
1625.764,"Info","Arena",8,"Exit_Zone",4
1625.764,"Info","Arena",8,"Enter_Zone",2
1626.600,"Info","Arena",7,"Exit_Zone",1
1626.600,"Info","Arena",7,"Enter_Zone",4
1627.065,"Info","Arena",7,"Exit_Zone",4
1627.065,"Info","Arena",7,"Enter_Zone",3
1627.133,"Info","Arena",1,"Exit_Zone",2
1627.133,"Info","Arena",1,"Enter_Zone",4
1627.288,"Info","Arena",1,"Exit_Zone",4
1627.288,"Info","Arena",1,"Enter_Zone",1
1627.397,"Info","Arena",4,"Exit_Zone",1
1627.397,"Info","Arena",4,"Enter_Zone",4
1627.466,"Info","Arena",5,"Exit_Zone",1
1627.466,"Info","Arena",5,"Enter_Zone",4
1627.579,"Info","Arena",7,"Exit_Zone",3
1627.579,"Info","Arena",7,"Enter_Zone",1
1627.687,"Info","Arena",7,"Exit_Zone",1
1627.687,"Info","Arena",7,"Enter_Zone",3
1627.724,"Info","Arena",7,"Exit_Zone",3
1627.724,"Info","Arena",7,"Enter_Zone",1
1627.899,"Info","Arena",5,"Exit_Zone",4
1627.899,"Info","Arena",5,"Enter_Zone",2
1628.002,"Info","Arena",7,"Exit_Zone",1
1628.002,"Info","Arena",7,"Enter_Zone",3
1628.754,"Info","Arena",7,"Exit_Zone",3
1628.754,"Info","Arena",7,"Enter_Zone",1
1628.972,"Info","Arena",7,"Exit_Zone",1
1628.972,"Info","Arena",7,"Enter_Zone",3
1629.504,"Info","Arena",6,"Exit_Zone",2
1629.504,"Info","Arena",6,"Enter_Zone",4
1629.579,"Info","Arena",4,"Exit_Zone",4
1629.579,"Info","Arena",4,"Enter_Zone",2
1629.735,"Info","Arena",7,"Exit_Zone",3
1629.735,"Info","Arena",7,"Enter_Zone",4
1629.928,"Info","Arena",7,"Exit_Zone",4
1629.928,"Info","Arena",7,"Enter_Zone",2
1630.281,"Info","Arena",6,"Exit_Zone",4
1630.281,"Info","Arena",6,"Enter_Zone",3
1630.456,"Info","Arena",2,"Exit_Zone",3
1630.456,"Info","Arena",2,"Enter_Zone",4
1630.492,"Info","Arena",8,"Exit_Zone",2
1630.492,"Info","Arena",8,"Enter_Zone",4
1630.674,"Info","Arena",2,"Exit_Zone",4
1630.674,"Info","Arena",2,"Enter_Zone",2
1631.645,"Info","Arena",7,"Exit_Zone",2
1631.645,"Info","Arena",7,"Enter_Zone",1
1631.709,"Info","Arena",7,"Exit_Zone",1
1631.709,"Info","Arena",7,"Enter_Zone",2
1632.016,"Info","Arena",7,"Exit_Zone",2
1632.016,"Info","Arena",7,"Enter_Zone",1
1632.132,"Info","Arena",7,"Exit_Zone",1
1632.132,"Info","Arena",7,"Enter_Zone",2
1632.532,"Info","Arena",8,"Exit_Zone",4
1632.532,"Info","Arena",8,"Enter_Zone",1
1633.569,"Info","Arena",4,"Exit_Zone",2
1633.569,"Info","Arena",4,"Enter_Zone",4
1633.833,"Info","Arena",4,"Exit_Zone",4
1633.833,"Info","Arena",4,"Enter_Zone",1
1633.908,"Info","Arena",2,"Exit_Zone",2
1633.908,"Info","Arena",2,"Enter_Zone",3
1633.980,"Info","Arena",7,"Exit_Zone",2
1633.980,"Info","Arena",7,"Enter_Zone",1
1634.048,"Info","Arena",2,"Exit_Zone",3
1634.048,"Info","Arena",2,"Enter_Zone",2
1634.082,"Info","Arena",7,"Exit_Zone",1
1634.082,"Info","Arena",7,"Enter_Zone",2
1635.035,"Info","Arena",6,"Exit_Zone",3
1635.035,"Info","Arena",6,"Enter_Zone",4
1635.353,"Info","Arena",2,"Exit_Zone",2
1635.353,"Info","Arena",2,"Enter_Zone",4
1635.535,"Info","Arena",7,"Exit_Zone",2
1635.535,"Info","Arena",7,"Enter_Zone",1
1635.535,"Info","Arena",8,"Exit_Zone",1
1635.535,"Info","Arena",8,"Enter_Zone",4
1635.606,"Info","Arena",7,"Exit_Zone",1
1635.606,"Info","Arena",7,"Enter_Zone",2
1635.760,"Info","Arena",6,"Exit_Zone",4
1635.760,"Info","Arena",6,"Enter_Zone",2
1635.988,"Info","Arena",2,"Exit_Zone",4
1635.988,"Info","Arena",2,"Enter_Zone",1
1636.302,"Info","Arena",8,"Exit_Zone",4
1636.302,"Info","Arena",8,"Enter_Zone",2
1636.635,"Info","Arena",3,"Exit_Zone",3
1636.635,"Info","Arena",3,"Enter_Zone",4
1636.821,"Info","Arena",7,"Exit_Zone",2
1636.821,"Info","Arena",7,"Enter_Zone",4
1637.008,"Info","Arena",1,"Exit_Zone",1
1637.008,"Info","Arena",1,"Enter_Zone",4
1637.082,"Info","Arena",7,"Exit_Zone",4
1637.082,"Info","Arena",7,"Enter_Zone",1
1637.119,"Info","Arena",1,"Exit_Zone",4
1637.119,"Info","Arena",1,"Enter_Zone",2
1637.354,"Info","Arena",2,"Exit_Zone",1
1637.354,"Info","Arena",2,"Enter_Zone",3
1637.389,"Info","Arena",2,"Exit_Zone",3
1637.389,"Info","Arena",2,"Enter_Zone",1
1637.731,"Info","Arena",3,"Exit_Zone",4
1637.731,"Info","Arena",3,"Enter_Zone",1
1637.899,"Info","Arena",4,"Exit_Zone",1
1637.899,"Info","Arena",4,"Enter_Zone",4
1639.184,"Info","Arena",4,"Exit_Zone",4
1639.184,"Info","Arena",4,"Enter_Zone",2
1639.661,"Info","Arena",2,"Exit_Zone",1
1639.661,"Info","Arena",2,"Enter_Zone",3
1639.894,"Info","Arena",8,"Exit_Zone",2
1639.894,"Info","Arena",8,"Enter_Zone",4
1640.092,"Info","Arena",2,"Exit_Zone",3
1640.092,"Info","Arena",2,"Enter_Zone",1
1640.349,"Info","Arena",7,"Exit_Zone",1
1640.349,"Info","Arena",7,"Enter_Zone",4
1640.595,"Info","Arena",6,"Exit_Zone",2
1640.595,"Info","Arena",6,"Enter_Zone",4
1640.595,"Info","Arena",8,"Exit_Zone",4
1640.595,"Info","Arena",8,"Enter_Zone",1
1640.664,"Info","Arena",6,"Exit_Zone",4
1640.664,"Info","Arena",6,"Enter_Zone",2
1640.697,"Info","Arena",2,"Exit_Zone",1
1640.697,"Info","Arena",2,"Enter_Zone",4
1640.733,"Info","Arena",6,"Exit_Zone",2
1640.733,"Info","Arena",6,"Enter_Zone",4
1640.872,"Info","Arena",7,"Exit_Zone",4
1640.872,"Info","Arena",7,"Enter_Zone",3
1641.437,"Info","Arena",2,"Exit_Zone",4
1641.437,"Info","Arena",2,"Enter_Zone",3
1641.709,"Info","Arena",8,"Exit_Zone",1
1641.709,"Info","Arena",8,"Enter_Zone",4
1641.776,"Info","Arena",6,"Exit_Zone",4
1641.776,"Info","Arena",6,"Enter_Zone",1
1642.013,"Info","Arena",8,"Exit_Zone",4
1642.013,"Info","Arena",8,"Enter_Zone",3
1643.613,"Info","Arena",7,"Exit_Zone",3
1643.613,"Info","Arena",7,"Enter_Zone",4
1644.077,"Info","Arena",7,"Exit_Zone",4
1644.077,"Info","Arena",7,"Enter_Zone",2
1644.649,"Info","Arena",4,"Exit_Zone",2
1644.649,"Info","Arena",4,"Enter_Zone",4
1645.073,"Info","Arena",4,"Exit_Zone",4
1645.073,"Info","Arena",4,"Enter_Zone",1
1645.842,"Info","Arena",2,"Exit_Zone",3
1645.842,"Info","Arena",2,"Enter_Zone",4
1646.188,"Info","Arena",2,"Exit_Zone",4
1646.188,"Info","Arena",2,"Enter_Zone",2
1646.512,"Info","Arena",7,"Exit_Zone",2
1646.512,"Info","Arena",7,"Enter_Zone",1
1646.683,"Info","Arena",7,"Exit_Zone",1
1646.683,"Info","Arena",7,"Enter_Zone",2
1647.031,"Info","Arena",5,"Exit_Zone",2
1647.031,"Info","Arena",5,"Enter_Zone",4
1647.332,"Info","Arena",5,"Exit_Zone",4
1647.332,"Info","Arena",5,"Enter_Zone",3
1647.368,"Info","Arena",8,"Exit_Zone",3
1647.368,"Info","Arena",8,"Enter_Zone",4
1647.589,"Info","Arena",8,"Exit_Zone",4
1647.589,"Info","Arena",8,"Enter_Zone",1
1647.664,"Info","Arena",7,"Exit_Zone",2
1647.664,"Info","Arena",7,"Enter_Zone",4
1648.022,"Info","Arena",7,"Exit_Zone",4
1648.022,"Info","Arena",7,"Enter_Zone",1
1648.059,"Info","Arena",6,"Exit_Zone",1
1648.059,"Info","Arena",6,"Enter_Zone",4
1648.192,"Info","Arena",8,"Exit_Zone",1
1648.192,"Info","Arena",8,"Enter_Zone",4
1649.100,"Info","Arena",6,"Exit_Zone",4
1649.100,"Info","Arena",6,"Enter_Zone",3
1649.295,"Info","Arena",8,"Exit_Zone",4
1649.295,"Info","Arena",8,"Enter_Zone",2
1649.589,"Info","Arena",4,"Exit_Zone",1
1649.589,"Info","Arena",4,"Enter_Zone",4
1649.624,"Info","Arena",2,"Exit_Zone",2
1649.624,"Info","Arena",2,"Enter_Zone",4
1649.695,"Info","Arena",8,"Exit_Zone",2
1649.695,"Info","Arena",8,"Enter_Zone",4
1649.731,"Info","Arena",3,"Exit_Zone",1
1649.731,"Info","Arena",3,"Enter_Zone",4
1650.024,"Info","Arena",2,"Exit_Zone",4
1650.024,"Info","Arena",2,"Enter_Zone",3
1650.564,"Info","Arena",8,"Exit_Zone",4
1650.564,"Info","Arena",8,"Enter_Zone",1
1650.599,"Info","Arena",4,"Exit_Zone",4
1650.599,"Info","Arena",4,"Enter_Zone",3
1650.853,"Info","Arena",3,"Exit_Zone",4
1650.853,"Info","Arena",3,"Enter_Zone",2
1653.394,"Info","Arena",6,"Exit_Zone",3
1653.394,"Info","Arena",6,"Enter_Zone",4
1653.847,"Info","Arena",6,"Exit_Zone",4
1653.847,"Info","Arena",6,"Enter_Zone",1
1653.961,"Info","Arena",7,"Exit_Zone",1
1653.961,"Info","Arena",7,"Enter_Zone",4
1654.070,"Info","Arena",2,"Exit_Zone",3
1654.070,"Info","Arena",2,"Enter_Zone",4
1654.144,"Info","Arena",4,"Exit_Zone",3
1654.144,"Info","Arena",4,"Enter_Zone",4
1654.463,"Info","Arena",2,"Exit_Zone",4
1654.463,"Info","Arena",2,"Enter_Zone",2
1654.568,"Info","Arena",7,"Exit_Zone",4
1654.568,"Info","Arena",7,"Enter_Zone",3
1654.912,"Info","Arena",4,"Exit_Zone",4
1654.912,"Info","Arena",4,"Enter_Zone",1
1654.948,"Info","Arena",8,"Exit_Zone",1
1654.948,"Info","Arena",8,"Enter_Zone",4
1655.615,"Info","Arena",1,"Exit_Zone",2
1655.615,"Info","Arena",1,"Enter_Zone",4
1655.792,"Info","Arena",1,"Exit_Zone",4
1655.792,"Info","Arena",1,"Enter_Zone",3
1655.992,"Info","Arena",8,"Exit_Zone",4
1655.992,"Info","Arena",8,"Enter_Zone",3
1656.583,"Info","Arena",3,"Exit_Zone",2
1656.583,"Info","Arena",3,"Enter_Zone",1
1656.614,"Info","Arena",3,"Exit_Zone",1
1656.614,"Info","Arena",3,"Enter_Zone",2
1656.651,"Info","Arena",3,"Exit_Zone",2
1656.651,"Info","Arena",3,"Enter_Zone",1
1656.947,"Info","Arena",3,"Exit_Zone",1
1656.947,"Info","Arena",3,"Enter_Zone",2
1656.985,"Info","Arena",3,"Exit_Zone",2
1656.985,"Info","Arena",3,"Enter_Zone",1
1657.017,"Info","Arena",3,"Exit_Zone",1
1657.017,"Info","Arena",3,"Enter_Zone",2
1657.116,"Info","Arena",1,"Exit_Zone",3
1657.116,"Info","Arena",1,"Enter_Zone",4
1657.116,"Info","Arena",2,"Exit_Zone",2
1657.116,"Info","Arena",2,"Enter_Zone",3
1657.116,"Info","Arena",3,"Exit_Zone",2
1657.116,"Info","Arena",3,"Enter_Zone",1
1657.146,"Info","Arena",3,"Exit_Zone",1
1657.146,"Info","Arena",3,"Enter_Zone",2
1657.222,"Info","Arena",1,"Exit_Zone",4
1657.222,"Info","Arena",1,"Enter_Zone",2
1657.288,"Info","Arena",7,"Exit_Zone",3
1657.288,"Info","Arena",7,"Enter_Zone",4
1657.822,"Info","Arena",2,"Exit_Zone",3
1657.822,"Info","Arena",2,"Enter_Zone",2
1657.822,"Info","Arena",6,"Exit_Zone",1
1657.822,"Info","Arena",6,"Enter_Zone",4
1657.934,"Info","Arena",7,"Exit_Zone",4
1657.934,"Info","Arena",7,"Enter_Zone",2
1658.161,"Info","Arena",3,"Exit_Zone",2
1658.161,"Info","Arena",3,"Enter_Zone",4
1658.280,"Info","Arena",4,"Exit_Zone",1
1658.280,"Info","Arena",4,"Enter_Zone",4
1658.357,"Info","Arena",6,"Exit_Zone",4
1658.357,"Info","Arena",6,"Enter_Zone",3
1658.939,"Info","Arena",2,"Exit_Zone",2
1658.939,"Info","Arena",2,"Enter_Zone",4
1659.264,"Info","Arena",4,"Exit_Zone",4
1659.264,"Info","Arena",4,"Enter_Zone",2
1659.409,"Info","Arena",3,"Exit_Zone",4
1659.409,"Info","Arena",3,"Enter_Zone",3
1659.691,"Info","Arena",2,"Exit_Zone",4
1659.691,"Info","Arena",2,"Enter_Zone",1
1660.026,"Info","Arena",7,"Exit_Zone",2
1660.026,"Info","Arena",7,"Enter_Zone",1
1660.403,"Info","Arena",1,"Exit_Zone",2
1660.403,"Info","Arena",1,"Enter_Zone",4
1660.403,"Info","Arena",7,"Exit_Zone",1
1660.403,"Info","Arena",7,"Enter_Zone",2
1660.508,"Info","Arena",8,"Exit_Zone",3
1660.508,"Info","Arena",8,"Enter_Zone",4
1660.548,"Info","Arena",1,"Exit_Zone",4
1660.548,"Info","Arena",1,"Enter_Zone",3
1660.806,"Info","Arena",5,"Exit_Zone",3
1660.806,"Info","Arena",5,"Enter_Zone",4
1660.956,"Info","Arena",2,"Exit_Zone",1
1660.956,"Info","Arena",2,"Enter_Zone",3
1661.056,"Info","Arena",2,"Exit_Zone",3
1661.056,"Info","Arena",2,"Enter_Zone",1
1661.601,"Info","Arena",7,"Exit_Zone",2
1661.601,"Info","Arena",7,"Enter_Zone",4
1661.672,"Info","Arena",1,"Exit_Zone",3
1661.672,"Info","Arena",1,"Enter_Zone",4
1661.712,"Info","Arena",1,"Exit_Zone",4
1661.712,"Info","Arena",1,"Enter_Zone",2
1662.042,"Info","Arena",5,"Exit_Zone",4
1662.042,"Info","Arena",5,"Enter_Zone",1
1662.042,"Info","Arena",8,"Exit_Zone",4
1662.042,"Info","Arena",8,"Enter_Zone",2
1662.081,"Info","Arena",7,"Exit_Zone",4
1662.081,"Info","Arena",7,"Enter_Zone",1
1662.701,"Info","Arena",1,"Exit_Zone",2
1662.701,"Info","Arena",1,"Enter_Zone",4
1662.776,"Info","Arena",2,"Exit_Zone",1
1662.776,"Info","Arena",2,"Enter_Zone",3
1662.853,"Info","Arena",1,"Exit_Zone",4
1662.853,"Info","Arena",1,"Enter_Zone",3
1662.960,"Info","Arena",2,"Exit_Zone",3
1662.960,"Info","Arena",2,"Enter_Zone",1
1663.558,"Info","Arena",2,"Exit_Zone",1
1663.558,"Info","Arena",2,"Enter_Zone",3
1663.592,"Info","Arena",2,"Exit_Zone",3
1663.592,"Info","Arena",2,"Enter_Zone",1
1663.626,"Info","Arena",6,"Exit_Zone",3
1663.626,"Info","Arena",6,"Enter_Zone",4
1664.312,"Info","Arena",6,"Exit_Zone",4
1664.312,"Info","Arena",6,"Enter_Zone",3
1665.480,"Info","Arena",7,"Exit_Zone",1
1665.480,"Info","Arena",7,"Enter_Zone",4
1665.628,"Info","Arena",2,"Exit_Zone",1
1665.628,"Info","Arena",2,"Enter_Zone",4
1665.887,"Info","Arena",7,"Exit_Zone",4
1665.887,"Info","Arena",7,"Enter_Zone",3
1666.501,"Info","Arena",4,"Exit_Zone",2
1666.501,"Info","Arena",4,"Enter_Zone",4
1666.714,"Info","Arena",2,"Exit_Zone",4
1666.714,"Info","Arena",2,"Enter_Zone",3
1667.110,"Info","Arena",8,"Exit_Zone",2
1667.110,"Info","Arena",8,"Enter_Zone",4
1667.297,"Info","Arena",7,"Exit_Zone",3
1667.297,"Info","Arena",7,"Enter_Zone",4
1667.885,"Info","Arena",7,"Exit_Zone",4
1667.885,"Info","Arena",7,"Enter_Zone",2
1667.924,"Info","Arena",6,"Exit_Zone",3
1667.924,"Info","Arena",6,"Enter_Zone",4
1667.960,"Info","Arena",4,"Exit_Zone",4
1667.960,"Info","Arena",4,"Enter_Zone",3
1668.314,"Info","Arena",1,"Exit_Zone",3
1668.314,"Info","Arena",1,"Enter_Zone",4
1668.391,"Info","Arena",1,"Exit_Zone",4
1668.391,"Info","Arena",1,"Enter_Zone",2
1668.469,"Info","Arena",2,"Exit_Zone",3
1668.469,"Info","Arena",2,"Enter_Zone",4
1668.587,"Info","Arena",8,"Exit_Zone",4
1668.587,"Info","Arena",8,"Enter_Zone",1
1668.823,"Info","Arena",1,"Exit_Zone",2
1668.823,"Info","Arena",1,"Enter_Zone",4
1668.898,"Info","Arena",1,"Exit_Zone",4
1668.898,"Info","Arena",1,"Enter_Zone",3
1668.973,"Info","Arena",2,"Exit_Zone",4
1668.973,"Info","Arena",2,"Enter_Zone",2
1669.676,"Info","Arena",6,"Exit_Zone",4
1669.676,"Info","Arena",6,"Enter_Zone",2
1669.850,"Info","Arena",5,"Exit_Zone",1
1669.850,"Info","Arena",5,"Enter_Zone",4
1670.167,"Info","Arena",7,"Exit_Zone",2
1670.167,"Info","Arena",7,"Enter_Zone",1
1670.281,"Info","Arena",7,"Exit_Zone",1
1670.281,"Info","Arena",7,"Enter_Zone",2
1670.879,"Info","Arena",2,"Exit_Zone",2
1670.879,"Info","Arena",2,"Enter_Zone",3
1670.948,"Info","Arena",5,"Exit_Zone",4
1670.948,"Info","Arena",5,"Enter_Zone",3
1671.365,"Info","Arena",2,"Exit_Zone",3
1671.365,"Info","Arena",2,"Enter_Zone",2
1671.505,"Info","Arena",4,"Exit_Zone",3
1671.505,"Info","Arena",4,"Enter_Zone",4
1671.505,"Info","Arena",7,"Exit_Zone",2
1671.505,"Info","Arena",7,"Enter_Zone",4
1671.538,"Info","Arena",7,"Exit_Zone",4
1671.538,"Info","Arena",7,"Enter_Zone",2
1671.573,"Info","Arena",7,"Exit_Zone",2
1671.573,"Info","Arena",7,"Enter_Zone",4
1672.028,"Info","Arena",7,"Exit_Zone",4
1672.028,"Info","Arena",7,"Enter_Zone",2
1672.135,"Info","Arena",4,"Exit_Zone",4
1672.135,"Info","Arena",4,"Enter_Zone",1
1672.948,"Info","Arena",8,"Exit_Zone",1
1672.948,"Info","Arena",8,"Enter_Zone",4
1673.047,"Info","Arena",2,"Exit_Zone",2
1673.047,"Info","Arena",2,"Enter_Zone",4
1673.389,"Info","Arena",2,"Exit_Zone",4
1673.389,"Info","Arena",2,"Enter_Zone",1
1673.715,"Info","Arena",7,"Exit_Zone",2
1673.715,"Info","Arena",7,"Enter_Zone",1
1673.784,"Info","Arena",7,"Exit_Zone",1
1673.784,"Info","Arena",7,"Enter_Zone",2
1674.836,"Info","Arena",6,"Exit_Zone",2
1674.836,"Info","Arena",6,"Enter_Zone",4
1674.872,"Info","Arena",7,"Exit_Zone",2
1674.872,"Info","Arena",7,"Enter_Zone",4
1675.158,"Info","Arena",7,"Exit_Zone",4
1675.158,"Info","Arena",7,"Enter_Zone",1
1675.422,"Info","Arena",8,"Exit_Zone",4
1675.422,"Info","Arena",8,"Enter_Zone",3
1675.566,"Info","Arena",4,"Exit_Zone",1
1675.566,"Info","Arena",4,"Enter_Zone",4
1676.272,"Info","Arena",6,"Exit_Zone",4
1676.272,"Info","Arena",6,"Enter_Zone",1
1676.747,"Info","Arena",4,"Exit_Zone",4
1676.747,"Info","Arena",4,"Enter_Zone",3
1677.286,"Info","Arena",2,"Exit_Zone",1
1677.286,"Info","Arena",2,"Enter_Zone",4
1677.755,"Info","Arena",7,"Exit_Zone",1
1677.755,"Info","Arena",7,"Enter_Zone",4
1677.899,"Info","Arena",7,"Exit_Zone",4
1677.899,"Info","Arena",7,"Enter_Zone",2
1678.149,"Info","Arena",2,"Exit_Zone",4
1678.149,"Info","Arena",2,"Enter_Zone",3
1678.185,"Info","Arena",2,"Exit_Zone",3
1678.185,"Info","Arena",2,"Enter_Zone",4
1678.230,"Info","Arena",2,"Exit_Zone",4
1678.230,"Info","Arena",2,"Enter_Zone",3
1678.369,"Info","Arena",7,"Exit_Zone",2
1678.369,"Info","Arena",7,"Enter_Zone",4
1678.581,"Info","Arena",7,"Exit_Zone",4
1678.581,"Info","Arena",7,"Enter_Zone",3
1678.757,"Info","Arena",1,"Exit_Zone",3
1678.757,"Info","Arena",1,"Enter_Zone",4
1678.969,"Info","Arena",1,"Exit_Zone",4
1678.969,"Info","Arena",1,"Enter_Zone",1
1679.647,"Info","Arena",8,"Exit_Zone",3
1679.647,"Info","Arena",8,"Enter_Zone",4
1679.683,"Info","Arena",7,"Exit_Zone",3
1679.683,"Info","Arena",7,"Enter_Zone",1
1679.786,"Info","Arena",7,"Exit_Zone",1
1679.786,"Info","Arena",7,"Enter_Zone",3
1679.860,"Info","Arena",7,"Exit_Zone",3
1679.860,"Info","Arena",7,"Enter_Zone",1
1679.896,"Info","Arena",7,"Exit_Zone",1
1679.896,"Info","Arena",7,"Enter_Zone",3
1680.040,"Info","Arena",1,"Exit_Zone",1
1680.040,"Info","Arena",1,"Enter_Zone",4
1680.148,"Info","Arena",1,"Exit_Zone",4
1680.148,"Info","Arena",1,"Enter_Zone",3
1680.524,"Info","Arena",6,"Exit_Zone",1
1680.524,"Info","Arena",6,"Enter_Zone",4
1680.524,"Info","Arena",7,"Exit_Zone",3
1680.524,"Info","Arena",7,"Enter_Zone",1
1680.560,"Info","Arena",7,"Exit_Zone",1
1680.560,"Info","Arena",7,"Enter_Zone",3
1680.781,"Info","Arena",4,"Exit_Zone",3
1680.781,"Info","Arena",4,"Enter_Zone",4
1681.072,"Info","Arena",6,"Exit_Zone",4
1681.072,"Info","Arena",6,"Enter_Zone",1
1681.461,"Info","Arena",7,"Exit_Zone",3
1681.461,"Info","Arena",7,"Enter_Zone",4
1681.499,"Info","Arena",4,"Exit_Zone",4
1681.499,"Info","Arena",4,"Enter_Zone",1
1681.575,"Info","Arena",1,"Exit_Zone",3
1681.575,"Info","Arena",1,"Enter_Zone",4
1681.575,"Info","Arena",6,"Exit_Zone",1
1681.575,"Info","Arena",6,"Enter_Zone",4
1681.619,"Info","Arena",5,"Exit_Zone",3
1681.619,"Info","Arena",5,"Enter_Zone",4
1681.657,"Info","Arena",6,"Exit_Zone",4
1681.657,"Info","Arena",6,"Enter_Zone",1
1681.733,"Info","Arena",1,"Exit_Zone",4
1681.733,"Info","Arena",1,"Enter_Zone",1
1681.811,"Info","Arena",6,"Exit_Zone",1
1681.811,"Info","Arena",6,"Enter_Zone",4
1681.811,"Info","Arena",7,"Exit_Zone",4
1681.811,"Info","Arena",7,"Enter_Zone",2
1682.083,"Info","Arena",5,"Exit_Zone",4
1682.083,"Info","Arena",5,"Enter_Zone",1
1682.083,"Info","Arena",6,"Exit_Zone",4
1682.083,"Info","Arena",6,"Enter_Zone",2
1682.914,"Info","Arena",1,"Exit_Zone",1
1682.914,"Info","Arena",1,"Enter_Zone",4
1682.951,"Info","Arena",3,"Exit_Zone",3
1682.951,"Info","Arena",3,"Enter_Zone",4
1683.168,"Info","Arena",1,"Exit_Zone",4
1683.168,"Info","Arena",1,"Enter_Zone",3
1683.506,"Info","Arena",3,"Exit_Zone",4
1683.506,"Info","Arena",3,"Enter_Zone",1
1683.917,"Info","Arena",1,"Exit_Zone",3
1683.917,"Info","Arena",1,"Enter_Zone",4
1684.069,"Info","Arena",1,"Exit_Zone",4
1684.069,"Info","Arena",1,"Enter_Zone",1
1684.342,"Info","Arena",2,"Exit_Zone",3
1684.342,"Info","Arena",2,"Enter_Zone",4
1684.528,"Info","Arena",8,"Exit_Zone",4
1684.528,"Info","Arena",8,"Enter_Zone",3
1684.881,"Info","Arena",2,"Exit_Zone",4
1684.881,"Info","Arena",2,"Enter_Zone",2
1684.987,"Info","Arena",7,"Exit_Zone",2
1684.987,"Info","Arena",7,"Enter_Zone",4
1685.423,"Info","Arena",1,"Exit_Zone",1
1685.423,"Info","Arena",1,"Enter_Zone",4
1685.497,"Info","Arena",7,"Exit_Zone",4
1685.497,"Info","Arena",7,"Enter_Zone",1
1685.641,"Info","Arena",1,"Exit_Zone",4
1685.641,"Info","Arena",1,"Enter_Zone",3
1685.641,"Info","Arena",4,"Exit_Zone",1
1685.641,"Info","Arena",4,"Enter_Zone",4
1686.139,"Info","Arena",2,"Exit_Zone",2
1686.139,"Info","Arena",2,"Enter_Zone",3
1686.533,"Info","Arena",4,"Exit_Zone",4
1686.533,"Info","Arena",4,"Enter_Zone",2
1686.567,"Info","Arena",7,"Exit_Zone",1
1686.567,"Info","Arena",7,"Enter_Zone",4
1686.672,"Info","Arena",6,"Exit_Zone",2
1686.672,"Info","Arena",6,"Enter_Zone",4
1686.742,"Info","Arena",2,"Exit_Zone",3
1686.742,"Info","Arena",2,"Enter_Zone",2
1687.185,"Info","Arena",7,"Exit_Zone",4
1687.185,"Info","Arena",7,"Enter_Zone",3
1687.232,"Info","Arena",5,"Exit_Zone",1
1687.232,"Info","Arena",5,"Enter_Zone",4
1687.448,"Info","Arena",5,"Exit_Zone",4
1687.448,"Info","Arena",5,"Enter_Zone",2
1687.637,"Info","Arena",1,"Exit_Zone",3
1687.637,"Info","Arena",1,"Enter_Zone",2
1687.678,"Info","Arena",1,"Exit_Zone",2
1687.678,"Info","Arena",1,"Enter_Zone",3
1687.678,"Info","Arena",7,"Exit_Zone",3
1687.678,"Info","Arena",7,"Enter_Zone",1
1687.789,"Info","Arena",6,"Exit_Zone",4
1687.789,"Info","Arena",6,"Enter_Zone",1
1687.903,"Info","Arena",7,"Exit_Zone",1
1687.903,"Info","Arena",7,"Enter_Zone",3
1688.445,"Info","Arena",2,"Exit_Zone",2
1688.445,"Info","Arena",2,"Enter_Zone",4
1688.445,"Info","Arena",7,"Exit_Zone",3
1688.445,"Info","Arena",7,"Enter_Zone",1
1688.478,"Info","Arena",7,"Exit_Zone",1
1688.478,"Info","Arena",7,"Enter_Zone",3
1688.478,"Info","Arena",8,"Exit_Zone",3
1688.478,"Info","Arena",8,"Enter_Zone",4
1688.733,"Info","Arena",2,"Exit_Zone",4
1688.733,"Info","Arena",2,"Enter_Zone",1
1688.954,"Info","Arena",7,"Exit_Zone",3
1688.954,"Info","Arena",7,"Enter_Zone",4
1689.218,"Info","Arena",1,"Exit_Zone",3
1689.218,"Info","Arena",1,"Enter_Zone",4
1689.505,"Info","Arena",1,"Exit_Zone",4
1689.505,"Info","Arena",1,"Enter_Zone",1
1689.505,"Info","Arena",7,"Exit_Zone",4
1689.505,"Info","Arena",7,"Enter_Zone",2
1690.336,"Info","Arena",8,"Exit_Zone",4
1690.336,"Info","Arena",8,"Enter_Zone",1
1691.414,"Info","Arena",4,"Exit_Zone",2
1691.414,"Info","Arena",4,"Enter_Zone",4
1691.710,"Info","Arena",6,"Exit_Zone",1
1691.710,"Info","Arena",6,"Enter_Zone",4
1691.748,"Info","Arena",6,"Exit_Zone",4
1691.748,"Info","Arena",6,"Enter_Zone",2
1692.254,"Info","Arena",4,"Exit_Zone",4
1692.254,"Info","Arena",4,"Enter_Zone",3
1692.779,"Info","Arena",6,"Exit_Zone",2
1692.779,"Info","Arena",6,"Enter_Zone",4
1692.967,"Info","Arena",6,"Exit_Zone",4
1692.967,"Info","Arena",6,"Enter_Zone",1
1693.842,"Info","Arena",2,"Exit_Zone",1
1693.842,"Info","Arena",2,"Enter_Zone",4
1693.983,"Info","Arena",2,"Exit_Zone",4
1693.983,"Info","Arena",2,"Enter_Zone",2
1694.372,"Info","Arena",7,"Exit_Zone",2
1694.372,"Info","Arena",7,"Enter_Zone",4
1694.510,"Info","Arena",5,"Exit_Zone",2
1694.510,"Info","Arena",5,"Enter_Zone",4
1694.545,"Info","Arena",1,"Exit_Zone",1
1694.545,"Info","Arena",1,"Enter_Zone",4
1694.644,"Info","Arena",7,"Exit_Zone",4
1694.644,"Info","Arena",7,"Enter_Zone",2
1694.679,"Info","Arena",5,"Exit_Zone",4
1694.679,"Info","Arena",5,"Enter_Zone",3
1694.958,"Info","Arena",1,"Exit_Zone",4
1694.958,"Info","Arena",1,"Enter_Zone",1
1695.909,"Info","Arena",7,"Exit_Zone",2
1695.909,"Info","Arena",7,"Enter_Zone",1
1695.976,"Info","Arena",7,"Exit_Zone",1
1695.976,"Info","Arena",7,"Enter_Zone",2
1697.034,"Info","Arena",6,"Exit_Zone",1
1697.034,"Info","Arena",6,"Enter_Zone",4
1697.067,"Info","Arena",4,"Exit_Zone",3
1697.067,"Info","Arena",4,"Enter_Zone",4
1697.566,"Info","Arena",6,"Exit_Zone",4
1697.566,"Info","Arena",6,"Enter_Zone",2
1698.049,"Info","Arena",8,"Exit_Zone",1
1698.049,"Info","Arena",8,"Enter_Zone",4
1698.356,"Info","Arena",7,"Exit_Zone",2
1698.356,"Info","Arena",7,"Enter_Zone",4
1698.653,"Info","Arena",7,"Exit_Zone",4
1698.653,"Info","Arena",7,"Enter_Zone",1
1698.799,"Info","Arena",2,"Exit_Zone",2
1698.799,"Info","Arena",2,"Enter_Zone",4
1698.878,"Info","Arena",4,"Exit_Zone",4
1698.878,"Info","Arena",4,"Enter_Zone",3
1698.953,"Info","Arena",5,"Exit_Zone",3
1698.953,"Info","Arena",5,"Enter_Zone",4
1699.143,"Info","Arena",8,"Exit_Zone",4
1699.143,"Info","Arena",8,"Enter_Zone",3
1699.182,"Info","Arena",2,"Exit_Zone",4
1699.182,"Info","Arena",2,"Enter_Zone",3
1699.229,"Info","Arena",1,"Exit_Zone",1
1699.229,"Info","Arena",1,"Enter_Zone",4
1699.379,"Info","Arena",1,"Exit_Zone",4
1699.379,"Info","Arena",1,"Enter_Zone",2
1699.604,"Info","Arena",5,"Exit_Zone",4
1699.604,"Info","Arena",5,"Enter_Zone",2
1700.088,"Info","Arena",1,"Exit_Zone",2
1700.088,"Info","Arena",1,"Enter_Zone",4
1700.247,"Info","Arena",1,"Exit_Zone",4
1700.247,"Info","Arena",1,"Enter_Zone",1
1700.355,"Info","Arena",5,"Exit_Zone",2
1700.355,"Info","Arena",5,"Enter_Zone",4
1700.542,"Info","Arena",5,"Exit_Zone",4
1700.542,"Info","Arena",5,"Enter_Zone",1
1702.497,"Info","Arena",6,"Exit_Zone",2
1702.497,"Info","Arena",6,"Enter_Zone",4
1702.645,"Info","Arena",7,"Exit_Zone",1
1702.645,"Info","Arena",7,"Enter_Zone",4
1703.202,"Info","Arena",7,"Exit_Zone",4
1703.202,"Info","Arena",7,"Enter_Zone",3
1703.476,"Info","Arena",6,"Exit_Zone",4
1703.476,"Info","Arena",6,"Enter_Zone",3
1704.098,"Info","Arena",2,"Exit_Zone",3
1704.098,"Info","Arena",2,"Enter_Zone",4
1704.427,"Info","Arena",2,"Exit_Zone",4
1704.427,"Info","Arena",2,"Enter_Zone",2
1705.701,"Info","Arena",8,"Exit_Zone",3
1705.701,"Info","Arena",8,"Enter_Zone",4
1705.771,"Info","Arena",7,"Exit_Zone",3
1705.771,"Info","Arena",7,"Enter_Zone",4
1705.880,"Info","Arena",1,"Exit_Zone",1
1705.880,"Info","Arena",1,"Enter_Zone",4
1705.988,"Info","Arena",1,"Exit_Zone",4
1705.988,"Info","Arena",1,"Enter_Zone",2
1706.058,"Info","Arena",2,"Exit_Zone",2
1706.058,"Info","Arena",2,"Enter_Zone",3
1706.473,"Info","Arena",7,"Exit_Zone",4
1706.473,"Info","Arena",7,"Enter_Zone",2
1706.570,"Info","Arena",2,"Exit_Zone",3
1706.570,"Info","Arena",2,"Enter_Zone",2
1706.914,"Info","Arena",8,"Exit_Zone",4
1706.914,"Info","Arena",8,"Enter_Zone",2
1706.949,"Info","Arena",8,"Exit_Zone",2
1706.949,"Info","Arena",8,"Enter_Zone",4
1706.982,"Info","Arena",8,"Exit_Zone",4
1706.982,"Info","Arena",8,"Enter_Zone",2
1707.021,"Info","Arena",8,"Exit_Zone",2
1707.021,"Info","Arena",8,"Enter_Zone",4
1707.054,"Info","Arena",8,"Exit_Zone",4
1707.054,"Info","Arena",8,"Enter_Zone",2
1707.089,"Info","Arena",8,"Exit_Zone",2
1707.089,"Info","Arena",8,"Enter_Zone",4
1707.123,"Info","Arena",6,"Exit_Zone",3
1707.123,"Info","Arena",6,"Enter_Zone",4
1707.123,"Info","Arena",8,"Exit_Zone",4
1707.123,"Info","Arena",8,"Enter_Zone",2
1707.705,"Info","Arena",6,"Exit_Zone",4
1707.705,"Info","Arena",6,"Enter_Zone",1
1707.741,"Info","Arena",6,"Exit_Zone",1
1707.741,"Info","Arena",6,"Enter_Zone",4
1707.777,"Info","Arena",6,"Exit_Zone",4
1707.777,"Info","Arena",6,"Enter_Zone",1
1708.309,"Info","Arena",4,"Exit_Zone",3
1708.309,"Info","Arena",4,"Enter_Zone",4
1708.521,"Info","Arena",2,"Exit_Zone",2
1708.521,"Info","Arena",2,"Enter_Zone",4
1708.627,"Info","Arena",5,"Exit_Zone",1
1708.627,"Info","Arena",5,"Enter_Zone",4
1708.698,"Info","Arena",4,"Exit_Zone",4
1708.698,"Info","Arena",4,"Enter_Zone",3
1708.735,"Info","Arena",4,"Exit_Zone",3
1708.735,"Info","Arena",4,"Enter_Zone",4
1708.877,"Info","Arena",4,"Exit_Zone",4
1708.877,"Info","Arena",4,"Enter_Zone",3
1708.950,"Info","Arena",5,"Exit_Zone",4
1708.950,"Info","Arena",5,"Enter_Zone",2
1709.457,"Info","Arena",2,"Exit_Zone",4
1709.457,"Info","Arena",2,"Enter_Zone",3
1709.929,"Info","Arena",7,"Exit_Zone",2
1709.929,"Info","Arena",7,"Enter_Zone",4
1710.152,"Info","Arena",6,"Exit_Zone",1
1710.152,"Info","Arena",6,"Enter_Zone",4
1710.382,"Info","Arena",7,"Exit_Zone",4
1710.382,"Info","Arena",7,"Enter_Zone",1
1710.638,"Info","Arena",6,"Exit_Zone",4
1710.638,"Info","Arena",6,"Enter_Zone",3
1711.119,"Info","Arena",5,"Exit_Zone",2
1711.119,"Info","Arena",5,"Enter_Zone",1
1711.521,"Info","Arena",5,"Exit_Zone",1
1711.521,"Info","Arena",5,"Enter_Zone",2
1712.175,"Info","Arena",8,"Exit_Zone",2
1712.175,"Info","Arena",8,"Enter_Zone",4
1713.595,"Info","Arena",6,"Exit_Zone",3
1713.595,"Info","Arena",6,"Enter_Zone",4
1713.745,"Info","Arena",2,"Exit_Zone",3
1713.745,"Info","Arena",2,"Enter_Zone",4
1714.082,"Info","Arena",2,"Exit_Zone",4
1714.082,"Info","Arena",2,"Enter_Zone",2
1714.387,"Info","Arena",7,"Exit_Zone",1
1714.387,"Info","Arena",7,"Enter_Zone",4
1714.387,"Info","Arena",8,"Exit_Zone",4
1714.387,"Info","Arena",8,"Enter_Zone",1
1714.575,"Info","Arena",6,"Exit_Zone",4
1714.575,"Info","Arena",6,"Enter_Zone",1
1714.960,"Info","Arena",4,"Exit_Zone",3
1714.960,"Info","Arena",4,"Enter_Zone",4
1714.998,"Info","Arena",1,"Exit_Zone",2
1714.998,"Info","Arena",1,"Enter_Zone",4
1714.998,"Info","Arena",7,"Exit_Zone",4
1714.998,"Info","Arena",7,"Enter_Zone",3
1715.117,"Info","Arena",1,"Exit_Zone",4
1715.117,"Info","Arena",1,"Enter_Zone",3
1715.361,"Info","Arena",4,"Exit_Zone",4
1715.361,"Info","Arena",4,"Enter_Zone",1
1715.398,"Info","Arena",2,"Exit_Zone",2
1715.398,"Info","Arena",2,"Enter_Zone",3
1715.582,"Info","Arena",4,"Exit_Zone",1
1715.582,"Info","Arena",4,"Enter_Zone",4
1715.985,"Info","Arena",2,"Exit_Zone",3
1715.985,"Info","Arena",2,"Enter_Zone",2
1715.985,"Info","Arena",5,"Exit_Zone",2
1715.985,"Info","Arena",5,"Enter_Zone",4
1716.985,"Info","Arena",5,"Exit_Zone",4
1716.985,"Info","Arena",5,"Enter_Zone",1
1717.022,"Info","Arena",5,"Exit_Zone",1
1717.022,"Info","Arena",5,"Enter_Zone",4
1717.057,"Info","Arena",5,"Exit_Zone",4
1717.057,"Info","Arena",5,"Enter_Zone",1
1717.705,"Info","Arena",2,"Exit_Zone",2
1717.705,"Info","Arena",2,"Enter_Zone",4
1718.062,"Info","Arena",4,"Exit_Zone",4
1718.062,"Info","Arena",4,"Enter_Zone",1
1718.062,"Info","Arena",7,"Exit_Zone",3
1718.062,"Info","Arena",7,"Enter_Zone",4
1718.099,"Info","Arena",4,"Exit_Zone",1
1718.099,"Info","Arena",4,"Enter_Zone",4
1718.133,"Info","Arena",4,"Exit_Zone",4
1718.133,"Info","Arena",4,"Enter_Zone",1
1718.542,"Info","Arena",2,"Exit_Zone",4
1718.542,"Info","Arena",2,"Enter_Zone",3
1718.650,"Info","Arena",7,"Exit_Zone",4
1718.650,"Info","Arena",7,"Enter_Zone",2
1719.052,"Info","Arena",6,"Exit_Zone",1
1719.052,"Info","Arena",6,"Enter_Zone",4
1719.512,"Info","Arena",6,"Exit_Zone",4
1719.512,"Info","Arena",6,"Enter_Zone",3
1720.472,"Info","Arena",1,"Exit_Zone",3
1720.472,"Info","Arena",1,"Enter_Zone",4
1720.545,"Info","Arena",1,"Exit_Zone",4
1720.545,"Info","Arena",1,"Enter_Zone",2
1721.093,"Info","Arena",7,"Exit_Zone",2
1721.093,"Info","Arena",7,"Enter_Zone",4
1721.413,"Info","Arena",6,"Exit_Zone",3
1721.413,"Info","Arena",6,"Enter_Zone",4
1721.532,"Info","Arena",7,"Exit_Zone",4
1721.532,"Info","Arena",7,"Enter_Zone",1
1722.019,"Info","Arena",2,"Exit_Zone",3
1722.019,"Info","Arena",2,"Enter_Zone",4
1722.092,"Info","Arena",6,"Exit_Zone",4
1722.092,"Info","Arena",6,"Enter_Zone",2
1722.277,"Info","Arena",2,"Exit_Zone",4
1722.277,"Info","Arena",2,"Enter_Zone",2
1722.970,"Info","Arena",5,"Exit_Zone",1
1722.970,"Info","Arena",5,"Enter_Zone",4
1723.150,"Info","Arena",1,"Exit_Zone",2
1723.150,"Info","Arena",1,"Enter_Zone",4
1723.232,"Info","Arena",5,"Exit_Zone",4
1723.232,"Info","Arena",5,"Enter_Zone",2
1723.266,"Info","Arena",1,"Exit_Zone",4
1723.266,"Info","Arena",1,"Enter_Zone",3
1723.762,"Info","Arena",2,"Exit_Zone",2
1723.762,"Info","Arena",2,"Enter_Zone",3
1723.799,"Info","Arena",2,"Exit_Zone",3
1723.799,"Info","Arena",2,"Enter_Zone",2
1724.342,"Info","Arena",4,"Exit_Zone",1
1724.342,"Info","Arena",4,"Enter_Zone",4
1724.379,"Info","Arena",7,"Exit_Zone",1
1724.379,"Info","Arena",7,"Enter_Zone",4
1724.592,"Info","Arena",2,"Exit_Zone",2
1724.592,"Info","Arena",2,"Enter_Zone",4
1724.872,"Info","Arena",7,"Exit_Zone",4
1724.872,"Info","Arena",7,"Enter_Zone",3
1724.906,"Info","Arena",2,"Exit_Zone",4
1724.906,"Info","Arena",2,"Enter_Zone",1
1725.048,"Info","Arena",4,"Exit_Zone",4
1725.048,"Info","Arena",4,"Enter_Zone",3
1725.799,"Info","Arena",7,"Exit_Zone",3
1725.799,"Info","Arena",7,"Enter_Zone",1
1725.869,"Info","Arena",7,"Exit_Zone",1
1725.869,"Info","Arena",7,"Enter_Zone",3
1726.611,"Info","Arena",7,"Exit_Zone",3
1726.611,"Info","Arena",7,"Enter_Zone",1
1726.719,"Info","Arena",7,"Exit_Zone",1
1726.719,"Info","Arena",7,"Enter_Zone",3
1727.157,"Info","Arena",8,"Exit_Zone",1
1727.157,"Info","Arena",8,"Enter_Zone",4
1727.276,"Info","Arena",8,"Exit_Zone",4
1727.276,"Info","Arena",8,"Enter_Zone",2
1727.377,"Info","Arena",7,"Exit_Zone",3
1727.377,"Info","Arena",7,"Enter_Zone",4
1727.482,"Info","Arena",6,"Exit_Zone",2
1727.482,"Info","Arena",6,"Enter_Zone",4
1728.001,"Info","Arena",7,"Exit_Zone",4
1728.001,"Info","Arena",7,"Enter_Zone",2
1728.035,"Info","Arena",2,"Exit_Zone",1
1728.035,"Info","Arena",2,"Enter_Zone",3
1728.217,"Info","Arena",6,"Exit_Zone",4
1728.217,"Info","Arena",6,"Enter_Zone",1
1728.253,"Info","Arena",2,"Exit_Zone",3
1728.253,"Info","Arena",2,"Enter_Zone",1
1728.976,"Info","Arena",7,"Exit_Zone",2
1728.976,"Info","Arena",7,"Enter_Zone",1
1729.047,"Info","Arena",7,"Exit_Zone",1
1729.047,"Info","Arena",7,"Enter_Zone",2
1729.648,"Info","Arena",2,"Exit_Zone",1
1729.648,"Info","Arena",2,"Enter_Zone",4
1729.648,"Info","Arena",4,"Exit_Zone",3
1729.648,"Info","Arena",4,"Enter_Zone",4
1729.821,"Info","Arena",4,"Exit_Zone",4
1729.821,"Info","Arena",4,"Enter_Zone",3
1730.309,"Info","Arena",2,"Exit_Zone",4
1730.309,"Info","Arena",2,"Enter_Zone",3
1730.623,"Info","Arena",3,"Exit_Zone",1
1730.623,"Info","Arena",3,"Enter_Zone",4
1731.366,"Info","Arena",3,"Exit_Zone",4
1731.366,"Info","Arena",3,"Enter_Zone",3
1731.841,"Info","Arena",8,"Exit_Zone",2
1731.841,"Info","Arena",8,"Enter_Zone",4
1732.077,"Info","Arena",7,"Exit_Zone",2
1732.077,"Info","Arena",7,"Enter_Zone",4
1732.286,"Info","Arena",7,"Exit_Zone",4
1732.286,"Info","Arena",7,"Enter_Zone",1
1732.856,"Info","Arena",8,"Exit_Zone",4
1732.856,"Info","Arena",8,"Enter_Zone",1
1733.471,"Info","Arena",4,"Exit_Zone",3
1733.471,"Info","Arena",4,"Enter_Zone",4
1733.573,"Info","Arena",6,"Exit_Zone",1
1733.573,"Info","Arena",6,"Enter_Zone",4
1733.968,"Info","Arena",6,"Exit_Zone",4
1733.968,"Info","Arena",6,"Enter_Zone",2
1734.343,"Info","Arena",4,"Exit_Zone",4
1734.343,"Info","Arena",4,"Enter_Zone",2
1734.657,"Info","Arena",1,"Exit_Zone",3
1734.657,"Info","Arena",1,"Enter_Zone",4
1734.807,"Info","Arena",1,"Exit_Zone",4
1734.807,"Info","Arena",1,"Enter_Zone",1
1735.615,"Info","Arena",2,"Exit_Zone",3
1735.615,"Info","Arena",2,"Enter_Zone",4
1735.891,"Info","Arena",1,"Exit_Zone",1
1735.891,"Info","Arena",1,"Enter_Zone",4
1735.998,"Info","Arena",2,"Exit_Zone",4
1735.998,"Info","Arena",2,"Enter_Zone",2
1736.099,"Info","Arena",1,"Exit_Zone",4
1736.099,"Info","Arena",1,"Enter_Zone",3
1736.531,"Info","Arena",5,"Exit_Zone",2
1736.531,"Info","Arena",5,"Enter_Zone",4
1736.751,"Info","Arena",1,"Exit_Zone",3
1736.751,"Info","Arena",1,"Enter_Zone",4
1736.936,"Info","Arena",6,"Exit_Zone",2
1736.936,"Info","Arena",6,"Enter_Zone",4
1737.089,"Info","Arena",1,"Exit_Zone",4
1737.089,"Info","Arena",1,"Enter_Zone",1
1737.440,"Info","Arena",5,"Exit_Zone",4
1737.440,"Info","Arena",5,"Enter_Zone",3
1737.593,"Info","Arena",6,"Exit_Zone",4
1737.593,"Info","Arena",6,"Enter_Zone",1
1737.631,"Info","Arena",7,"Exit_Zone",1
1737.631,"Info","Arena",7,"Enter_Zone",4
1738.231,"Info","Arena",7,"Exit_Zone",4
1738.231,"Info","Arena",7,"Enter_Zone",3
1738.443,"Info","Arena",4,"Exit_Zone",2
1738.443,"Info","Arena",4,"Enter_Zone",4
1738.622,"Info","Arena",2,"Exit_Zone",2
1738.622,"Info","Arena",2,"Enter_Zone",3
1738.867,"Info","Arena",7,"Exit_Zone",3
1738.867,"Info","Arena",7,"Enter_Zone",1
1739.038,"Info","Arena",2,"Exit_Zone",3
1739.038,"Info","Arena",2,"Enter_Zone",2
1739.075,"Info","Arena",2,"Exit_Zone",2
1739.075,"Info","Arena",2,"Enter_Zone",3
1739.106,"Info","Arena",7,"Exit_Zone",1
1739.106,"Info","Arena",7,"Enter_Zone",3
1739.140,"Info","Arena",4,"Exit_Zone",4
1739.140,"Info","Arena",4,"Enter_Zone",3
1739.175,"Info","Arena",2,"Exit_Zone",3
1739.175,"Info","Arena",2,"Enter_Zone",2
1739.420,"Info","Arena",8,"Exit_Zone",1
1739.420,"Info","Arena",8,"Enter_Zone",4
1740.805,"Info","Arena",7,"Exit_Zone",3
1740.805,"Info","Arena",7,"Enter_Zone",4
1740.873,"Info","Arena",8,"Exit_Zone",4
1740.873,"Info","Arena",8,"Enter_Zone",2
1741.371,"Info","Arena",7,"Exit_Zone",4
1741.371,"Info","Arena",7,"Enter_Zone",2
1741.478,"Info","Arena",5,"Exit_Zone",3
1741.478,"Info","Arena",5,"Enter_Zone",4
1742.114,"Info","Arena",2,"Exit_Zone",2
1742.114,"Info","Arena",2,"Enter_Zone",4
1742.743,"Info","Arena",2,"Exit_Zone",4
1742.743,"Info","Arena",2,"Enter_Zone",3
1742.843,"Info","Arena",5,"Exit_Zone",4
1742.843,"Info","Arena",5,"Enter_Zone",1
1743.481,"Info","Arena",6,"Exit_Zone",1
1743.481,"Info","Arena",6,"Enter_Zone",4
1743.513,"Info","Arena",6,"Exit_Zone",4
1743.513,"Info","Arena",6,"Enter_Zone",1
1743.513,"Info","Arena",7,"Exit_Zone",2
1743.513,"Info","Arena",7,"Enter_Zone",1
1743.546,"Info","Arena",7,"Exit_Zone",1
1743.546,"Info","Arena",7,"Enter_Zone",2
1743.614,"Info","Arena",6,"Exit_Zone",1
1743.614,"Info","Arena",6,"Enter_Zone",4
1743.750,"Info","Arena",6,"Exit_Zone",4
1743.750,"Info","Arena",6,"Enter_Zone",1
1743.783,"Info","Arena",6,"Exit_Zone",1
1743.783,"Info","Arena",6,"Enter_Zone",4
1744.432,"Info","Arena",7,"Exit_Zone",2
1744.432,"Info","Arena",7,"Enter_Zone",4
1744.717,"Info","Arena",1,"Exit_Zone",1
1744.717,"Info","Arena",1,"Enter_Zone",4
1744.823,"Info","Arena",1,"Exit_Zone",4
1744.823,"Info","Arena",1,"Enter_Zone",2
1744.893,"Info","Arena",7,"Exit_Zone",4
1744.893,"Info","Arena",7,"Enter_Zone",1
1745.005,"Info","Arena",6,"Exit_Zone",4
1745.005,"Info","Arena",6,"Enter_Zone",3
1745.439,"Info","Arena",8,"Exit_Zone",2
1745.439,"Info","Arena",8,"Enter_Zone",4
1746.187,"Info","Arena",2,"Exit_Zone",3
1746.187,"Info","Arena",2,"Enter_Zone",4
1746.489,"Info","Arena",2,"Exit_Zone",4
1746.489,"Info","Arena",2,"Enter_Zone",2
1746.763,"Info","Arena",8,"Exit_Zone",4
1746.763,"Info","Arena",8,"Enter_Zone",1
1747.384,"Info","Arena",1,"Exit_Zone",2
1747.384,"Info","Arena",1,"Enter_Zone",4
1747.614,"Info","Arena",4,"Exit_Zone",3
1747.614,"Info","Arena",4,"Enter_Zone",4
1747.652,"Info","Arena",1,"Exit_Zone",4
1747.652,"Info","Arena",1,"Enter_Zone",1
1748.135,"Info","Arena",2,"Exit_Zone",2
1748.135,"Info","Arena",2,"Enter_Zone",3
1748.203,"Info","Arena",7,"Exit_Zone",1
1748.203,"Info","Arena",7,"Enter_Zone",4
1748.248,"Info","Arena",2,"Exit_Zone",3
1748.248,"Info","Arena",2,"Enter_Zone",2
1748.498,"Info","Arena",4,"Exit_Zone",4
1748.498,"Info","Arena",4,"Enter_Zone",3
1748.636,"Info","Arena",7,"Exit_Zone",4
1748.636,"Info","Arena",7,"Enter_Zone",3
1749.103,"Info","Arena",7,"Exit_Zone",3
1749.103,"Info","Arena",7,"Enter_Zone",1
1749.220,"Info","Arena",7,"Exit_Zone",1
1749.220,"Info","Arena",7,"Enter_Zone",3
1749.253,"Info","Arena",2,"Exit_Zone",2
1749.253,"Info","Arena",2,"Enter_Zone",3
1749.290,"Info","Arena",1,"Exit_Zone",1
1749.290,"Info","Arena",1,"Enter_Zone",4
1749.322,"Info","Arena",5,"Exit_Zone",1
1749.322,"Info","Arena",5,"Enter_Zone",4
1749.356,"Info","Arena",2,"Exit_Zone",3
1749.356,"Info","Arena",2,"Enter_Zone",2
1749.391,"Info","Arena",1,"Exit_Zone",4
1749.391,"Info","Arena",1,"Enter_Zone",2
1749.497,"Info","Arena",6,"Exit_Zone",3
1749.497,"Info","Arena",6,"Enter_Zone",4
1750.005,"Info","Arena",7,"Exit_Zone",3
1750.005,"Info","Arena",7,"Enter_Zone",1
1750.073,"Info","Arena",7,"Exit_Zone",1
1750.073,"Info","Arena",7,"Enter_Zone",3
1750.176,"Info","Arena",5,"Exit_Zone",4
1750.176,"Info","Arena",5,"Enter_Zone",3
1750.255,"Info","Arena",6,"Exit_Zone",4
1750.255,"Info","Arena",6,"Enter_Zone",2
1750.859,"Info","Arena",7,"Exit_Zone",3
1750.859,"Info","Arena",7,"Enter_Zone",4
1751.236,"Info","Arena",2,"Exit_Zone",2
1751.236,"Info","Arena",2,"Enter_Zone",4
1751.618,"Info","Arena",1,"Exit_Zone",2
1751.618,"Info","Arena",1,"Enter_Zone",4
1751.694,"Info","Arena",7,"Exit_Zone",4
1751.694,"Info","Arena",7,"Enter_Zone",2
1751.878,"Info","Arena",3,"Exit_Zone",3
1751.878,"Info","Arena",3,"Enter_Zone",4
1751.954,"Info","Arena",8,"Exit_Zone",1
1751.954,"Info","Arena",8,"Enter_Zone",4
1752.108,"Info","Arena",2,"Exit_Zone",4
1752.108,"Info","Arena",2,"Enter_Zone",1
1752.187,"Info","Arena",1,"Exit_Zone",4
1752.187,"Info","Arena",1,"Enter_Zone",1
1752.390,"Info","Arena",3,"Exit_Zone",4
1752.390,"Info","Arena",3,"Enter_Zone",1
1752.816,"Info","Arena",2,"Exit_Zone",1
1752.816,"Info","Arena",2,"Enter_Zone",3
1752.884,"Info","Arena",2,"Exit_Zone",3
1752.884,"Info","Arena",2,"Enter_Zone",1
1753.093,"Info","Arena",4,"Exit_Zone",3
1753.093,"Info","Arena",4,"Enter_Zone",4
1753.300,"Info","Arena",8,"Exit_Zone",4
1753.300,"Info","Arena",8,"Enter_Zone",2
1753.859,"Info","Arena",4,"Exit_Zone",4
1753.859,"Info","Arena",4,"Enter_Zone",2
1753.895,"Info","Arena",1,"Exit_Zone",1
1753.895,"Info","Arena",1,"Enter_Zone",4
1753.936,"Info","Arena",1,"Exit_Zone",4
1753.936,"Info","Arena",1,"Enter_Zone",2
1753.936,"Info","Arena",6,"Exit_Zone",2
1753.936,"Info","Arena",6,"Enter_Zone",4
1754.350,"Info","Arena",5,"Exit_Zone",3
1754.350,"Info","Arena",5,"Enter_Zone",4
1754.647,"Info","Arena",4,"Exit_Zone",2
1754.647,"Info","Arena",4,"Enter_Zone",4
1754.908,"Info","Arena",4,"Exit_Zone",4
1754.908,"Info","Arena",4,"Enter_Zone",3
1755.060,"Info","Arena",6,"Exit_Zone",4
1755.060,"Info","Arena",6,"Enter_Zone",3
1755.176,"Info","Arena",5,"Exit_Zone",4
1755.176,"Info","Arena",5,"Enter_Zone",2
1755.265,"Info","Arena",2,"Exit_Zone",1
1755.265,"Info","Arena",2,"Enter_Zone",4
1755.530,"Info","Arena",1,"Exit_Zone",2
1755.530,"Info","Arena",1,"Enter_Zone",4
1755.610,"Info","Arena",7,"Exit_Zone",2
1755.610,"Info","Arena",7,"Enter_Zone",4
1755.763,"Info","Arena",1,"Exit_Zone",4
1755.763,"Info","Arena",1,"Enter_Zone",1
1755.802,"Info","Arena",2,"Exit_Zone",4
1755.802,"Info","Arena",2,"Enter_Zone",3
1755.880,"Info","Arena",7,"Exit_Zone",4
1755.880,"Info","Arena",7,"Enter_Zone",1
1759.066,"Info","Arena",7,"Exit_Zone",1
1759.066,"Info","Arena",7,"Enter_Zone",4
1759.104,"Info","Arena",6,"Exit_Zone",3
1759.104,"Info","Arena",6,"Enter_Zone",4
1759.473,"Info","Arena",7,"Exit_Zone",4
1759.473,"Info","Arena",7,"Enter_Zone",3
1759.543,"Info","Arena",1,"Exit_Zone",1
1759.543,"Info","Arena",1,"Enter_Zone",4
1759.577,"Info","Arena",1,"Exit_Zone",4
1759.577,"Info","Arena",1,"Enter_Zone",2
1759.951,"Info","Arena",7,"Exit_Zone",3
1759.951,"Info","Arena",7,"Enter_Zone",1
1760.224,"Info","Arena",7,"Exit_Zone",1
1760.224,"Info","Arena",7,"Enter_Zone",3
1760.257,"Info","Arena",7,"Exit_Zone",3
1760.257,"Info","Arena",7,"Enter_Zone",1
1760.291,"Info","Arena",6,"Exit_Zone",4
1760.291,"Info","Arena",6,"Enter_Zone",2
1760.322,"Info","Arena",7,"Exit_Zone",1
1760.322,"Info","Arena",7,"Enter_Zone",3
1761.391,"Info","Arena",2,"Exit_Zone",3
1761.391,"Info","Arena",2,"Enter_Zone",4
1761.766,"Info","Arena",5,"Exit_Zone",2
1761.766,"Info","Arena",5,"Enter_Zone",4
1761.936,"Info","Arena",2,"Exit_Zone",4
1761.936,"Info","Arena",2,"Enter_Zone",2
1762.136,"Info","Arena",5,"Exit_Zone",4
1762.136,"Info","Arena",5,"Enter_Zone",1
1762.245,"Info","Arena",5,"Exit_Zone",1
1762.245,"Info","Arena",5,"Enter_Zone",4
1762.481,"Info","Arena",7,"Exit_Zone",3
1762.481,"Info","Arena",7,"Enter_Zone",4
1762.789,"Info","Arena",7,"Exit_Zone",4
1762.789,"Info","Arena",7,"Enter_Zone",2
1763.281,"Info","Arena",2,"Exit_Zone",2
1763.281,"Info","Arena",2,"Enter_Zone",3
1763.281,"Info","Arena",5,"Exit_Zone",4
1763.281,"Info","Arena",5,"Enter_Zone",3
1763.581,"Info","Arena",6,"Exit_Zone",2
1763.581,"Info","Arena",6,"Enter_Zone",4
1763.678,"Info","Arena",2,"Exit_Zone",3
1763.678,"Info","Arena",2,"Enter_Zone",2
1764.296,"Info","Arena",6,"Exit_Zone",4
1764.296,"Info","Arena",6,"Enter_Zone",1
1764.365,"Info","Arena",8,"Exit_Zone",2
1764.365,"Info","Arena",8,"Enter_Zone",4
1765.034,"Info","Arena",8,"Exit_Zone",4
1765.034,"Info","Arena",8,"Enter_Zone",1
1765.246,"Info","Arena",7,"Exit_Zone",2
1765.246,"Info","Arena",7,"Enter_Zone",1
1765.282,"Info","Arena",7,"Exit_Zone",1
1765.282,"Info","Arena",7,"Enter_Zone",2
1765.383,"Info","Arena",3,"Exit_Zone",1
1765.383,"Info","Arena",3,"Enter_Zone",4
1765.520,"Info","Arena",2,"Exit_Zone",2
1765.520,"Info","Arena",2,"Enter_Zone",4
1766.191,"Info","Arena",2,"Exit_Zone",4
1766.191,"Info","Arena",2,"Enter_Zone",1
1766.271,"Info","Arena",3,"Exit_Zone",4
1766.271,"Info","Arena",3,"Enter_Zone",2
1767.128,"Info","Arena",7,"Exit_Zone",2
1767.128,"Info","Arena",7,"Enter_Zone",4
1767.333,"Info","Arena",7,"Exit_Zone",4
1767.333,"Info","Arena",7,"Enter_Zone",1
1768.250,"Info","Arena",1,"Exit_Zone",2
1768.250,"Info","Arena",1,"Enter_Zone",4
1768.474,"Info","Arena",1,"Exit_Zone",4
1768.474,"Info","Arena",1,"Enter_Zone",3
1768.538,"Info","Arena",5,"Exit_Zone",3
1768.538,"Info","Arena",5,"Enter_Zone",4
1769.044,"Info","Arena",5,"Exit_Zone",4
1769.044,"Info","Arena",5,"Enter_Zone",1
1769.648,"Info","Arena",1,"Exit_Zone",3
1769.648,"Info","Arena",1,"Enter_Zone",4
1769.720,"Info","Arena",1,"Exit_Zone",4
1769.720,"Info","Arena",1,"Enter_Zone",2
1770.184,"Info","Arena",7,"Exit_Zone",1
1770.184,"Info","Arena",7,"Enter_Zone",4
1770.302,"Info","Arena",2,"Exit_Zone",1
1770.302,"Info","Arena",2,"Enter_Zone",4
1770.909,"Info","Arena",7,"Exit_Zone",4
1770.909,"Info","Arena",7,"Enter_Zone",3
1771.155,"Info","Arena",2,"Exit_Zone",4
1771.155,"Info","Arena",2,"Enter_Zone",3
1771.339,"Info","Arena",8,"Exit_Zone",1
1771.339,"Info","Arena",8,"Enter_Zone",4
1771.407,"Info","Arena",8,"Exit_Zone",4
1771.407,"Info","Arena",8,"Enter_Zone",1
1771.444,"Info","Arena",8,"Exit_Zone",1
1771.444,"Info","Arena",8,"Enter_Zone",4
1772.048,"Info","Arena",4,"Exit_Zone",3
1772.048,"Info","Arena",4,"Enter_Zone",4
1772.080,"Info","Arena",8,"Exit_Zone",4
1772.080,"Info","Arena",8,"Enter_Zone",1
1772.115,"Info","Arena",8,"Exit_Zone",1
1772.115,"Info","Arena",8,"Enter_Zone",4
1772.148,"Info","Arena",8,"Exit_Zone",4
1772.148,"Info","Arena",8,"Enter_Zone",1
1772.401,"Info","Arena",4,"Exit_Zone",4
1772.401,"Info","Arena",4,"Enter_Zone",3
1772.828,"Info","Arena",1,"Exit_Zone",2
1772.828,"Info","Arena",1,"Enter_Zone",4
1772.863,"Info","Arena",7,"Exit_Zone",3
1772.863,"Info","Arena",7,"Enter_Zone",1
1772.935,"Info","Arena",7,"Exit_Zone",1
1772.935,"Info","Arena",7,"Enter_Zone",3
1773.009,"Info","Arena",8,"Exit_Zone",1
1773.009,"Info","Arena",8,"Enter_Zone",4
1773.079,"Info","Arena",1,"Exit_Zone",4
1773.079,"Info","Arena",1,"Enter_Zone",3
1774.071,"Info","Arena",7,"Exit_Zone",3
1774.071,"Info","Arena",7,"Enter_Zone",4
1774.177,"Info","Arena",8,"Exit_Zone",4
1774.177,"Info","Arena",8,"Enter_Zone",3
1774.288,"Info","Arena",2,"Exit_Zone",3
1774.288,"Info","Arena",2,"Enter_Zone",4
1774.534,"Info","Arena",5,"Exit_Zone",1
1774.534,"Info","Arena",5,"Enter_Zone",4
1774.605,"Info","Arena",7,"Exit_Zone",4
1774.605,"Info","Arena",7,"Enter_Zone",2
1774.638,"Info","Arena",2,"Exit_Zone",4
1774.638,"Info","Arena",2,"Enter_Zone",2
1774.674,"Info","Arena",5,"Exit_Zone",4
1774.674,"Info","Arena",5,"Enter_Zone",2
1775.189,"Info","Arena",2,"Exit_Zone",2
1775.189,"Info","Arena",2,"Enter_Zone",3
1775.427,"Info","Arena",2,"Exit_Zone",3
1775.427,"Info","Arena",2,"Enter_Zone",2
1775.525,"Info","Arena",7,"Exit_Zone",2
1775.525,"Info","Arena",7,"Enter_Zone",1
1775.562,"Info","Arena",7,"Exit_Zone",1
1775.562,"Info","Arena",7,"Enter_Zone",2
1776.046,"Info","Arena",3,"Exit_Zone",2
1776.046,"Info","Arena",3,"Enter_Zone",4
1776.046,"Info","Arena",7,"Exit_Zone",2
1776.046,"Info","Arena",7,"Enter_Zone",1
1776.081,"Info","Arena",7,"Exit_Zone",1
1776.081,"Info","Arena",7,"Enter_Zone",2
1776.342,"Info","Arena",3,"Exit_Zone",4
1776.342,"Info","Arena",3,"Enter_Zone",3
1776.487,"Info","Arena",6,"Exit_Zone",1
1776.487,"Info","Arena",6,"Enter_Zone",4
1777.017,"Info","Arena",7,"Exit_Zone",2
1777.017,"Info","Arena",7,"Enter_Zone",4
1777.227,"Info","Arena",2,"Exit_Zone",2
1777.227,"Info","Arena",2,"Enter_Zone",4
1777.459,"Info","Arena",7,"Exit_Zone",4
1777.459,"Info","Arena",7,"Enter_Zone",1
1777.755,"Info","Arena",6,"Exit_Zone",4
1777.755,"Info","Arena",6,"Enter_Zone",3
1778.178,"Info","Arena",2,"Exit_Zone",4
1778.178,"Info","Arena",2,"Enter_Zone",1
1779.266,"Info","Arena",2,"Exit_Zone",1
1779.266,"Info","Arena",2,"Enter_Zone",3
1779.295,"Info","Arena",2,"Exit_Zone",3
1779.295,"Info","Arena",2,"Enter_Zone",1
1780.364,"Info","Arena",8,"Exit_Zone",3
1780.364,"Info","Arena",8,"Enter_Zone",4
1780.600,"Info","Arena",4,"Exit_Zone",3
1780.600,"Info","Arena",4,"Enter_Zone",4
1780.870,"Info","Arena",5,"Exit_Zone",2
1780.870,"Info","Arena",5,"Enter_Zone",1
1780.903,"Info","Arena",5,"Exit_Zone",1
1780.903,"Info","Arena",5,"Enter_Zone",2
1780.937,"Info","Arena",7,"Exit_Zone",1
1780.937,"Info","Arena",7,"Enter_Zone",4
1781.103,"Info","Arena",8,"Exit_Zone",4
1781.103,"Info","Arena",8,"Enter_Zone",2
1781.138,"Info","Arena",4,"Exit_Zone",4
1781.138,"Info","Arena",4,"Enter_Zone",1
1781.553,"Info","Arena",4,"Exit_Zone",1
1781.553,"Info","Arena",4,"Enter_Zone",4
1781.553,"Info","Arena",7,"Exit_Zone",4
1781.553,"Info","Arena",7,"Enter_Zone",3
1781.723,"Info","Arena",4,"Exit_Zone",4
1781.723,"Info","Arena",4,"Enter_Zone",3
1782.310,"Info","Arena",2,"Exit_Zone",1
1782.310,"Info","Arena",2,"Enter_Zone",4
1782.343,"Info","Arena",7,"Exit_Zone",3
1782.343,"Info","Arena",7,"Enter_Zone",1
1782.408,"Info","Arena",7,"Exit_Zone",1
1782.408,"Info","Arena",7,"Enter_Zone",3
1783.019,"Info","Arena",2,"Exit_Zone",4
1783.019,"Info","Arena",2,"Enter_Zone",3
1783.084,"Info","Arena",6,"Exit_Zone",3
1783.084,"Info","Arena",6,"Enter_Zone",4
1783.639,"Info","Arena",5,"Exit_Zone",2
1783.639,"Info","Arena",5,"Enter_Zone",4
1783.674,"Info","Arena",6,"Exit_Zone",4
1783.674,"Info","Arena",6,"Enter_Zone",2
1783.743,"Info","Arena",1,"Exit_Zone",3
1783.743,"Info","Arena",1,"Enter_Zone",4
1783.880,"Info","Arena",5,"Exit_Zone",4
1783.880,"Info","Arena",5,"Enter_Zone",1
1784.019,"Info","Arena",1,"Exit_Zone",4
1784.019,"Info","Arena",1,"Enter_Zone",1
1784.019,"Info","Arena",7,"Exit_Zone",3
1784.019,"Info","Arena",7,"Enter_Zone",1
1784.053,"Info","Arena",7,"Exit_Zone",1
1784.053,"Info","Arena",7,"Enter_Zone",3
1784.375,"Info","Arena",7,"Exit_Zone",3
1784.375,"Info","Arena",7,"Enter_Zone",4
1784.915,"Info","Arena",8,"Exit_Zone",2
1784.915,"Info","Arena",8,"Enter_Zone",4
1784.981,"Info","Arena",7,"Exit_Zone",4
1784.981,"Info","Arena",7,"Enter_Zone",2
1785.878,"Info","Arena",8,"Exit_Zone",4
1785.878,"Info","Arena",8,"Enter_Zone",1
1786.086,"Info","Arena",2,"Exit_Zone",3
1786.086,"Info","Arena",2,"Enter_Zone",4
1786.366,"Info","Arena",7,"Exit_Zone",2
1786.366,"Info","Arena",7,"Enter_Zone",1
1786.398,"Info","Arena",2,"Exit_Zone",4
1786.398,"Info","Arena",2,"Enter_Zone",2
1786.500,"Info","Arena",6,"Exit_Zone",2
1786.500,"Info","Arena",6,"Enter_Zone",4
1786.531,"Info","Arena",7,"Exit_Zone",1
1786.531,"Info","Arena",7,"Enter_Zone",2
1787.302,"Info","Arena",2,"Exit_Zone",2
1787.302,"Info","Arena",2,"Enter_Zone",3
1787.334,"Info","Arena",2,"Exit_Zone",3
1787.334,"Info","Arena",2,"Enter_Zone",2
1787.431,"Info","Arena",6,"Exit_Zone",4
1787.431,"Info","Arena",6,"Enter_Zone",3
1787.821,"Info","Arena",5,"Exit_Zone",1
1787.821,"Info","Arena",5,"Enter_Zone",4
1788.085,"Info","Arena",5,"Exit_Zone",4
1788.085,"Info","Arena",5,"Enter_Zone",2
1788.359,"Info","Arena",7,"Exit_Zone",2
1788.359,"Info","Arena",7,"Enter_Zone",4
1788.460,"Info","Arena",5,"Exit_Zone",2
1788.460,"Info","Arena",5,"Enter_Zone",4
1788.561,"Info","Arena",2,"Exit_Zone",2
1788.561,"Info","Arena",2,"Enter_Zone",3
1788.723,"Info","Arena",5,"Exit_Zone",4
1788.723,"Info","Arena",5,"Enter_Zone",3
1788.787,"Info","Arena",7,"Exit_Zone",4
1788.787,"Info","Arena",7,"Enter_Zone",1
1788.821,"Info","Arena",2,"Exit_Zone",3
1788.821,"Info","Arena",2,"Enter_Zone",2
1789.313,"Info","Arena",4,"Exit_Zone",3
1789.313,"Info","Arena",4,"Enter_Zone",4
1789.929,"Info","Arena",4,"Exit_Zone",4
1789.929,"Info","Arena",4,"Enter_Zone",3
1790.568,"Info","Arena",8,"Exit_Zone",1
1790.568,"Info","Arena",8,"Enter_Zone",4
1790.671,"Info","Arena",2,"Exit_Zone",2
1790.671,"Info","Arena",2,"Enter_Zone",4
1791.506,"Info","Arena",8,"Exit_Zone",4
1791.506,"Info","Arena",8,"Enter_Zone",2
1791.574,"Info","Arena",2,"Exit_Zone",4
1791.574,"Info","Arena",2,"Enter_Zone",1
1792.625,"Info","Arena",7,"Exit_Zone",1
1792.625,"Info","Arena",7,"Enter_Zone",4
1793.118,"Info","Arena",7,"Exit_Zone",4
1793.118,"Info","Arena",7,"Enter_Zone",3
1793.644,"Info","Arena",7,"Exit_Zone",3
1793.644,"Info","Arena",7,"Enter_Zone",1
1793.677,"Info","Arena",5,"Exit_Zone",3
1793.677,"Info","Arena",5,"Enter_Zone",4
1793.743,"Info","Arena",7,"Exit_Zone",1
1793.743,"Info","Arena",7,"Enter_Zone",3
1793.812,"Info","Arena",6,"Exit_Zone",3
1793.812,"Info","Arena",6,"Enter_Zone",4
1793.812,"Info","Arena",7,"Exit_Zone",3
1793.812,"Info","Arena",7,"Enter_Zone",1
1793.876,"Info","Arena",6,"Exit_Zone",4
1793.876,"Info","Arena",6,"Enter_Zone",3
1793.909,"Info","Arena",6,"Exit_Zone",3
1793.909,"Info","Arena",6,"Enter_Zone",4
1794.106,"Info","Arena",7,"Exit_Zone",1
1794.106,"Info","Arena",7,"Enter_Zone",3
1794.492,"Info","Arena",5,"Exit_Zone",4
1794.492,"Info","Arena",5,"Enter_Zone",1
1795.092,"Info","Arena",7,"Exit_Zone",3
1795.092,"Info","Arena",7,"Enter_Zone",1
1795.129,"Info","Arena",2,"Exit_Zone",1
1795.129,"Info","Arena",2,"Enter_Zone",4
1795.129,"Info","Arena",7,"Exit_Zone",1
1795.129,"Info","Arena",7,"Enter_Zone",3
1795.250,"Info","Arena",7,"Exit_Zone",3
1795.250,"Info","Arena",7,"Enter_Zone",1
1795.319,"Info","Arena",7,"Exit_Zone",1
1795.319,"Info","Arena",7,"Enter_Zone",3
1795.533,"Info","Arena",8,"Exit_Zone",2
1795.533,"Info","Arena",8,"Enter_Zone",4
1795.713,"Info","Arena",2,"Exit_Zone",4
1795.713,"Info","Arena",2,"Enter_Zone",3
1795.900,"Info","Arena",1,"Exit_Zone",1
1795.900,"Info","Arena",1,"Enter_Zone",4
1795.939,"Info","Arena",1,"Exit_Zone",4
1795.939,"Info","Arena",1,"Enter_Zone",2
1796.253,"Info","Arena",8,"Exit_Zone",4
1796.253,"Info","Arena",8,"Enter_Zone",3
1796.366,"Info","Arena",7,"Exit_Zone",3
1796.366,"Info","Arena",7,"Enter_Zone",4
1797.304,"Info","Arena",7,"Exit_Zone",4
1797.304,"Info","Arena",7,"Enter_Zone",3
1797.898,"Info","Arena",1,"Exit_Zone",2
1797.898,"Info","Arena",1,"Enter_Zone",4
1798.133,"Info","Arena",1,"Exit_Zone",4
1798.133,"Info","Arena",1,"Enter_Zone",1
1798.281,"Info","Arena",2,"Exit_Zone",3
1798.281,"Info","Arena",2,"Enter_Zone",4
1798.281,"Info","Arena",7,"Exit_Zone",3
1798.281,"Info","Arena",7,"Enter_Zone",1
1798.385,"Info","Arena",7,"Exit_Zone",1
1798.385,"Info","Arena",7,"Enter_Zone",3
1798.422,"Info","Arena",2,"Exit_Zone",4
1798.422,"Info","Arena",2,"Enter_Zone",2
1798.674,"Info","Arena",4,"Exit_Zone",3
1798.674,"Info","Arena",4,"Enter_Zone",4
1798.890,"Info","Arena",4,"Exit_Zone",4
1798.890,"Info","Arena",4,"Enter_Zone",1
1799.226,"Info","Arena",7,"Exit_Zone",3
1799.226,"Info","Arena",7,"Enter_Zone",4
1799.521,"Info","Arena",7,"Exit_Zone",4
1799.521,"Info","Arena",7,"Enter_Zone",2
1799.587,"Info","Arena",6,"Exit_Zone",4
1799.587,"Info","Arena",6,"Enter_Zone",2
1800.058,"Info","Arena",5,"Exit_Zone",1
1800.058,"Info","Arena",5,"Enter_Zone",4
1800.199,"Info","Arena",5,"Exit_Zone",4
1800.199,"Info","Arena",5,"Enter_Zone",2
1800.532,"Info","Arena",2,"Exit_Zone",2
1800.532,"Info","Arena",2,"Enter_Zone",3
1800.646,"Info","Arena",7,"Exit_Zone",2
1800.646,"Info","Arena",7,"Enter_Zone",1
1800.719,"Info","Arena",7,"Exit_Zone",1
1800.719,"Info","Arena",7,"Enter_Zone",2
1800.868,"Info","Arena",2,"Exit_Zone",3
1800.868,"Info","Arena",2,"Enter_Zone",2
1800.868,"Info","Arena",4,"Exit_Zone",1
1800.868,"Info","Arena",4,"Enter_Zone",4
1801.018,"Info","Arena",8,"Exit_Zone",3
1801.018,"Info","Arena",8,"Enter_Zone",4
1801.682,"Info","Arena",4,"Exit_Zone",4
1801.682,"Info","Arena",4,"Enter_Zone",3
1801.820,"Info","Arena",8,"Exit_Zone",4
1801.820,"Info","Arena",8,"Enter_Zone",1
1801.858,"Info","Arena",1,"Exit_Zone",1
1801.858,"Info","Arena",1,"Enter_Zone",4
1801.935,"Info","Arena",1,"Exit_Zone",4
1801.935,"Info","Arena",1,"Enter_Zone",2
1802.827,"Info","Arena",7,"Exit_Zone",2
1802.827,"Info","Arena",7,"Enter_Zone",4
1802.891,"Info","Arena",2,"Exit_Zone",2
1802.891,"Info","Arena",2,"Enter_Zone",3
1803.045,"Info","Arena",2,"Exit_Zone",3
1803.045,"Info","Arena",2,"Enter_Zone",2
1803.188,"Info","Arena",2,"Exit_Zone",2
1803.188,"Info","Arena",2,"Enter_Zone",3
1803.234,"Info","Arena",2,"Exit_Zone",3
1803.234,"Info","Arena",2,"Enter_Zone",2
1803.234,"Info","Arena",7,"Exit_Zone",4
1803.234,"Info","Arena",7,"Enter_Zone",1
1803.971,"Info","Arena",8,"Exit_Zone",1
1803.971,"Info","Arena",8,"Enter_Zone",4
1804.079,"Info","Arena",1,"Exit_Zone",2
1804.079,"Info","Arena",1,"Enter_Zone",4
1804.190,"Info","Arena",1,"Exit_Zone",4
1804.190,"Info","Arena",1,"Enter_Zone",1
1804.315,"Info","Arena",5,"Exit_Zone",2
1804.315,"Info","Arena",5,"Enter_Zone",4
1804.351,"Info","Arena",5,"Exit_Zone",4
1804.351,"Info","Arena",5,"Enter_Zone",2
1804.422,"Info","Arena",5,"Exit_Zone",2
1804.422,"Info","Arena",5,"Enter_Zone",4
1805.021,"Info","Arena",2,"Exit_Zone",2
1805.021,"Info","Arena",2,"Enter_Zone",3
1805.021,"Info","Arena",8,"Exit_Zone",4
1805.021,"Info","Arena",8,"Enter_Zone",3
1805.055,"Info","Arena",4,"Exit_Zone",3
1805.055,"Info","Arena",4,"Enter_Zone",4
1805.124,"Info","Arena",5,"Exit_Zone",4
1805.124,"Info","Arena",5,"Enter_Zone",1
1805.310,"Info","Arena",1,"Exit_Zone",1
1805.310,"Info","Arena",1,"Enter_Zone",4
1805.310,"Info","Arena",6,"Exit_Zone",2
1805.310,"Info","Arena",6,"Enter_Zone",4
1805.415,"Info","Arena",1,"Exit_Zone",4
1805.415,"Info","Arena",1,"Enter_Zone",2
1805.605,"Info","Arena",2,"Exit_Zone",3
1805.605,"Info","Arena",2,"Enter_Zone",2
1805.787,"Info","Arena",4,"Exit_Zone",4
1805.787,"Info","Arena",4,"Enter_Zone",2
1806.116,"Info","Arena",6,"Exit_Zone",4
1806.116,"Info","Arena",6,"Enter_Zone",1
1806.151,"Info","Arena",8,"Exit_Zone",3
1806.151,"Info","Arena",8,"Enter_Zone",4
1806.336,"Info","Arena",4,"Exit_Zone",2
1806.336,"Info","Arena",4,"Enter_Zone",4
1806.441,"Info","Arena",4,"Exit_Zone",4
1806.441,"Info","Arena",4,"Enter_Zone",3
1807.008,"Info","Arena",2,"Exit_Zone",2
1807.008,"Info","Arena",2,"Enter_Zone",4
1807.008,"Info","Arena",8,"Exit_Zone",4
1807.008,"Info","Arena",8,"Enter_Zone",3
1807.161,"Info","Arena",7,"Exit_Zone",1
1807.161,"Info","Arena",7,"Enter_Zone",4
1807.251,"Info","Arena",1,"Exit_Zone",2
1807.251,"Info","Arena",1,"Enter_Zone",4
1807.362,"Info","Arena",1,"Exit_Zone",4
1807.362,"Info","Arena",1,"Enter_Zone",1
1807.767,"Info","Arena",7,"Exit_Zone",4
1807.767,"Info","Arena",7,"Enter_Zone",3
1807.839,"Info","Arena",7,"Exit_Zone",3
1807.839,"Info","Arena",7,"Enter_Zone",1
1807.873,"Info","Arena",7,"Exit_Zone",1
1807.873,"Info","Arena",7,"Enter_Zone",3
1808.051,"Info","Arena",2,"Exit_Zone",4
1808.051,"Info","Arena",2,"Enter_Zone",1
1809.981,"Info","Arena",6,"Exit_Zone",1
1809.981,"Info","Arena",6,"Enter_Zone",4
1810.354,"Info","Arena",1,"Exit_Zone",1
1810.354,"Info","Arena",1,"Enter_Zone",2
1810.459,"Info","Arena",6,"Exit_Zone",4
1810.459,"Info","Arena",6,"Enter_Zone",3
1810.883,"Info","Arena",7,"Exit_Zone",3
1810.883,"Info","Arena",7,"Enter_Zone",4
1811.036,"Info","Arena",5,"Exit_Zone",1
1811.036,"Info","Arena",5,"Enter_Zone",4
1811.421,"Info","Arena",7,"Exit_Zone",4
1811.421,"Info","Arena",7,"Enter_Zone",2
1811.809,"Info","Arena",8,"Exit_Zone",3
1811.809,"Info","Arena",8,"Enter_Zone",4
1812.230,"Info","Arena",5,"Exit_Zone",4
1812.230,"Info","Arena",5,"Enter_Zone",3
1812.306,"Info","Arena",2,"Exit_Zone",1
1812.306,"Info","Arena",2,"Enter_Zone",4
1812.487,"Info","Arena",8,"Exit_Zone",4
1812.487,"Info","Arena",8,"Enter_Zone",1
1812.564,"Info","Arena",1,"Exit_Zone",2
1812.564,"Info","Arena",1,"Enter_Zone",4
1812.603,"Info","Arena",6,"Exit_Zone",3
1812.603,"Info","Arena",6,"Enter_Zone",2
1812.678,"Info","Arena",6,"Exit_Zone",2
1812.678,"Info","Arena",6,"Enter_Zone",3
1812.786,"Info","Arena",1,"Exit_Zone",4
1812.786,"Info","Arena",1,"Enter_Zone",1
1813.713,"Info","Arena",2,"Exit_Zone",4
1813.713,"Info","Arena",2,"Enter_Zone",3
1813.885,"Info","Arena",6,"Exit_Zone",3
1813.885,"Info","Arena",6,"Enter_Zone",4
1814.182,"Info","Arena",8,"Exit_Zone",1
1814.182,"Info","Arena",8,"Enter_Zone",4
1815.156,"Info","Arena",8,"Exit_Zone",4
1815.156,"Info","Arena",8,"Enter_Zone",2
1815.523,"Info","Arena",1,"Exit_Zone",1
1815.523,"Info","Arena",1,"Enter_Zone",4
1815.599,"Info","Arena",7,"Exit_Zone",2
1815.599,"Info","Arena",7,"Enter_Zone",4
1815.635,"Info","Arena",1,"Exit_Zone",4
1815.635,"Info","Arena",1,"Enter_Zone",2
1816.068,"Info","Arena",7,"Exit_Zone",4
1816.068,"Info","Arena",7,"Enter_Zone",1
1816.433,"Info","Arena",6,"Exit_Zone",4
1816.433,"Info","Arena",6,"Enter_Zone",3
1816.467,"Info","Arena",6,"Exit_Zone",3
1816.467,"Info","Arena",6,"Enter_Zone",4
1816.572,"Info","Arena",6,"Exit_Zone",4
1816.572,"Info","Arena",6,"Enter_Zone",3
1816.706,"Info","Arena",6,"Exit_Zone",3
1816.706,"Info","Arena",6,"Enter_Zone",4
1816.773,"Info","Arena",6,"Exit_Zone",4
1816.773,"Info","Arena",6,"Enter_Zone",3
1816.806,"Info","Arena",6,"Exit_Zone",3
1816.806,"Info","Arena",6,"Enter_Zone",4
1817.150,"Info","Arena",6,"Exit_Zone",4
1817.150,"Info","Arena",6,"Enter_Zone",1
1817.506,"Info","Arena",3,"Exit_Zone",3
1817.506,"Info","Arena",3,"Enter_Zone",4
1817.579,"Info","Arena",1,"Exit_Zone",2
1817.579,"Info","Arena",1,"Enter_Zone",4
1817.755,"Info","Arena",1,"Exit_Zone",4
1817.755,"Info","Arena",1,"Enter_Zone",1
1818.262,"Info","Arena",5,"Exit_Zone",3
1818.262,"Info","Arena",5,"Enter_Zone",4
1818.297,"Info","Arena",5,"Exit_Zone",4
1818.297,"Info","Arena",5,"Enter_Zone",3
1818.333,"Info","Arena",3,"Exit_Zone",4
1818.333,"Info","Arena",3,"Enter_Zone",1
1818.333,"Info","Arena",5,"Exit_Zone",3
1818.333,"Info","Arena",5,"Enter_Zone",4
1818.368,"Info","Arena",5,"Exit_Zone",4
1818.368,"Info","Arena",5,"Enter_Zone",3
1818.510,"Info","Arena",5,"Exit_Zone",3
1818.510,"Info","Arena",5,"Enter_Zone",4
1818.547,"Info","Arena",5,"Exit_Zone",4
1818.547,"Info","Arena",5,"Enter_Zone",3
1818.582,"Info","Arena",5,"Exit_Zone",3
1818.582,"Info","Arena",5,"Enter_Zone",4
1818.690,"Info","Arena",2,"Exit_Zone",3
1818.690,"Info","Arena",2,"Enter_Zone",4
1818.760,"Info","Arena",2,"Exit_Zone",4
1818.760,"Info","Arena",2,"Enter_Zone",2
1819.083,"Info","Arena",5,"Exit_Zone",4
1819.083,"Info","Arena",5,"Enter_Zone",1
1819.877,"Info","Arena",2,"Exit_Zone",2
1819.877,"Info","Arena",2,"Enter_Zone",3
1819.877,"Info","Arena",7,"Exit_Zone",1
1819.877,"Info","Arena",7,"Enter_Zone",4
1819.912,"Info","Arena",1,"Exit_Zone",1
1819.912,"Info","Arena",1,"Enter_Zone",4
1820.016,"Info","Arena",1,"Exit_Zone",4
1820.016,"Info","Arena",1,"Enter_Zone",2
1820.016,"Info","Arena",2,"Exit_Zone",3
1820.016,"Info","Arena",2,"Enter_Zone",2
1820.274,"Info","Arena",6,"Exit_Zone",1
1820.274,"Info","Arena",6,"Enter_Zone",4
1820.378,"Info","Arena",8,"Exit_Zone",2
1820.378,"Info","Arena",8,"Enter_Zone",4
1820.760,"Info","Arena",7,"Exit_Zone",4
1820.760,"Info","Arena",7,"Enter_Zone",3
1821.167,"Info","Arena",2,"Exit_Zone",2
1821.167,"Info","Arena",2,"Enter_Zone",3
1821.244,"Info","Arena",6,"Exit_Zone",4
1821.244,"Info","Arena",6,"Enter_Zone",3
1821.379,"Info","Arena",2,"Exit_Zone",3
1821.379,"Info","Arena",2,"Enter_Zone",2
1821.481,"Info","Arena",8,"Exit_Zone",4
1821.481,"Info","Arena",8,"Enter_Zone",3
1822.424,"Info","Arena",1,"Exit_Zone",2
1822.424,"Info","Arena",1,"Enter_Zone",4
1822.566,"Info","Arena",1,"Exit_Zone",4
1822.566,"Info","Arena",1,"Enter_Zone",1
1823.203,"Info","Arena",8,"Exit_Zone",3
1823.203,"Info","Arena",8,"Enter_Zone",4
1823.321,"Info","Arena",2,"Exit_Zone",2
1823.321,"Info","Arena",2,"Enter_Zone",4
1823.393,"Info","Arena",1,"Exit_Zone",1
1823.393,"Info","Arena",1,"Enter_Zone",4
1823.573,"Info","Arena",1,"Exit_Zone",4
1823.573,"Info","Arena",1,"Enter_Zone",2
1823.788,"Info","Arena",7,"Exit_Zone",3
1823.788,"Info","Arena",7,"Enter_Zone",4
1824.315,"Info","Arena",8,"Exit_Zone",4
1824.315,"Info","Arena",8,"Enter_Zone",2
1824.353,"Info","Arena",8,"Exit_Zone",2
1824.353,"Info","Arena",8,"Enter_Zone",4
1824.420,"Info","Arena",8,"Exit_Zone",4
1824.420,"Info","Arena",8,"Enter_Zone",2
1824.455,"Info","Arena",7,"Exit_Zone",4
1824.455,"Info","Arena",7,"Enter_Zone",2
1824.657,"Info","Arena",2,"Exit_Zone",4
1824.657,"Info","Arena",2,"Enter_Zone",3
1826.572,"Info","Arena",6,"Exit_Zone",3
1826.572,"Info","Arena",6,"Enter_Zone",4
1826.642,"Info","Arena",1,"Exit_Zone",2
1826.642,"Info","Arena",1,"Enter_Zone",4
1826.675,"Info","Arena",7,"Exit_Zone",2
1826.675,"Info","Arena",7,"Enter_Zone",1
1826.710,"Info","Arena",7,"Exit_Zone",1
1826.710,"Info","Arena",7,"Enter_Zone",2
1826.812,"Info","Arena",1,"Exit_Zone",4
1826.812,"Info","Arena",1,"Enter_Zone",1
1827.521,"Info","Arena",6,"Exit_Zone",4
1827.521,"Info","Arena",6,"Enter_Zone",2
1827.904,"Info","Arena",7,"Exit_Zone",2
1827.904,"Info","Arena",7,"Enter_Zone",4
1827.940,"Info","Arena",8,"Exit_Zone",2
1827.940,"Info","Arena",8,"Enter_Zone",4
1828.010,"Info","Arena",1,"Exit_Zone",1
1828.010,"Info","Arena",1,"Enter_Zone",4
1828.117,"Info","Arena",1,"Exit_Zone",4
1828.117,"Info","Arena",1,"Enter_Zone",2
1828.188,"Info","Arena",7,"Exit_Zone",4
1828.188,"Info","Arena",7,"Enter_Zone",3
1828.272,"Info","Arena",7,"Exit_Zone",3
1828.272,"Info","Arena",7,"Enter_Zone",4
1828.377,"Info","Arena",7,"Exit_Zone",4
1828.377,"Info","Arena",7,"Enter_Zone",2
1828.894,"Info","Arena",8,"Exit_Zone",4
1828.894,"Info","Arena",8,"Enter_Zone",1
1830.366,"Info","Arena",1,"Exit_Zone",2
1830.366,"Info","Arena",1,"Enter_Zone",4
1830.549,"Info","Arena",1,"Exit_Zone",4
1830.549,"Info","Arena",1,"Enter_Zone",1
1830.701,"Info","Arena",6,"Exit_Zone",2
1830.701,"Info","Arena",6,"Enter_Zone",4
1831.547,"Info","Arena",4,"Exit_Zone",3
1831.547,"Info","Arena",4,"Enter_Zone",4
1831.616,"Info","Arena",1,"Exit_Zone",1
1831.616,"Info","Arena",1,"Enter_Zone",4
1831.655,"Info","Arena",7,"Exit_Zone",2
1831.655,"Info","Arena",7,"Enter_Zone",4
1831.733,"Info","Arena",1,"Exit_Zone",4
1831.733,"Info","Arena",1,"Enter_Zone",2
1831.955,"Info","Arena",6,"Exit_Zone",4
1831.955,"Info","Arena",6,"Enter_Zone",1
1832.105,"Info","Arena",5,"Exit_Zone",1
1832.105,"Info","Arena",5,"Enter_Zone",4
1832.138,"Info","Arena",7,"Exit_Zone",4
1832.138,"Info","Arena",7,"Enter_Zone",1
1832.291,"Info","Arena",4,"Exit_Zone",4
1832.291,"Info","Arena",4,"Enter_Zone",3
1832.364,"Info","Arena",4,"Exit_Zone",3
1832.364,"Info","Arena",4,"Enter_Zone",4
1832.403,"Info","Arena",4,"Exit_Zone",4
1832.403,"Info","Arena",4,"Enter_Zone",3
1832.436,"Info","Arena",4,"Exit_Zone",3
1832.436,"Info","Arena",4,"Enter_Zone",4
1832.574,"Info","Arena",4,"Exit_Zone",4
1832.574,"Info","Arena",4,"Enter_Zone",3
1832.641,"Info","Arena",5,"Exit_Zone",4
1832.641,"Info","Arena",5,"Enter_Zone",1
1832.710,"Info","Arena",5,"Exit_Zone",1
1832.710,"Info","Arena",5,"Enter_Zone",4
1832.744,"Info","Arena",5,"Exit_Zone",4
1832.744,"Info","Arena",5,"Enter_Zone",1
1832.843,"Info","Arena",5,"Exit_Zone",1
1832.843,"Info","Arena",5,"Enter_Zone",4
1832.881,"Info","Arena",5,"Exit_Zone",4
1832.881,"Info","Arena",5,"Enter_Zone",1
1832.912,"Info","Arena",5,"Exit_Zone",1
1832.912,"Info","Arena",5,"Enter_Zone",4
1832.947,"Info","Arena",5,"Exit_Zone",4
1832.947,"Info","Arena",5,"Enter_Zone",1
1833.014,"Info","Arena",5,"Exit_Zone",1
1833.014,"Info","Arena",5,"Enter_Zone",4
1833.049,"Info","Arena",5,"Exit_Zone",4
1833.049,"Info","Arena",5,"Enter_Zone",1
1833.844,"Info","Arena",2,"Exit_Zone",3
1833.844,"Info","Arena",2,"Enter_Zone",4
1834.188,"Info","Arena",2,"Exit_Zone",4
1834.188,"Info","Arena",2,"Enter_Zone",2
1834.715,"Info","Arena",5,"Exit_Zone",1
1834.715,"Info","Arena",5,"Enter_Zone",4
1835.001,"Info","Arena",5,"Exit_Zone",4
1835.001,"Info","Arena",5,"Enter_Zone",2
1835.446,"Info","Arena",2,"Exit_Zone",2
1835.446,"Info","Arena",2,"Enter_Zone",3
1835.578,"Info","Arena",2,"Exit_Zone",3
1835.578,"Info","Arena",2,"Enter_Zone",2
1836.989,"Info","Arena",1,"Exit_Zone",2
1836.989,"Info","Arena",1,"Enter_Zone",4
1837.098,"Info","Arena",1,"Exit_Zone",4
1837.098,"Info","Arena",1,"Enter_Zone",1
1837.402,"Info","Arena",7,"Exit_Zone",1
1837.402,"Info","Arena",7,"Enter_Zone",4
1837.889,"Info","Arena",1,"Exit_Zone",1
1837.889,"Info","Arena",1,"Enter_Zone",4
1838.001,"Info","Arena",1,"Exit_Zone",4
1838.001,"Info","Arena",1,"Enter_Zone",2
1838.080,"Info","Arena",7,"Exit_Zone",4
1838.080,"Info","Arena",7,"Enter_Zone",3
1839.015,"Info","Arena",6,"Exit_Zone",1
1839.015,"Info","Arena",6,"Enter_Zone",4
1839.116,"Info","Arena",2,"Exit_Zone",2
1839.116,"Info","Arena",2,"Enter_Zone",4
1839.697,"Info","Arena",2,"Exit_Zone",4
1839.697,"Info","Arena",2,"Enter_Zone",1
1839.730,"Info","Arena",7,"Exit_Zone",3
1839.730,"Info","Arena",7,"Enter_Zone",1
1839.828,"Info","Arena",6,"Exit_Zone",4
1839.828,"Info","Arena",6,"Enter_Zone",3
1840.107,"Info","Arena",7,"Exit_Zone",1
1840.107,"Info","Arena",7,"Enter_Zone",3
1840.451,"Info","Arena",2,"Exit_Zone",1
1840.451,"Info","Arena",2,"Enter_Zone",3
1840.563,"Info","Arena",2,"Exit_Zone",3
1840.563,"Info","Arena",2,"Enter_Zone",1
1840.598,"Info","Arena",2,"Exit_Zone",1
1840.598,"Info","Arena",2,"Enter_Zone",3
1840.670,"Info","Arena",2,"Exit_Zone",3
1840.670,"Info","Arena",2,"Enter_Zone",1
1841.250,"Info","Arena",7,"Exit_Zone",3
1841.250,"Info","Arena",7,"Enter_Zone",4
1842.064,"Info","Arena",7,"Exit_Zone",4
1842.064,"Info","Arena",7,"Enter_Zone",2
1842.345,"Info","Arena",4,"Exit_Zone",3
1842.345,"Info","Arena",4,"Enter_Zone",1
1842.382,"Info","Arena",4,"Exit_Zone",1
1842.382,"Info","Arena",4,"Enter_Zone",3
1842.420,"Info","Arena",1,"Exit_Zone",2
1842.420,"Info","Arena",1,"Enter_Zone",4
1842.651,"Info","Arena",1,"Exit_Zone",4
1842.651,"Info","Arena",1,"Enter_Zone",1
1842.800,"Info","Arena",5,"Exit_Zone",2
1842.800,"Info","Arena",5,"Enter_Zone",4
1842.945,"Info","Arena",8,"Exit_Zone",1
1842.945,"Info","Arena",8,"Enter_Zone",4
1843.187,"Info","Arena",7,"Exit_Zone",2
1843.187,"Info","Arena",7,"Enter_Zone",1
1843.264,"Info","Arena",7,"Exit_Zone",1
1843.264,"Info","Arena",7,"Enter_Zone",2
1843.474,"Info","Arena",1,"Exit_Zone",1
1843.474,"Info","Arena",1,"Enter_Zone",4
1843.583,"Info","Arena",1,"Exit_Zone",4
1843.583,"Info","Arena",1,"Enter_Zone",2
1843.583,"Info","Arena",7,"Exit_Zone",2
1843.583,"Info","Arena",7,"Enter_Zone",1
1843.687,"Info","Arena",7,"Exit_Zone",1
1843.687,"Info","Arena",7,"Enter_Zone",2
1843.975,"Info","Arena",4,"Exit_Zone",3
1843.975,"Info","Arena",4,"Enter_Zone",4
1844.047,"Info","Arena",2,"Exit_Zone",1
1844.047,"Info","Arena",2,"Enter_Zone",4
1844.556,"Info","Arena",5,"Exit_Zone",4
1844.556,"Info","Arena",5,"Enter_Zone",1
1844.592,"Info","Arena",5,"Exit_Zone",1
1844.592,"Info","Arena",5,"Enter_Zone",4
1844.627,"Info","Arena",5,"Exit_Zone",4
1844.627,"Info","Arena",5,"Enter_Zone",1
1844.773,"Info","Arena",7,"Exit_Zone",2
1844.773,"Info","Arena",7,"Enter_Zone",4
1844.812,"Info","Arena",8,"Exit_Zone",4
1844.812,"Info","Arena",8,"Enter_Zone",1
1844.918,"Info","Arena",4,"Exit_Zone",4
1844.918,"Info","Arena",4,"Enter_Zone",1
1844.955,"Info","Arena",8,"Exit_Zone",1
1844.955,"Info","Arena",8,"Enter_Zone",4
1845.027,"Info","Arena",5,"Exit_Zone",1
1845.027,"Info","Arena",5,"Enter_Zone",4
1845.062,"Info","Arena",2,"Exit_Zone",4
1845.062,"Info","Arena",2,"Enter_Zone",3
1845.062,"Info","Arena",7,"Exit_Zone",4
1845.062,"Info","Arena",7,"Enter_Zone",1
1845.597,"Info","Arena",8,"Exit_Zone",4
1845.597,"Info","Arena",8,"Enter_Zone",2
1845.751,"Info","Arena",5,"Exit_Zone",4
1845.751,"Info","Arena",5,"Enter_Zone",3
1847.708,"Info","Arena",6,"Exit_Zone",3
1847.708,"Info","Arena",6,"Enter_Zone",4
1847.997,"Info","Arena",7,"Exit_Zone",1
1847.997,"Info","Arena",7,"Enter_Zone",4
1848.595,"Info","Arena",4,"Exit_Zone",1
1848.595,"Info","Arena",4,"Enter_Zone",4
1848.801,"Info","Arena",7,"Exit_Zone",4
1848.801,"Info","Arena",7,"Enter_Zone",3
1848.935,"Info","Arena",4,"Exit_Zone",4
1848.935,"Info","Arena",4,"Enter_Zone",2
1849.070,"Info","Arena",6,"Exit_Zone",4
1849.070,"Info","Arena",6,"Enter_Zone",1
1849.518,"Info","Arena",7,"Exit_Zone",3
1849.518,"Info","Arena",7,"Enter_Zone",1
1849.906,"Info","Arena",7,"Exit_Zone",1
1849.906,"Info","Arena",7,"Enter_Zone",3
1850.247,"Info","Arena",8,"Exit_Zone",2
1850.247,"Info","Arena",8,"Enter_Zone",4
1850.750,"Info","Arena",2,"Exit_Zone",3
1850.750,"Info","Arena",2,"Enter_Zone",4
1850.850,"Info","Arena",5,"Exit_Zone",3
1850.850,"Info","Arena",5,"Enter_Zone",4
1850.885,"Info","Arena",7,"Exit_Zone",3
1850.885,"Info","Arena",7,"Enter_Zone",1
1850.916,"Info","Arena",7,"Exit_Zone",1
1850.916,"Info","Arena",7,"Enter_Zone",3
1851.330,"Info","Arena",2,"Exit_Zone",4
1851.330,"Info","Arena",2,"Enter_Zone",2
1851.366,"Info","Arena",5,"Exit_Zone",4
1851.366,"Info","Arena",5,"Enter_Zone",2
1852.032,"Info","Arena",7,"Exit_Zone",3
1852.032,"Info","Arena",7,"Enter_Zone",4
1852.064,"Info","Arena",8,"Exit_Zone",4
1852.064,"Info","Arena",8,"Enter_Zone",3
1852.459,"Info","Arena",7,"Exit_Zone",4
1852.459,"Info","Arena",7,"Enter_Zone",2
1853.417,"Info","Arena",2,"Exit_Zone",2
1853.417,"Info","Arena",2,"Enter_Zone",3
1853.479,"Info","Arena",2,"Exit_Zone",3
1853.479,"Info","Arena",2,"Enter_Zone",2
1854.090,"Info","Arena",6,"Exit_Zone",1
1854.090,"Info","Arena",6,"Enter_Zone",4
1854.090,"Info","Arena",7,"Exit_Zone",2
1854.090,"Info","Arena",7,"Enter_Zone",1
1854.156,"Info","Arena",7,"Exit_Zone",1
1854.156,"Info","Arena",7,"Enter_Zone",2
1854.592,"Info","Arena",6,"Exit_Zone",4
1854.592,"Info","Arena",6,"Enter_Zone",3
1855.404,"Info","Arena",2,"Exit_Zone",2
1855.404,"Info","Arena",2,"Enter_Zone",4
1855.547,"Info","Arena",8,"Exit_Zone",3
1855.547,"Info","Arena",8,"Enter_Zone",4
1855.981,"Info","Arena",2,"Exit_Zone",4
1855.981,"Info","Arena",2,"Enter_Zone",1
1856.087,"Info","Arena",7,"Exit_Zone",2
1856.087,"Info","Arena",7,"Enter_Zone",4
1856.482,"Info","Arena",4,"Exit_Zone",2
1856.482,"Info","Arena",4,"Enter_Zone",4
1856.482,"Info","Arena",7,"Exit_Zone",4
1856.482,"Info","Arena",7,"Enter_Zone",1
1856.554,"Info","Arena",6,"Exit_Zone",3
1856.554,"Info","Arena",6,"Enter_Zone",4
1856.629,"Info","Arena",4,"Exit_Zone",4
1856.629,"Info","Arena",4,"Enter_Zone",3
1856.701,"Info","Arena",6,"Exit_Zone",4
1856.701,"Info","Arena",6,"Enter_Zone",2
1856.882,"Info","Arena",2,"Exit_Zone",1
1856.882,"Info","Arena",2,"Enter_Zone",3
1857.054,"Info","Arena",2,"Exit_Zone",3
1857.054,"Info","Arena",2,"Enter_Zone",1
1857.573,"Info","Arena",4,"Exit_Zone",3
1857.573,"Info","Arena",4,"Enter_Zone",4
1858.409,"Info","Arena",8,"Exit_Zone",4
1858.409,"Info","Arena",8,"Enter_Zone",2
1858.445,"Info","Arena",1,"Exit_Zone",2
1858.445,"Info","Arena",1,"Enter_Zone",4
1858.445,"Info","Arena",4,"Exit_Zone",4
1858.445,"Info","Arena",4,"Enter_Zone",2
1858.587,"Info","Arena",1,"Exit_Zone",4
1858.587,"Info","Arena",1,"Enter_Zone",3
1858.730,"Info","Arena",3,"Exit_Zone",1
1858.730,"Info","Arena",3,"Enter_Zone",4
1859.048,"Info","Arena",7,"Exit_Zone",1
1859.048,"Info","Arena",7,"Enter_Zone",4
1859.596,"Info","Arena",7,"Exit_Zone",4
1859.596,"Info","Arena",7,"Enter_Zone",3
1859.631,"Info","Arena",3,"Exit_Zone",4
1859.631,"Info","Arena",3,"Enter_Zone",2
1860.347,"Info","Arena",2,"Exit_Zone",1
1860.347,"Info","Arena",2,"Enter_Zone",4
1860.382,"Info","Arena",7,"Exit_Zone",3
1860.382,"Info","Arena",7,"Enter_Zone",1
1860.451,"Info","Arena",7,"Exit_Zone",1
1860.451,"Info","Arena",7,"Enter_Zone",3
1860.520,"Info","Arena",7,"Exit_Zone",3
1860.520,"Info","Arena",7,"Enter_Zone",1
1860.718,"Info","Arena",7,"Exit_Zone",1
1860.718,"Info","Arena",7,"Enter_Zone",3
1861.056,"Info","Arena",2,"Exit_Zone",4
1861.056,"Info","Arena",2,"Enter_Zone",3
1861.434,"Info","Arena",1,"Exit_Zone",3
1861.434,"Info","Arena",1,"Enter_Zone",4
1861.605,"Info","Arena",1,"Exit_Zone",4
1861.605,"Info","Arena",1,"Enter_Zone",2
1861.881,"Info","Arena",7,"Exit_Zone",3
1861.881,"Info","Arena",7,"Enter_Zone",4
1862.176,"Info","Arena",7,"Exit_Zone",4
1862.176,"Info","Arena",7,"Enter_Zone",2
1862.488,"Info","Arena",6,"Exit_Zone",2
1862.488,"Info","Arena",6,"Enter_Zone",4
1863.328,"Info","Arena",4,"Exit_Zone",2
1863.328,"Info","Arena",4,"Enter_Zone",1
1863.361,"Info","Arena",7,"Exit_Zone",2
1863.361,"Info","Arena",7,"Enter_Zone",1
1863.422,"Info","Arena",6,"Exit_Zone",4
1863.422,"Info","Arena",6,"Enter_Zone",1
1863.457,"Info","Arena",4,"Exit_Zone",1
1863.457,"Info","Arena",4,"Enter_Zone",2
1863.457,"Info","Arena",7,"Exit_Zone",1
1863.457,"Info","Arena",7,"Enter_Zone",2
1863.552,"Info","Arena",8,"Exit_Zone",2
1863.552,"Info","Arena",8,"Enter_Zone",4
1864.432,"Info","Arena",1,"Exit_Zone",2
1864.432,"Info","Arena",1,"Enter_Zone",4
1864.465,"Info","Arena",7,"Exit_Zone",2
1864.465,"Info","Arena",7,"Enter_Zone",1
1864.569,"Info","Arena",1,"Exit_Zone",4
1864.569,"Info","Arena",1,"Enter_Zone",3
1864.977,"Info","Arena",7,"Exit_Zone",1
1864.977,"Info","Arena",7,"Enter_Zone",2
1866.122,"Info","Arena",2,"Exit_Zone",3
1866.122,"Info","Arena",2,"Enter_Zone",4
1866.122,"Info","Arena",7,"Exit_Zone",2
1866.122,"Info","Arena",7,"Enter_Zone",4
1866.192,"Info","Arena",8,"Exit_Zone",4
1866.192,"Info","Arena",8,"Enter_Zone",1
1866.485,"Info","Arena",3,"Exit_Zone",2
1866.485,"Info","Arena",3,"Enter_Zone",4
1866.521,"Info","Arena",2,"Exit_Zone",4
1866.521,"Info","Arena",2,"Enter_Zone",2
1866.556,"Info","Arena",3,"Exit_Zone",4
1866.556,"Info","Arena",3,"Enter_Zone",1
1866.667,"Info","Arena",3,"Exit_Zone",1
1866.667,"Info","Arena",3,"Enter_Zone",4
1866.740,"Info","Arena",7,"Exit_Zone",4
1866.740,"Info","Arena",7,"Enter_Zone",1
1866.814,"Info","Arena",3,"Exit_Zone",4
1866.814,"Info","Arena",3,"Enter_Zone",2
1866.922,"Info","Arena",6,"Exit_Zone",1
1866.922,"Info","Arena",6,"Enter_Zone",4
1867.473,"Info","Arena",6,"Exit_Zone",4
1867.473,"Info","Arena",6,"Enter_Zone",2
1867.814,"Info","Arena",2,"Exit_Zone",2
1867.814,"Info","Arena",2,"Enter_Zone",3
1867.880,"Info","Arena",2,"Exit_Zone",3
1867.880,"Info","Arena",2,"Enter_Zone",2
1867.977,"Info","Arena",2,"Exit_Zone",2
1867.977,"Info","Arena",2,"Enter_Zone",3
1868.013,"Info","Arena",2,"Exit_Zone",3
1868.013,"Info","Arena",2,"Enter_Zone",2
1868.044,"Info","Arena",2,"Exit_Zone",2
1868.044,"Info","Arena",2,"Enter_Zone",3
1868.465,"Info","Arena",2,"Exit_Zone",3
1868.465,"Info","Arena",2,"Enter_Zone",2
1868.695,"Info","Arena",2,"Exit_Zone",2
1868.695,"Info","Arena",2,"Enter_Zone",3
1868.759,"Info","Arena",2,"Exit_Zone",3
1868.759,"Info","Arena",2,"Enter_Zone",2
1870.243,"Info","Arena",7,"Exit_Zone",1
1870.243,"Info","Arena",7,"Enter_Zone",4
1870.525,"Info","Arena",1,"Exit_Zone",3
1870.525,"Info","Arena",1,"Enter_Zone",4
1870.704,"Info","Arena",1,"Exit_Zone",4
1870.704,"Info","Arena",1,"Enter_Zone",1
1870.704,"Info","Arena",2,"Exit_Zone",2
1870.704,"Info","Arena",2,"Enter_Zone",4
1870.741,"Info","Arena",7,"Exit_Zone",4
1870.741,"Info","Arena",7,"Enter_Zone",3
1871.248,"Info","Arena",2,"Exit_Zone",4
1871.248,"Info","Arena",2,"Enter_Zone",1
1871.248,"Info","Arena",7,"Exit_Zone",3
1871.248,"Info","Arena",7,"Enter_Zone",1
1871.280,"Info","Arena",7,"Exit_Zone",1
1871.280,"Info","Arena",7,"Enter_Zone",3
1871.498,"Info","Arena",7,"Exit_Zone",3
1871.498,"Info","Arena",7,"Enter_Zone",1
1871.566,"Info","Arena",5,"Exit_Zone",2
1871.566,"Info","Arena",5,"Enter_Zone",4
1871.773,"Info","Arena",7,"Exit_Zone",1
1871.773,"Info","Arena",7,"Enter_Zone",3
1872.350,"Info","Arena",7,"Exit_Zone",3
1872.350,"Info","Arena",7,"Enter_Zone",1
1872.421,"Info","Arena",7,"Exit_Zone",1
1872.421,"Info","Arena",7,"Enter_Zone",3
1872.562,"Info","Arena",2,"Exit_Zone",1
1872.562,"Info","Arena",2,"Enter_Zone",3
1872.739,"Info","Arena",2,"Exit_Zone",3
1872.739,"Info","Arena",2,"Enter_Zone",1
1872.915,"Info","Arena",6,"Exit_Zone",2
1872.915,"Info","Arena",6,"Enter_Zone",4
1873.023,"Info","Arena",1,"Exit_Zone",1
1873.023,"Info","Arena",1,"Enter_Zone",4
1873.283,"Info","Arena",1,"Exit_Zone",4
1873.283,"Info","Arena",1,"Enter_Zone",3
1873.496,"Info","Arena",6,"Exit_Zone",4
1873.496,"Info","Arena",6,"Enter_Zone",1
1873.814,"Info","Arena",7,"Exit_Zone",3
1873.814,"Info","Arena",7,"Enter_Zone",4
1873.950,"Info","Arena",5,"Exit_Zone",4
1873.950,"Info","Arena",5,"Enter_Zone",3
1874.124,"Info","Arena",7,"Exit_Zone",4
1874.124,"Info","Arena",7,"Enter_Zone",2
1875.482,"Info","Arena",7,"Exit_Zone",2
1875.482,"Info","Arena",7,"Enter_Zone",1
1875.550,"Info","Arena",7,"Exit_Zone",1
1875.550,"Info","Arena",7,"Enter_Zone",2
1875.786,"Info","Arena",1,"Exit_Zone",3
1875.786,"Info","Arena",1,"Enter_Zone",4
1876.029,"Info","Arena",1,"Exit_Zone",4
1876.029,"Info","Arena",1,"Enter_Zone",1
1876.098,"Info","Arena",2,"Exit_Zone",1
1876.098,"Info","Arena",2,"Enter_Zone",4
1876.716,"Info","Arena",2,"Exit_Zone",4
1876.716,"Info","Arena",2,"Enter_Zone",3
1877.381,"Info","Arena",8,"Exit_Zone",1
1877.381,"Info","Arena",8,"Enter_Zone",4
1877.703,"Info","Arena",4,"Exit_Zone",2
1877.703,"Info","Arena",4,"Enter_Zone",4
1877.736,"Info","Arena",7,"Exit_Zone",2
1877.736,"Info","Arena",7,"Enter_Zone",4
1877.875,"Info","Arena",6,"Exit_Zone",1
1877.875,"Info","Arena",6,"Enter_Zone",4
1878.055,"Info","Arena",4,"Exit_Zone",4
1878.055,"Info","Arena",4,"Enter_Zone",1
1878.199,"Info","Arena",7,"Exit_Zone",4
1878.199,"Info","Arena",7,"Enter_Zone",1
1878.244,"Info","Arena",8,"Exit_Zone",4
1878.244,"Info","Arena",8,"Enter_Zone",1
1878.699,"Info","Arena",8,"Exit_Zone",1
1878.699,"Info","Arena",8,"Enter_Zone",4
1878.900,"Info","Arena",6,"Exit_Zone",4
1878.900,"Info","Arena",6,"Enter_Zone",3
1880.342,"Info","Arena",8,"Exit_Zone",4
1880.342,"Info","Arena",8,"Enter_Zone",3
1881.797,"Info","Arena",4,"Exit_Zone",1
1881.797,"Info","Arena",4,"Enter_Zone",4
1882.243,"Info","Arena",7,"Exit_Zone",1
1882.243,"Info","Arena",7,"Enter_Zone",4
1882.944,"Info","Arena",7,"Exit_Zone",4
1882.944,"Info","Arena",7,"Enter_Zone",3
1883.011,"Info","Arena",4,"Exit_Zone",4
1883.011,"Info","Arena",4,"Enter_Zone",3
1884.353,"Info","Arena",6,"Exit_Zone",3
1884.353,"Info","Arena",6,"Enter_Zone",4
1884.458,"Info","Arena",2,"Exit_Zone",3
1884.458,"Info","Arena",2,"Enter_Zone",4
1884.832,"Info","Arena",2,"Exit_Zone",4
1884.832,"Info","Arena",2,"Enter_Zone",2
1885.231,"Info","Arena",5,"Exit_Zone",3
1885.231,"Info","Arena",5,"Enter_Zone",4
1885.231,"Info","Arena",8,"Exit_Zone",3
1885.231,"Info","Arena",8,"Enter_Zone",4
1885.460,"Info","Arena",6,"Exit_Zone",4
1885.460,"Info","Arena",6,"Enter_Zone",1
1885.499,"Info","Arena",1,"Exit_Zone",1
1885.499,"Info","Arena",1,"Enter_Zone",4
1885.538,"Info","Arena",1,"Exit_Zone",4
1885.538,"Info","Arena",1,"Enter_Zone",2
1885.762,"Info","Arena",5,"Exit_Zone",4
1885.762,"Info","Arena",5,"Enter_Zone",2
1886.120,"Info","Arena",2,"Exit_Zone",2
1886.120,"Info","Arena",2,"Enter_Zone",3
1886.120,"Info","Arena",8,"Exit_Zone",4
1886.120,"Info","Arena",8,"Enter_Zone",1
1886.371,"Info","Arena",7,"Exit_Zone",3
1886.371,"Info","Arena",7,"Enter_Zone",4
1886.554,"Info","Arena",4,"Exit_Zone",3
1886.554,"Info","Arena",4,"Enter_Zone",4
1887.037,"Info","Arena",1,"Exit_Zone",2
1887.037,"Info","Arena",1,"Enter_Zone",4
1887.077,"Info","Arena",7,"Exit_Zone",4
1887.077,"Info","Arena",7,"Enter_Zone",2
1887.114,"Info","Arena",2,"Exit_Zone",3
1887.114,"Info","Arena",2,"Enter_Zone",2
1887.151,"Info","Arena",1,"Exit_Zone",4
1887.151,"Info","Arena",1,"Enter_Zone",1
1887.507,"Info","Arena",4,"Exit_Zone",4
1887.507,"Info","Arena",4,"Enter_Zone",1
1888.835,"Info","Arena",2,"Exit_Zone",2
1888.835,"Info","Arena",2,"Enter_Zone",4
1889.036,"Info","Arena",2,"Exit_Zone",4
1889.036,"Info","Arena",2,"Enter_Zone",1
1889.106,"Info","Arena",7,"Exit_Zone",2
1889.106,"Info","Arena",7,"Enter_Zone",1
1889.221,"Info","Arena",7,"Exit_Zone",1
1889.221,"Info","Arena",7,"Enter_Zone",2
1890.159,"Info","Arena",7,"Exit_Zone",2
1890.159,"Info","Arena",7,"Enter_Zone",4
1890.634,"Info","Arena",7,"Exit_Zone",4
1890.634,"Info","Arena",7,"Enter_Zone",1
1891.002,"Info","Arena",4,"Exit_Zone",1
1891.002,"Info","Arena",4,"Enter_Zone",4
1891.116,"Info","Arena",6,"Exit_Zone",1
1891.116,"Info","Arena",6,"Enter_Zone",4
1891.150,"Info","Arena",4,"Exit_Zone",4
1891.150,"Info","Arena",4,"Enter_Zone",2
1892.299,"Info","Arena",4,"Exit_Zone",2
1892.299,"Info","Arena",4,"Enter_Zone",4
1892.369,"Info","Arena",8,"Exit_Zone",1
1892.369,"Info","Arena",8,"Enter_Zone",4
1892.442,"Info","Arena",1,"Exit_Zone",1
1892.442,"Info","Arena",1,"Enter_Zone",4
1892.442,"Info","Arena",2,"Exit_Zone",1
1892.442,"Info","Arena",2,"Enter_Zone",4
1892.477,"Info","Arena",4,"Exit_Zone",4
1892.477,"Info","Arena",4,"Enter_Zone",3
1892.548,"Info","Arena",1,"Exit_Zone",4
1892.548,"Info","Arena",1,"Enter_Zone",2
1893.172,"Info","Arena",2,"Exit_Zone",4
1893.172,"Info","Arena",2,"Enter_Zone",3
1893.447,"Info","Arena",8,"Exit_Zone",4
1893.447,"Info","Arena",8,"Enter_Zone",3
1893.519,"Info","Arena",8,"Exit_Zone",3
1893.519,"Info","Arena",8,"Enter_Zone",4
1893.596,"Info","Arena",8,"Exit_Zone",4
1893.596,"Info","Arena",8,"Enter_Zone",3
1893.931,"Info","Arena",6,"Exit_Zone",4
1893.931,"Info","Arena",6,"Enter_Zone",3
1893.969,"Info","Arena",7,"Exit_Zone",1
1893.969,"Info","Arena",7,"Enter_Zone",4
1894.195,"Info","Arena",7,"Exit_Zone",4
1894.195,"Info","Arena",7,"Enter_Zone",2
1894.394,"Info","Arena",5,"Exit_Zone",2
1894.394,"Info","Arena",5,"Enter_Zone",4
1894.644,"Info","Arena",5,"Exit_Zone",4
1894.644,"Info","Arena",5,"Enter_Zone",2
1894.750,"Info","Arena",5,"Exit_Zone",2
1894.750,"Info","Arena",5,"Enter_Zone",4
1895.139,"Info","Arena",1,"Exit_Zone",2
1895.139,"Info","Arena",1,"Enter_Zone",4
1895.385,"Info","Arena",1,"Exit_Zone",4
1895.385,"Info","Arena",1,"Enter_Zone",1
1895.482,"Info","Arena",8,"Exit_Zone",3
1895.482,"Info","Arena",8,"Enter_Zone",1
1895.515,"Info","Arena",8,"Exit_Zone",1
1895.515,"Info","Arena",8,"Enter_Zone",3
1895.647,"Info","Arena",5,"Exit_Zone",4
1895.647,"Info","Arena",5,"Enter_Zone",3
1895.880,"Info","Arena",7,"Exit_Zone",2
1895.880,"Info","Arena",7,"Enter_Zone",1
1895.946,"Info","Arena",7,"Exit_Zone",1
1895.946,"Info","Arena",7,"Enter_Zone",2
1896.699,"Info","Arena",7,"Exit_Zone",2
1896.699,"Info","Arena",7,"Enter_Zone",4
1896.919,"Info","Arena",2,"Exit_Zone",3
1896.919,"Info","Arena",2,"Enter_Zone",4
1897.032,"Info","Arena",7,"Exit_Zone",4
1897.032,"Info","Arena",7,"Enter_Zone",1
1897.144,"Info","Arena",8,"Exit_Zone",3
1897.144,"Info","Arena",8,"Enter_Zone",4
1897.229,"Info","Arena",2,"Exit_Zone",4
1897.229,"Info","Arena",2,"Enter_Zone",2
1897.340,"Info","Arena",4,"Exit_Zone",3
1897.340,"Info","Arena",4,"Enter_Zone",4
1897.593,"Info","Arena",1,"Exit_Zone",1
1897.593,"Info","Arena",1,"Enter_Zone",4
1897.663,"Info","Arena",1,"Exit_Zone",4
1897.663,"Info","Arena",1,"Enter_Zone",2
1897.963,"Info","Arena",6,"Exit_Zone",3
1897.963,"Info","Arena",6,"Enter_Zone",4
1898.187,"Info","Arena",4,"Exit_Zone",4
1898.187,"Info","Arena",4,"Enter_Zone",1
1898.441,"Info","Arena",8,"Exit_Zone",4
1898.441,"Info","Arena",8,"Enter_Zone",2
1898.865,"Info","Arena",2,"Exit_Zone",2
1898.865,"Info","Arena",2,"Enter_Zone",3
1899.195,"Info","Arena",2,"Exit_Zone",3
1899.195,"Info","Arena",2,"Enter_Zone",2
1899.606,"Info","Arena",1,"Exit_Zone",2
1899.606,"Info","Arena",1,"Enter_Zone",4
1899.792,"Info","Arena",1,"Exit_Zone",4
1899.792,"Info","Arena",1,"Enter_Zone",1
1899.980,"Info","Arena",6,"Exit_Zone",4
1899.980,"Info","Arena",6,"Enter_Zone",2
1900.049,"Info","Arena",5,"Exit_Zone",3
1900.049,"Info","Arena",5,"Enter_Zone",4
1900.367,"Info","Arena",5,"Exit_Zone",4
1900.367,"Info","Arena",5,"Enter_Zone",1
1900.676,"Info","Arena",7,"Exit_Zone",1
1900.676,"Info","Arena",7,"Enter_Zone",4
1900.707,"Info","Arena",2,"Exit_Zone",2
1900.707,"Info","Arena",2,"Enter_Zone",3
1900.838,"Info","Arena",2,"Exit_Zone",3
1900.838,"Info","Arena",2,"Enter_Zone",2
1901.488,"Info","Arena",7,"Exit_Zone",4
1901.488,"Info","Arena",7,"Enter_Zone",3
1902.343,"Info","Arena",8,"Exit_Zone",2
1902.343,"Info","Arena",8,"Enter_Zone",4
1902.376,"Info","Arena",7,"Exit_Zone",3
1902.376,"Info","Arena",7,"Enter_Zone",1
1902.483,"Info","Arena",2,"Exit_Zone",2
1902.483,"Info","Arena",2,"Enter_Zone",4
1902.666,"Info","Arena",1,"Exit_Zone",1
1902.666,"Info","Arena",1,"Enter_Zone",4
1902.704,"Info","Arena",1,"Exit_Zone",4
1902.704,"Info","Arena",1,"Enter_Zone",2
1902.704,"Info","Arena",7,"Exit_Zone",1
1902.704,"Info","Arena",7,"Enter_Zone",3
1902.814,"Info","Arena",2,"Exit_Zone",4
1902.814,"Info","Arena",2,"Enter_Zone",1
1903.516,"Info","Arena",7,"Exit_Zone",3
1903.516,"Info","Arena",7,"Enter_Zone",1
1903.584,"Info","Arena",7,"Exit_Zone",1
1903.584,"Info","Arena",7,"Enter_Zone",3
1903.655,"Info","Arena",8,"Exit_Zone",4
1903.655,"Info","Arena",8,"Enter_Zone",3
1903.758,"Info","Arena",2,"Exit_Zone",1
1903.758,"Info","Arena",2,"Enter_Zone",3
1903.989,"Info","Arena",2,"Exit_Zone",3
1903.989,"Info","Arena",2,"Enter_Zone",1
1904.024,"Info","Arena",2,"Exit_Zone",1
1904.024,"Info","Arena",2,"Enter_Zone",3
1904.055,"Info","Arena",2,"Exit_Zone",3
1904.055,"Info","Arena",2,"Enter_Zone",1
1904.091,"Info","Arena",2,"Exit_Zone",1
1904.091,"Info","Arena",2,"Enter_Zone",3
1904.271,"Info","Arena",2,"Exit_Zone",3
1904.271,"Info","Arena",2,"Enter_Zone",1
1905.278,"Info","Arena",2,"Exit_Zone",1
1905.278,"Info","Arena",2,"Enter_Zone",4
1906.053,"Info","Arena",2,"Exit_Zone",4
1906.053,"Info","Arena",2,"Enter_Zone",3
1906.455,"Info","Arena",6,"Exit_Zone",2
1906.455,"Info","Arena",6,"Enter_Zone",4
1906.671,"Info","Arena",7,"Exit_Zone",3
1906.671,"Info","Arena",7,"Enter_Zone",4
1907.111,"Info","Arena",7,"Exit_Zone",4
1907.111,"Info","Arena",7,"Enter_Zone",2
1908.345,"Info","Arena",6,"Exit_Zone",4
1908.345,"Info","Arena",6,"Enter_Zone",1
1908.528,"Info","Arena",7,"Exit_Zone",2
1908.528,"Info","Arena",7,"Enter_Zone",1
1908.703,"Info","Arena",7,"Exit_Zone",1
1908.703,"Info","Arena",7,"Enter_Zone",2
1909.491,"Info","Arena",7,"Exit_Zone",2
1909.491,"Info","Arena",7,"Enter_Zone",1
1909.669,"Info","Arena",7,"Exit_Zone",1
1909.669,"Info","Arena",7,"Enter_Zone",2
1909.707,"Info","Arena",5,"Exit_Zone",1
1909.707,"Info","Arena",5,"Enter_Zone",4
1909.743,"Info","Arena",7,"Exit_Zone",2
1909.743,"Info","Arena",7,"Enter_Zone",1
1909.886,"Info","Arena",2,"Exit_Zone",3
1909.886,"Info","Arena",2,"Enter_Zone",4
1909.922,"Info","Arena",7,"Exit_Zone",1
1909.922,"Info","Arena",7,"Enter_Zone",2
1910.298,"Info","Arena",2,"Exit_Zone",4
1910.298,"Info","Arena",2,"Enter_Zone",2
1910.441,"Info","Arena",7,"Exit_Zone",2
1910.441,"Info","Arena",7,"Enter_Zone",4
1910.441,"Info","Arena",8,"Exit_Zone",3
1910.441,"Info","Arena",8,"Enter_Zone",4
1910.584,"Info","Arena",5,"Exit_Zone",4
1910.584,"Info","Arena",5,"Enter_Zone",3
1910.877,"Info","Arena",7,"Exit_Zone",4
1910.877,"Info","Arena",7,"Enter_Zone",1
1911.054,"Info","Arena",8,"Exit_Zone",4
1911.054,"Info","Arena",8,"Enter_Zone",2
1913.920,"Info","Arena",2,"Exit_Zone",2
1913.920,"Info","Arena",2,"Enter_Zone",4
1914.022,"Info","Arena",6,"Exit_Zone",1
1914.022,"Info","Arena",6,"Enter_Zone",4
1914.155,"Info","Arena",2,"Exit_Zone",4
1914.155,"Info","Arena",2,"Enter_Zone",3
1915.077,"Info","Arena",6,"Exit_Zone",4
1915.077,"Info","Arena",6,"Enter_Zone",1
1915.293,"Info","Arena",7,"Exit_Zone",1
1915.293,"Info","Arena",7,"Enter_Zone",4
1915.990,"Info","Arena",7,"Exit_Zone",4
1915.990,"Info","Arena",7,"Enter_Zone",3
1916.376,"Info","Arena",6,"Exit_Zone",1
1916.376,"Info","Arena",6,"Enter_Zone",4
1916.541,"Info","Arena",6,"Exit_Zone",4
1916.541,"Info","Arena",6,"Enter_Zone",2
1916.845,"Info","Arena",7,"Exit_Zone",3
1916.845,"Info","Arena",7,"Enter_Zone",1
1916.877,"Info","Arena",7,"Exit_Zone",1
1916.877,"Info","Arena",7,"Enter_Zone",3
1917.470,"Info","Arena",8,"Exit_Zone",2
1917.470,"Info","Arena",8,"Enter_Zone",4
1917.824,"Info","Arena",5,"Exit_Zone",3
1917.824,"Info","Arena",5,"Enter_Zone",4
1918.169,"Info","Arena",7,"Exit_Zone",3
1918.169,"Info","Arena",7,"Enter_Zone",1
1918.275,"Info","Arena",7,"Exit_Zone",1
1918.275,"Info","Arena",7,"Enter_Zone",3
1918.827,"Info","Arena",8,"Exit_Zone",4
1918.827,"Info","Arena",8,"Enter_Zone",1
1919.415,"Info","Arena",5,"Exit_Zone",4
1919.415,"Info","Arena",5,"Enter_Zone",2
1919.555,"Info","Arena",7,"Exit_Zone",3
1919.555,"Info","Arena",7,"Enter_Zone",4
1920.186,"Info","Arena",6,"Exit_Zone",2
1920.186,"Info","Arena",6,"Enter_Zone",4
1920.267,"Info","Arena",7,"Exit_Zone",4
1920.267,"Info","Arena",7,"Enter_Zone",2
1921.071,"Info","Arena",7,"Exit_Zone",2
1921.071,"Info","Arena",7,"Enter_Zone",1
1921.102,"Info","Arena",7,"Exit_Zone",1
1921.102,"Info","Arena",7,"Enter_Zone",2
1921.360,"Info","Arena",6,"Exit_Zone",4
1921.360,"Info","Arena",6,"Enter_Zone",3
1923.085,"Info","Arena",8,"Exit_Zone",1
1923.085,"Info","Arena",8,"Enter_Zone",4
1923.339,"Info","Arena",1,"Exit_Zone",2
1923.339,"Info","Arena",1,"Enter_Zone",4
1923.518,"Info","Arena",1,"Exit_Zone",4
1923.518,"Info","Arena",1,"Enter_Zone",1
1923.590,"Info","Arena",7,"Exit_Zone",2
1923.590,"Info","Arena",7,"Enter_Zone",4
1923.800,"Info","Arena",8,"Exit_Zone",4
1923.800,"Info","Arena",8,"Enter_Zone",3
1924.038,"Info","Arena",7,"Exit_Zone",4
1924.038,"Info","Arena",7,"Enter_Zone",1
1925.512,"Info","Arena",6,"Exit_Zone",3
1925.512,"Info","Arena",6,"Enter_Zone",4
1925.714,"Info","Arena",2,"Exit_Zone",3
1925.714,"Info","Arena",2,"Enter_Zone",4
1926.062,"Info","Arena",2,"Exit_Zone",4
1926.062,"Info","Arena",2,"Enter_Zone",2
1926.095,"Info","Arena",6,"Exit_Zone",4
1926.095,"Info","Arena",6,"Enter_Zone",1
1926.567,"Info","Arena",1,"Exit_Zone",1
1926.567,"Info","Arena",1,"Enter_Zone",4
1926.670,"Info","Arena",7,"Exit_Zone",1
1926.670,"Info","Arena",7,"Enter_Zone",4
1926.813,"Info","Arena",1,"Exit_Zone",4
1926.813,"Info","Arena",1,"Enter_Zone",2
1927.203,"Info","Arena",7,"Exit_Zone",4
1927.203,"Info","Arena",7,"Enter_Zone",3
1928.890,"Info","Arena",5,"Exit_Zone",2
1928.890,"Info","Arena",5,"Enter_Zone",4
1928.988,"Info","Arena",7,"Exit_Zone",3
1928.988,"Info","Arena",7,"Enter_Zone",1
1929.231,"Info","Arena",7,"Exit_Zone",1
1929.231,"Info","Arena",7,"Enter_Zone",3
1929.887,"Info","Arena",2,"Exit_Zone",2
1929.887,"Info","Arena",2,"Enter_Zone",4
1930.202,"Info","Arena",8,"Exit_Zone",3
1930.202,"Info","Arena",8,"Enter_Zone",4
1930.427,"Info","Arena",2,"Exit_Zone",4
1930.427,"Info","Arena",2,"Enter_Zone",1
1930.462,"Info","Arena",6,"Exit_Zone",1
1930.462,"Info","Arena",6,"Enter_Zone",4
1930.610,"Info","Arena",7,"Exit_Zone",3
1930.610,"Info","Arena",7,"Enter_Zone",4
1930.796,"Info","Arena",8,"Exit_Zone",4
1930.796,"Info","Arena",8,"Enter_Zone",1
1930.831,"Info","Arena",1,"Exit_Zone",2
1930.831,"Info","Arena",1,"Enter_Zone",4
1930.976,"Info","Arena",1,"Exit_Zone",4
1930.976,"Info","Arena",1,"Enter_Zone",1
1931.501,"Info","Arena",7,"Exit_Zone",4
1931.501,"Info","Arena",7,"Enter_Zone",1
1931.817,"Info","Arena",6,"Exit_Zone",4
1931.817,"Info","Arena",6,"Enter_Zone",1
1931.853,"Info","Arena",6,"Exit_Zone",1
1931.853,"Info","Arena",6,"Enter_Zone",4
1931.889,"Info","Arena",1,"Exit_Zone",1
1931.889,"Info","Arena",1,"Enter_Zone",4
1931.889,"Info","Arena",6,"Exit_Zone",4
1931.889,"Info","Arena",6,"Enter_Zone",1
1931.997,"Info","Arena",1,"Exit_Zone",4
1931.997,"Info","Arena",1,"Enter_Zone",2
1932.633,"Info","Arena",5,"Exit_Zone",4
1932.633,"Info","Arena",5,"Enter_Zone",1
1933.494,"Info","Arena",2,"Exit_Zone",1
1933.494,"Info","Arena",2,"Enter_Zone",4
1933.863,"Info","Arena",8,"Exit_Zone",1
1933.863,"Info","Arena",8,"Enter_Zone",4
1934.303,"Info","Arena",2,"Exit_Zone",4
1934.303,"Info","Arena",2,"Enter_Zone",3
1934.592,"Info","Arena",7,"Exit_Zone",1
1934.592,"Info","Arena",7,"Enter_Zone",4
1935.158,"Info","Arena",7,"Exit_Zone",4
1935.158,"Info","Arena",7,"Enter_Zone",1
1935.198,"Info","Arena",7,"Exit_Zone",1
1935.198,"Info","Arena",7,"Enter_Zone",3
1935.504,"Info","Arena",8,"Exit_Zone",4
1935.504,"Info","Arena",8,"Enter_Zone",3
1936.814,"Info","Arena",7,"Exit_Zone",3
1936.814,"Info","Arena",7,"Enter_Zone",1
1936.848,"Info","Arena",7,"Exit_Zone",1
1936.848,"Info","Arena",7,"Enter_Zone",3
1937.670,"Info","Arena",7,"Exit_Zone",3
1937.670,"Info","Arena",7,"Enter_Zone",4
1938.071,"Info","Arena",6,"Exit_Zone",1
1938.071,"Info","Arena",6,"Enter_Zone",4
1938.071,"Info","Arena",7,"Exit_Zone",4
1938.071,"Info","Arena",7,"Enter_Zone",2
1939.098,"Info","Arena",7,"Exit_Zone",2
1939.098,"Info","Arena",7,"Enter_Zone",1
1939.131,"Info","Arena",7,"Exit_Zone",1
1939.131,"Info","Arena",7,"Enter_Zone",2
1939.195,"Info","Arena",6,"Exit_Zone",4
1939.195,"Info","Arena",6,"Enter_Zone",3
1939.305,"Info","Arena",2,"Exit_Zone",3
1939.305,"Info","Arena",2,"Enter_Zone",4
1939.696,"Info","Arena",2,"Exit_Zone",4
1939.696,"Info","Arena",2,"Enter_Zone",2
1940.487,"Info","Arena",7,"Exit_Zone",2
1940.487,"Info","Arena",7,"Enter_Zone",1
1940.836,"Info","Arena",7,"Exit_Zone",1
1940.836,"Info","Arena",7,"Enter_Zone",2
1941.307,"Info","Arena",5,"Exit_Zone",1
1941.307,"Info","Arena",5,"Enter_Zone",4
1941.755,"Info","Arena",2,"Exit_Zone",2
1941.755,"Info","Arena",2,"Enter_Zone",4
1941.975,"Info","Arena",2,"Exit_Zone",4
1941.975,"Info","Arena",2,"Enter_Zone",3
1941.975,"Info","Arena",8,"Exit_Zone",3
1941.975,"Info","Arena",8,"Enter_Zone",4
1942.011,"Info","Arena",7,"Exit_Zone",2
1942.011,"Info","Arena",7,"Enter_Zone",4
1942.477,"Info","Arena",7,"Exit_Zone",4
1942.477,"Info","Arena",7,"Enter_Zone",1
1942.905,"Info","Arena",5,"Exit_Zone",4
1942.905,"Info","Arena",5,"Enter_Zone",3
1943.098,"Info","Arena",6,"Exit_Zone",3
1943.098,"Info","Arena",6,"Enter_Zone",4
1943.134,"Info","Arena",8,"Exit_Zone",4
1943.134,"Info","Arena",8,"Enter_Zone",2
1944.420,"Info","Arena",6,"Exit_Zone",4
1944.420,"Info","Arena",6,"Enter_Zone",2
1944.562,"Info","Arena",7,"Exit_Zone",1
1944.562,"Info","Arena",7,"Enter_Zone",4
1945.319,"Info","Arena",7,"Exit_Zone",4
1945.319,"Info","Arena",7,"Enter_Zone",3
1946.273,"Info","Arena",7,"Exit_Zone",3
1946.273,"Info","Arena",7,"Enter_Zone",1
1946.472,"Info","Arena",7,"Exit_Zone",1
1946.472,"Info","Arena",7,"Enter_Zone",3
1946.971,"Info","Arena",7,"Exit_Zone",3
1946.971,"Info","Arena",7,"Enter_Zone",4
1947.638,"Info","Arena",7,"Exit_Zone",4
1947.638,"Info","Arena",7,"Enter_Zone",2
1947.872,"Info","Arena",7,"Exit_Zone",2
1947.872,"Info","Arena",7,"Enter_Zone",1
1947.938,"Info","Arena",7,"Exit_Zone",1
1947.938,"Info","Arena",7,"Enter_Zone",2
1947.938,"Info","Arena",8,"Exit_Zone",2
1947.938,"Info","Arena",8,"Enter_Zone",4
1948.279,"Info","Arena",8,"Exit_Zone",4
1948.279,"Info","Arena",8,"Enter_Zone",1
1949.363,"Info","Arena",7,"Exit_Zone",2
1949.363,"Info","Arena",7,"Enter_Zone",1
1949.424,"Info","Arena",7,"Exit_Zone",1
1949.424,"Info","Arena",7,"Enter_Zone",2
1949.585,"Info","Arena",6,"Exit_Zone",2
1949.585,"Info","Arena",6,"Enter_Zone",4
1949.718,"Info","Arena",6,"Exit_Zone",4
1949.718,"Info","Arena",6,"Enter_Zone",1
1950.249,"Info","Arena",7,"Exit_Zone",2
1950.249,"Info","Arena",7,"Enter_Zone",1
1950.279,"Info","Arena",7,"Exit_Zone",1
1950.279,"Info","Arena",7,"Enter_Zone",2
1950.981,"Info","Arena",5,"Exit_Zone",3
1950.981,"Info","Arena",5,"Enter_Zone",4
1951.109,"Info","Arena",7,"Exit_Zone",2
1951.109,"Info","Arena",7,"Enter_Zone",4
1951.473,"Info","Arena",7,"Exit_Zone",4
1951.473,"Info","Arena",7,"Enter_Zone",1
1952.406,"Info","Arena",5,"Exit_Zone",4
1952.406,"Info","Arena",5,"Enter_Zone",2
1953.371,"Info","Arena",8,"Exit_Zone",1
1953.371,"Info","Arena",8,"Enter_Zone",4
1954.189,"Info","Arena",1,"Exit_Zone",2
1954.189,"Info","Arena",1,"Enter_Zone",4
1954.269,"Info","Arena",3,"Exit_Zone",2
1954.269,"Info","Arena",3,"Enter_Zone",4
1954.306,"Info","Arena",8,"Exit_Zone",4
1954.306,"Info","Arena",8,"Enter_Zone",2
1954.415,"Info","Arena",3,"Exit_Zone",4
1954.415,"Info","Arena",3,"Enter_Zone",3
1954.522,"Info","Arena",1,"Exit_Zone",4
1954.522,"Info","Arena",1,"Enter_Zone",1
1954.882,"Info","Arena",2,"Exit_Zone",3
1954.882,"Info","Arena",2,"Enter_Zone",4
1955.322,"Info","Arena",2,"Exit_Zone",4
1955.322,"Info","Arena",2,"Enter_Zone",2
1955.358,"Info","Arena",7,"Exit_Zone",1
1955.358,"Info","Arena",7,"Enter_Zone",4
1955.802,"Info","Arena",6,"Exit_Zone",1
1955.802,"Info","Arena",6,"Enter_Zone",4
1956.111,"Info","Arena",7,"Exit_Zone",4
1956.111,"Info","Arena",7,"Enter_Zone",3
1956.358,"Info","Arena",1,"Exit_Zone",1
1956.358,"Info","Arena",1,"Enter_Zone",4
1956.495,"Info","Arena",1,"Exit_Zone",4
1956.495,"Info","Arena",1,"Enter_Zone",2
1957.360,"Info","Arena",7,"Exit_Zone",3
1957.360,"Info","Arena",7,"Enter_Zone",1
1957.425,"Info","Arena",6,"Exit_Zone",4
1957.425,"Info","Arena",6,"Enter_Zone",3
1957.425,"Info","Arena",8,"Exit_Zone",2
1957.425,"Info","Arena",8,"Enter_Zone",1
1957.559,"Info","Arena",7,"Exit_Zone",1
1957.559,"Info","Arena",7,"Enter_Zone",3
1957.727,"Info","Arena",2,"Exit_Zone",2
1957.727,"Info","Arena",2,"Enter_Zone",4
1958.087,"Info","Arena",2,"Exit_Zone",4
1958.087,"Info","Arena",2,"Enter_Zone",1
1958.183,"Info","Arena",7,"Exit_Zone",3
1958.183,"Info","Arena",7,"Enter_Zone",1
1958.225,"Info","Arena",7,"Exit_Zone",1
1958.225,"Info","Arena",7,"Enter_Zone",3
1958.259,"Info","Arena",7,"Exit_Zone",3
1958.259,"Info","Arena",7,"Enter_Zone",1
1958.620,"Info","Arena",8,"Exit_Zone",1
1958.620,"Info","Arena",8,"Enter_Zone",4
1958.685,"Info","Arena",7,"Exit_Zone",1
1958.685,"Info","Arena",7,"Enter_Zone",3
1959.157,"Info","Arena",8,"Exit_Zone",4
1959.157,"Info","Arena",8,"Enter_Zone",3
1959.234,"Info","Arena",7,"Exit_Zone",3
1959.234,"Info","Arena",7,"Enter_Zone",4
1959.738,"Info","Arena",7,"Exit_Zone",4
1959.738,"Info","Arena",7,"Enter_Zone",2
1960.000,"Info","Arena",8,"Exit_Zone",3
1960.000,"Info","Arena",8,"Enter_Zone",1
1960.032,"Info","Arena",8,"Exit_Zone",1
1960.032,"Info","Arena",8,"Enter_Zone",3
1960.496,"Info","Arena",8,"Exit_Zone",3
1960.496,"Info","Arena",8,"Enter_Zone",1
1960.529,"Info","Arena",8,"Exit_Zone",1
1960.529,"Info","Arena",8,"Enter_Zone",3
1961.176,"Info","Arena",7,"Exit_Zone",2
1961.176,"Info","Arena",7,"Enter_Zone",1
1961.217,"Info","Arena",7,"Exit_Zone",1
1961.217,"Info","Arena",7,"Enter_Zone",2
1961.451,"Info","Arena",7,"Exit_Zone",2
1961.451,"Info","Arena",7,"Enter_Zone",1
1961.745,"Info","Arena",2,"Exit_Zone",1
1961.745,"Info","Arena",2,"Enter_Zone",3
1961.745,"Info","Arena",7,"Exit_Zone",1
1961.745,"Info","Arena",7,"Enter_Zone",2
1962.205,"Info","Arena",2,"Exit_Zone",3
1962.205,"Info","Arena",2,"Enter_Zone",1
1962.252,"Info","Arena",8,"Exit_Zone",3
1962.252,"Info","Arena",8,"Enter_Zone",4
1962.434,"Info","Arena",5,"Exit_Zone",2
1962.434,"Info","Arena",5,"Enter_Zone",4
1962.622,"Info","Arena",5,"Exit_Zone",4
1962.622,"Info","Arena",5,"Enter_Zone",1
1962.806,"Info","Arena",7,"Exit_Zone",2
1962.806,"Info","Arena",7,"Enter_Zone",1
1962.843,"Info","Arena",7,"Exit_Zone",1
1962.843,"Info","Arena",7,"Enter_Zone",2
1963.031,"Info","Arena",2,"Exit_Zone",1
1963.031,"Info","Arena",2,"Enter_Zone",3
1963.031,"Info","Arena",4,"Exit_Zone",1
1963.031,"Info","Arena",4,"Enter_Zone",4
1963.031,"Info","Arena",7,"Exit_Zone",2
1963.031,"Info","Arena",7,"Enter_Zone",1
1963.098,"Info","Arena",7,"Exit_Zone",1
1963.098,"Info","Arena",7,"Enter_Zone",2
1963.200,"Info","Arena",2,"Exit_Zone",3
1963.200,"Info","Arena",2,"Enter_Zone",1
1963.313,"Info","Arena",2,"Exit_Zone",1
1963.313,"Info","Arena",2,"Enter_Zone",3
1963.422,"Info","Arena",4,"Exit_Zone",4
1963.422,"Info","Arena",4,"Enter_Zone",2
1963.457,"Info","Arena",2,"Exit_Zone",3
1963.457,"Info","Arena",2,"Enter_Zone",1
1963.881,"Info","Arena",7,"Exit_Zone",2
1963.881,"Info","Arena",7,"Enter_Zone",4
1964.314,"Info","Arena",7,"Exit_Zone",4
1964.314,"Info","Arena",7,"Enter_Zone",1
1966.174,"Info","Arena",4,"Exit_Zone",2
1966.174,"Info","Arena",4,"Enter_Zone",4
1966.483,"Info","Arena",8,"Exit_Zone",4
1966.483,"Info","Arena",8,"Enter_Zone",2
1966.614,"Info","Arena",4,"Exit_Zone",4
1966.614,"Info","Arena",4,"Enter_Zone",3
1967.881,"Info","Arena",2,"Exit_Zone",1
1967.881,"Info","Arena",2,"Enter_Zone",3
1968.045,"Info","Arena",2,"Exit_Zone",3
1968.045,"Info","Arena",2,"Enter_Zone",1
1968.481,"Info","Arena",1,"Exit_Zone",2
1968.481,"Info","Arena",1,"Enter_Zone",4
1968.481,"Info","Arena",4,"Exit_Zone",3
1968.481,"Info","Arena",4,"Enter_Zone",4
1968.700,"Info","Arena",1,"Exit_Zone",4
1968.700,"Info","Arena",1,"Enter_Zone",1
1968.845,"Info","Arena",2,"Exit_Zone",1
1968.845,"Info","Arena",2,"Enter_Zone",4
1969.292,"Info","Arena",2,"Exit_Zone",4
1969.292,"Info","Arena",2,"Enter_Zone",3
1969.400,"Info","Arena",7,"Exit_Zone",1
1969.400,"Info","Arena",7,"Enter_Zone",4
1969.472,"Info","Arena",5,"Exit_Zone",1
1969.472,"Info","Arena",5,"Enter_Zone",4
1969.614,"Info","Arena",4,"Exit_Zone",4
1969.614,"Info","Arena",4,"Enter_Zone",2
1969.685,"Info","Arena",5,"Exit_Zone",4
1969.685,"Info","Arena",5,"Enter_Zone",2
1969.932,"Info","Arena",7,"Exit_Zone",4
1969.932,"Info","Arena",7,"Enter_Zone",2
1969.969,"Info","Arena",7,"Exit_Zone",2
1969.969,"Info","Arena",7,"Enter_Zone",4
1970.180,"Info","Arena",7,"Exit_Zone",4
1970.180,"Info","Arena",7,"Enter_Zone",3
1970.299,"Info","Arena",6,"Exit_Zone",3
1970.299,"Info","Arena",6,"Enter_Zone",4
1970.664,"Info","Arena",4,"Exit_Zone",2
1970.664,"Info","Arena",4,"Enter_Zone",4
1970.775,"Info","Arena",7,"Exit_Zone",3
1970.775,"Info","Arena",7,"Enter_Zone",1
1970.845,"Info","Arena",4,"Exit_Zone",4
1970.845,"Info","Arena",4,"Enter_Zone",1
1971.101,"Info","Arena",7,"Exit_Zone",1
1971.101,"Info","Arena",7,"Enter_Zone",3
1971.170,"Info","Arena",7,"Exit_Zone",3
1971.170,"Info","Arena",7,"Enter_Zone",1
1971.286,"Info","Arena",7,"Exit_Zone",1
1971.286,"Info","Arena",7,"Enter_Zone",3
1971.356,"Info","Arena",7,"Exit_Zone",3
1971.356,"Info","Arena",7,"Enter_Zone",1
1971.459,"Info","Arena",7,"Exit_Zone",1
1971.459,"Info","Arena",7,"Enter_Zone",3
1971.606,"Info","Arena",1,"Exit_Zone",1
1971.606,"Info","Arena",1,"Enter_Zone",4
1971.719,"Info","Arena",1,"Exit_Zone",4
1971.719,"Info","Arena",1,"Enter_Zone",2
1971.797,"Info","Arena",8,"Exit_Zone",2
1971.797,"Info","Arena",8,"Enter_Zone",4
1971.904,"Info","Arena",7,"Exit_Zone",3
1971.904,"Info","Arena",7,"Enter_Zone",4
1972.120,"Info","Arena",6,"Exit_Zone",4
1972.120,"Info","Arena",6,"Enter_Zone",3
1972.191,"Info","Arena",6,"Exit_Zone",3
1972.191,"Info","Arena",6,"Enter_Zone",4
1972.237,"Info","Arena",6,"Exit_Zone",4
1972.237,"Info","Arena",6,"Enter_Zone",3
1972.447,"Info","Arena",7,"Exit_Zone",4
1972.447,"Info","Arena",7,"Enter_Zone",2
1972.647,"Info","Arena",6,"Exit_Zone",3
1972.647,"Info","Arena",6,"Enter_Zone",4
1972.876,"Info","Arena",7,"Exit_Zone",2
1972.876,"Info","Arena",7,"Enter_Zone",1
1972.939,"Info","Arena",8,"Exit_Zone",4
1972.939,"Info","Arena",8,"Enter_Zone",1
1972.970,"Info","Arena",8,"Exit_Zone",1
1972.970,"Info","Arena",8,"Enter_Zone",4
1973.000,"Info","Arena",7,"Exit_Zone",1
1973.000,"Info","Arena",7,"Enter_Zone",2
1973.000,"Info","Arena",8,"Exit_Zone",4
1973.000,"Info","Arena",8,"Enter_Zone",1
1973.224,"Info","Arena",7,"Exit_Zone",2
1973.224,"Info","Arena",7,"Enter_Zone",1
1973.499,"Info","Arena",6,"Exit_Zone",4
1973.499,"Info","Arena",6,"Enter_Zone",1
1973.738,"Info","Arena",6,"Exit_Zone",1
1973.738,"Info","Arena",6,"Enter_Zone",4
1973.770,"Info","Arena",6,"Exit_Zone",4
1973.770,"Info","Arena",6,"Enter_Zone",1
1973.920,"Info","Arena",7,"Exit_Zone",1
1973.920,"Info","Arena",7,"Enter_Zone",2
1973.959,"Info","Arena",2,"Exit_Zone",3
1973.959,"Info","Arena",2,"Enter_Zone",4
1973.959,"Info","Arena",7,"Exit_Zone",2
1973.959,"Info","Arena",7,"Enter_Zone",1
1973.994,"Info","Arena",7,"Exit_Zone",1
1973.994,"Info","Arena",7,"Enter_Zone",2
1974.146,"Info","Arena",7,"Exit_Zone",2
1974.146,"Info","Arena",7,"Enter_Zone",1
1974.185,"Info","Arena",7,"Exit_Zone",1
1974.185,"Info","Arena",7,"Enter_Zone",2
1974.597,"Info","Arena",2,"Exit_Zone",4
1974.597,"Info","Arena",2,"Enter_Zone",2
1974.636,"Info","Arena",2,"Exit_Zone",2
1974.636,"Info","Arena",2,"Enter_Zone",4
1974.636,"Info","Arena",7,"Exit_Zone",2
1974.636,"Info","Arena",7,"Enter_Zone",1
1974.668,"Info","Arena",2,"Exit_Zone",4
1974.668,"Info","Arena",2,"Enter_Zone",2
1974.668,"Info","Arena",7,"Exit_Zone",1
1974.668,"Info","Arena",7,"Enter_Zone",2
1974.951,"Info","Arena",4,"Exit_Zone",1
1974.951,"Info","Arena",4,"Enter_Zone",4
1975.348,"Info","Arena",7,"Exit_Zone",2
1975.348,"Info","Arena",7,"Enter_Zone",4
1975.453,"Info","Arena",4,"Exit_Zone",4
1975.453,"Info","Arena",4,"Enter_Zone",2
1975.491,"Info","Arena",5,"Exit_Zone",2
1975.491,"Info","Arena",5,"Enter_Zone",4
1975.566,"Info","Arena",5,"Exit_Zone",4
1975.566,"Info","Arena",5,"Enter_Zone",1
1975.866,"Info","Arena",8,"Exit_Zone",1
1975.866,"Info","Arena",8,"Enter_Zone",4
1975.971,"Info","Arena",7,"Exit_Zone",4
1975.971,"Info","Arena",7,"Enter_Zone",1
1976.076,"Info","Arena",2,"Exit_Zone",2
1976.076,"Info","Arena",2,"Enter_Zone",3
1976.110,"Info","Arena",2,"Exit_Zone",3
1976.110,"Info","Arena",2,"Enter_Zone",2
1977.313,"Info","Arena",6,"Exit_Zone",1
1977.313,"Info","Arena",6,"Enter_Zone",4
1977.665,"Info","Arena",3,"Exit_Zone",3
1977.665,"Info","Arena",3,"Enter_Zone",4
1978.073,"Info","Arena",5,"Exit_Zone",1
1978.073,"Info","Arena",5,"Enter_Zone",4
1978.227,"Info","Arena",8,"Exit_Zone",4
1978.227,"Info","Arena",8,"Enter_Zone",3
1978.520,"Info","Arena",3,"Exit_Zone",4
1978.520,"Info","Arena",3,"Enter_Zone",1
1978.520,"Info","Arena",4,"Exit_Zone",2
1978.520,"Info","Arena",4,"Enter_Zone",4
1978.559,"Info","Arena",2,"Exit_Zone",2
1978.559,"Info","Arena",2,"Enter_Zone",3
1978.633,"Info","Arena",2,"Exit_Zone",3
1978.633,"Info","Arena",2,"Enter_Zone",2
1978.669,"Info","Arena",2,"Exit_Zone",2
1978.669,"Info","Arena",2,"Enter_Zone",3
1978.853,"Info","Arena",2,"Exit_Zone",3
1978.853,"Info","Arena",2,"Enter_Zone",2
1978.853,"Info","Arena",8,"Exit_Zone",3
1978.853,"Info","Arena",8,"Enter_Zone",4
1978.966,"Info","Arena",4,"Exit_Zone",4
1978.966,"Info","Arena",4,"Enter_Zone",3
1979.082,"Info","Arena",5,"Exit_Zone",4
1979.082,"Info","Arena",5,"Enter_Zone",3
1979.082,"Info","Arena",8,"Exit_Zone",4
1979.082,"Info","Arena",8,"Enter_Zone",3
1979.119,"Info","Arena",8,"Exit_Zone",3
1979.119,"Info","Arena",8,"Enter_Zone",4
1979.157,"Info","Arena",8,"Exit_Zone",4
1979.157,"Info","Arena",8,"Enter_Zone",3
1979.279,"Info","Arena",6,"Exit_Zone",4
1979.279,"Info","Arena",6,"Enter_Zone",3
1979.279,"Info","Arena",8,"Exit_Zone",3
1979.279,"Info","Arena",8,"Enter_Zone",4
1979.318,"Info","Arena",8,"Exit_Zone",4
1979.318,"Info","Arena",8,"Enter_Zone",3
1979.585,"Info","Arena",7,"Exit_Zone",1
1979.585,"Info","Arena",7,"Enter_Zone",4
1979.920,"Info","Arena",2,"Exit_Zone",2
1979.920,"Info","Arena",2,"Enter_Zone",4
1980.197,"Info","Arena",7,"Exit_Zone",4
1980.197,"Info","Arena",7,"Enter_Zone",2
1980.240,"Info","Arena",7,"Exit_Zone",2
1980.240,"Info","Arena",7,"Enter_Zone",4
1980.307,"Info","Arena",7,"Exit_Zone",4
1980.307,"Info","Arena",7,"Enter_Zone",2
1980.378,"Info","Arena",7,"Exit_Zone",2
1980.378,"Info","Arena",7,"Enter_Zone",4
1980.445,"Info","Arena",7,"Exit_Zone",4
1980.445,"Info","Arena",7,"Enter_Zone",1
1980.548,"Info","Arena",7,"Exit_Zone",1
1980.548,"Info","Arena",7,"Enter_Zone",4
1980.688,"Info","Arena",2,"Exit_Zone",4
1980.688,"Info","Arena",2,"Enter_Zone",1
1980.688,"Info","Arena",7,"Exit_Zone",4
1980.688,"Info","Arena",7,"Enter_Zone",3
1980.830,"Info","Arena",4,"Exit_Zone",3
1980.830,"Info","Arena",4,"Enter_Zone",4
1980.969,"Info","Arena",7,"Exit_Zone",3
1980.969,"Info","Arena",7,"Enter_Zone",1
1981.445,"Info","Arena",7,"Exit_Zone",1
1981.445,"Info","Arena",7,"Enter_Zone",3
1982.012,"Info","Arena",2,"Exit_Zone",1
1982.012,"Info","Arena",2,"Enter_Zone",3
1982.141,"Info","Arena",4,"Exit_Zone",4
1982.141,"Info","Arena",4,"Enter_Zone",2
1982.173,"Info","Arena",2,"Exit_Zone",3
1982.173,"Info","Arena",2,"Enter_Zone",1
1982.382,"Info","Arena",7,"Exit_Zone",3
1982.382,"Info","Arena",7,"Enter_Zone",1
1982.542,"Info","Arena",7,"Exit_Zone",1
1982.542,"Info","Arena",7,"Enter_Zone",3
1982.978,"Info","Arena",7,"Exit_Zone",3
1982.978,"Info","Arena",7,"Enter_Zone",1
1983.042,"Info","Arena",7,"Exit_Zone",1
1983.042,"Info","Arena",7,"Enter_Zone",3
1983.393,"Info","Arena",2,"Exit_Zone",1
1983.393,"Info","Arena",2,"Enter_Zone",4
1983.393,"Info","Arena",7,"Exit_Zone",3
1983.393,"Info","Arena",7,"Enter_Zone",4
1983.561,"Info","Arena",2,"Exit_Zone",4
1983.561,"Info","Arena",2,"Enter_Zone",2
1983.735,"Info","Arena",7,"Exit_Zone",4
1983.735,"Info","Arena",7,"Enter_Zone",2
1984.087,"Info","Arena",2,"Exit_Zone",2
1984.087,"Info","Arena",2,"Enter_Zone",3
1984.123,"Info","Arena",2,"Exit_Zone",3
1984.123,"Info","Arena",2,"Enter_Zone",2
1984.193,"Info","Arena",1,"Exit_Zone",2
1984.193,"Info","Arena",1,"Enter_Zone",4
1984.345,"Info","Arena",8,"Exit_Zone",3
1984.345,"Info","Arena",8,"Enter_Zone",4
1984.452,"Info","Arena",7,"Exit_Zone",2
1984.452,"Info","Arena",7,"Enter_Zone",1
1984.656,"Info","Arena",1,"Exit_Zone",4
1984.656,"Info","Arena",1,"Enter_Zone",1
1984.656,"Info","Arena",7,"Exit_Zone",1
1984.656,"Info","Arena",7,"Enter_Zone",2
1984.867,"Info","Arena",1,"Exit_Zone",1
1984.867,"Info","Arena",1,"Enter_Zone",4
1984.936,"Info","Arena",1,"Exit_Zone",4
1984.936,"Info","Arena",1,"Enter_Zone",2
1985.039,"Info","Arena",7,"Exit_Zone",2
1985.039,"Info","Arena",7,"Enter_Zone",1
1985.073,"Info","Arena",8,"Exit_Zone",4
1985.073,"Info","Arena",8,"Enter_Zone",1
1985.458,"Info","Arena",6,"Exit_Zone",3
1985.458,"Info","Arena",6,"Enter_Zone",4
1985.493,"Info","Arena",7,"Exit_Zone",1
1985.493,"Info","Arena",7,"Enter_Zone",2
1986.068,"Info","Arena",2,"Exit_Zone",2
1986.068,"Info","Arena",2,"Enter_Zone",3
1986.321,"Info","Arena",7,"Exit_Zone",2
1986.321,"Info","Arena",7,"Enter_Zone",1
1986.461,"Info","Arena",7,"Exit_Zone",1
1986.461,"Info","Arena",7,"Enter_Zone",2
1986.812,"Info","Arena",1,"Exit_Zone",2
1986.812,"Info","Arena",1,"Enter_Zone",4
1986.812,"Info","Arena",2,"Exit_Zone",3
1986.812,"Info","Arena",2,"Enter_Zone",2
1986.812,"Info","Arena",4,"Exit_Zone",2
1986.812,"Info","Arena",4,"Enter_Zone",4
1987.181,"Info","Arena",1,"Exit_Zone",4
1987.181,"Info","Arena",1,"Enter_Zone",3
1987.531,"Info","Arena",7,"Exit_Zone",2
1987.531,"Info","Arena",7,"Enter_Zone",4
1987.638,"Info","Arena",1,"Exit_Zone",3
1987.638,"Info","Arena",1,"Enter_Zone",4
1987.748,"Info","Arena",2,"Exit_Zone",2
1987.748,"Info","Arena",2,"Enter_Zone",4
1987.933,"Info","Arena",4,"Exit_Zone",4
1987.933,"Info","Arena",4,"Enter_Zone",3
1987.973,"Info","Arena",6,"Exit_Zone",4
1987.973,"Info","Arena",6,"Enter_Zone",1
1988.046,"Info","Arena",1,"Exit_Zone",4
1988.046,"Info","Arena",1,"Enter_Zone",2
1988.245,"Info","Arena",7,"Exit_Zone",4
1988.245,"Info","Arena",7,"Enter_Zone",1
1988.423,"Info","Arena",2,"Exit_Zone",4
1988.423,"Info","Arena",2,"Enter_Zone",1
1988.936,"Info","Arena",5,"Exit_Zone",3
1988.936,"Info","Arena",5,"Enter_Zone",4
1989.001,"Info","Arena",4,"Exit_Zone",3
1989.001,"Info","Arena",4,"Enter_Zone",1
1989.035,"Info","Arena",4,"Exit_Zone",1
1989.035,"Info","Arena",4,"Enter_Zone",3
1989.242,"Info","Arena",5,"Exit_Zone",4
1989.242,"Info","Arena",5,"Enter_Zone",2
1990.540,"Info","Arena",4,"Exit_Zone",3
1990.540,"Info","Arena",4,"Enter_Zone",4
1992.186,"Info","Arena",7,"Exit_Zone",1
1992.186,"Info","Arena",7,"Enter_Zone",4
1992.376,"Info","Arena",4,"Exit_Zone",4
1992.376,"Info","Arena",4,"Enter_Zone",2
1992.626,"Info","Arena",8,"Exit_Zone",1
1992.626,"Info","Arena",8,"Enter_Zone",4
1992.997,"Info","Arena",2,"Exit_Zone",1
1992.997,"Info","Arena",2,"Enter_Zone",4
1993.184,"Info","Arena",7,"Exit_Zone",4
1993.184,"Info","Arena",7,"Enter_Zone",3
1993.231,"Info","Arena",3,"Exit_Zone",1
1993.231,"Info","Arena",3,"Enter_Zone",4
1993.306,"Info","Arena",6,"Exit_Zone",1
1993.306,"Info","Arena",6,"Enter_Zone",4
1993.419,"Info","Arena",3,"Exit_Zone",4
1993.419,"Info","Arena",3,"Enter_Zone",2
1993.526,"Info","Arena",2,"Exit_Zone",4
1993.526,"Info","Arena",2,"Enter_Zone",2
1993.785,"Info","Arena",8,"Exit_Zone",4
1993.785,"Info","Arena",8,"Enter_Zone",3
1994.248,"Info","Arena",6,"Exit_Zone",4
1994.248,"Info","Arena",6,"Enter_Zone",2
1994.282,"Info","Arena",7,"Exit_Zone",3
1994.282,"Info","Arena",7,"Enter_Zone",1
1994.450,"Info","Arena",7,"Exit_Zone",1
1994.450,"Info","Arena",7,"Enter_Zone",3
1994.927,"Info","Arena",5,"Exit_Zone",2
1994.927,"Info","Arena",5,"Enter_Zone",4
1995.483,"Info","Arena",5,"Exit_Zone",4
1995.483,"Info","Arena",5,"Enter_Zone",3
1995.552,"Info","Arena",7,"Exit_Zone",3
1995.552,"Info","Arena",7,"Enter_Zone",1
1995.844,"Info","Arena",7,"Exit_Zone",1
1995.844,"Info","Arena",7,"Enter_Zone",3
1996.009,"Info","Arena",2,"Exit_Zone",2
1996.009,"Info","Arena",2,"Enter_Zone",3
1996.077,"Info","Arena",2,"Exit_Zone",3
1996.077,"Info","Arena",2,"Enter_Zone",2
1996.714,"Info","Arena",1,"Exit_Zone",2
1996.714,"Info","Arena",1,"Enter_Zone",4
1996.898,"Info","Arena",1,"Exit_Zone",4
1996.898,"Info","Arena",1,"Enter_Zone",3
1996.934,"Info","Arena",7,"Exit_Zone",3
1996.934,"Info","Arena",7,"Enter_Zone",4
1997.077,"Info","Arena",2,"Exit_Zone",2
1997.077,"Info","Arena",2,"Enter_Zone",4
1997.550,"Info","Arena",2,"Exit_Zone",4
1997.550,"Info","Arena",2,"Enter_Zone",1
1997.655,"Info","Arena",7,"Exit_Zone",4
1997.655,"Info","Arena",7,"Enter_Zone",2
1997.761,"Info","Arena",7,"Exit_Zone",2
1997.761,"Info","Arena",7,"Enter_Zone",1
1997.862,"Info","Arena",7,"Exit_Zone",1
1997.862,"Info","Arena",7,"Enter_Zone",2
1997.897,"Info","Arena",4,"Exit_Zone",2
1997.897,"Info","Arena",4,"Enter_Zone",4
1997.931,"Info","Arena",8,"Exit_Zone",3
1997.931,"Info","Arena",8,"Enter_Zone",4
1998.069,"Info","Arena",4,"Exit_Zone",4
1998.069,"Info","Arena",4,"Enter_Zone",1
1998.138,"Info","Arena",4,"Exit_Zone",1
1998.138,"Info","Arena",4,"Enter_Zone",4
1998.700,"Info","Arena",8,"Exit_Zone",4
1998.700,"Info","Arena",8,"Enter_Zone",2
1998.967,"Info","Arena",4,"Exit_Zone",4
1998.967,"Info","Arena",4,"Enter_Zone",2
1999.034,"Info","Arena",7,"Exit_Zone",2
1999.034,"Info","Arena",7,"Enter_Zone",1
1999.101,"Info","Arena",7,"Exit_Zone",1
1999.101,"Info","Arena",7,"Enter_Zone",2
2000.149,"Info","Arena",7,"Exit_Zone",2
2000.149,"Info","Arena",7,"Enter_Zone",1
2000.231,"Info","Arena",7,"Exit_Zone",1
2000.231,"Info","Arena",7,"Enter_Zone",2
2000.441,"Info","Arena",1,"Exit_Zone",3
2000.441,"Info","Arena",1,"Enter_Zone",4
2000.512,"Info","Arena",1,"Exit_Zone",4
2000.512,"Info","Arena",1,"Enter_Zone",3
2000.582,"Info","Arena",7,"Exit_Zone",2
2000.582,"Info","Arena",7,"Enter_Zone",1
2000.618,"Info","Arena",7,"Exit_Zone",1
2000.618,"Info","Arena",7,"Enter_Zone",2
2000.864,"Info","Arena",7,"Exit_Zone",2
2000.864,"Info","Arena",7,"Enter_Zone",1
2000.901,"Info","Arena",5,"Exit_Zone",3
2000.901,"Info","Arena",5,"Enter_Zone",4
2000.969,"Info","Arena",6,"Exit_Zone",2
2000.969,"Info","Arena",6,"Enter_Zone",4
2001.005,"Info","Arena",7,"Exit_Zone",1
2001.005,"Info","Arena",7,"Enter_Zone",2
2001.491,"Info","Arena",6,"Exit_Zone",4
2001.491,"Info","Arena",6,"Enter_Zone",3
2001.669,"Info","Arena",5,"Exit_Zone",4
2001.669,"Info","Arena",5,"Enter_Zone",2
2001.812,"Info","Arena",7,"Exit_Zone",2
2001.812,"Info","Arena",7,"Enter_Zone",4
2002.462,"Info","Arena",7,"Exit_Zone",4
2002.462,"Info","Arena",7,"Enter_Zone",1
2002.880,"Info","Arena",4,"Exit_Zone",2
2002.880,"Info","Arena",4,"Enter_Zone",4
2003.299,"Info","Arena",1,"Exit_Zone",3
2003.299,"Info","Arena",1,"Enter_Zone",4
2003.369,"Info","Arena",1,"Exit_Zone",4
2003.369,"Info","Arena",1,"Enter_Zone",2
2003.470,"Info","Arena",4,"Exit_Zone",4
2003.470,"Info","Arena",4,"Enter_Zone",3
2004.078,"Info","Arena",2,"Exit_Zone",1
2004.078,"Info","Arena",2,"Enter_Zone",3
2004.178,"Info","Arena",8,"Exit_Zone",2
2004.178,"Info","Arena",8,"Enter_Zone",4
2004.418,"Info","Arena",2,"Exit_Zone",3
2004.418,"Info","Arena",2,"Enter_Zone",1
2004.650,"Info","Arena",8,"Exit_Zone",4
2004.650,"Info","Arena",8,"Enter_Zone",1
2005.305,"Info","Arena",2,"Exit_Zone",1
2005.305,"Info","Arena",2,"Enter_Zone",4
2005.590,"Info","Arena",7,"Exit_Zone",1
2005.590,"Info","Arena",7,"Enter_Zone",4
2005.730,"Info","Arena",2,"Exit_Zone",4
2005.730,"Info","Arena",2,"Enter_Zone",3
2006.079,"Info","Arena",5,"Exit_Zone",2
2006.079,"Info","Arena",5,"Enter_Zone",4
2006.479,"Info","Arena",4,"Exit_Zone",3
2006.479,"Info","Arena",4,"Enter_Zone",4
2006.479,"Info","Arena",7,"Exit_Zone",4
2006.479,"Info","Arena",7,"Enter_Zone",3
2007.171,"Info","Arena",5,"Exit_Zone",4
2007.171,"Info","Arena",5,"Enter_Zone",3
2007.562,"Info","Arena",7,"Exit_Zone",3
2007.562,"Info","Arena",7,"Enter_Zone",1
2007.596,"Info","Arena",7,"Exit_Zone",1
2007.596,"Info","Arena",7,"Enter_Zone",3
2007.838,"Info","Arena",4,"Exit_Zone",4
2007.838,"Info","Arena",4,"Enter_Zone",2
2007.909,"Info","Arena",6,"Exit_Zone",3
2007.909,"Info","Arena",6,"Enter_Zone",4
2008.123,"Info","Arena",2,"Exit_Zone",3
2008.123,"Info","Arena",2,"Enter_Zone",4
2008.717,"Info","Arena",2,"Exit_Zone",4
2008.717,"Info","Arena",2,"Enter_Zone",2
2008.717,"Info","Arena",6,"Exit_Zone",4
2008.717,"Info","Arena",6,"Enter_Zone",2
2009.638,"Info","Arena",7,"Exit_Zone",3
2009.638,"Info","Arena",7,"Enter_Zone",4
2009.679,"Info","Arena",8,"Exit_Zone",1
2009.679,"Info","Arena",8,"Enter_Zone",4
2010.255,"Info","Arena",7,"Exit_Zone",4
2010.255,"Info","Arena",7,"Enter_Zone",2
2010.498,"Info","Arena",2,"Exit_Zone",2
2010.498,"Info","Arena",2,"Enter_Zone",3
2010.600,"Info","Arena",2,"Exit_Zone",3
2010.600,"Info","Arena",2,"Enter_Zone",2
2010.699,"Info","Arena",8,"Exit_Zone",4
2010.699,"Info","Arena",8,"Enter_Zone",3
2012.102,"Info","Arena",4,"Exit_Zone",2
2012.102,"Info","Arena",4,"Enter_Zone",4
2012.612,"Info","Arena",5,"Exit_Zone",3
2012.612,"Info","Arena",5,"Enter_Zone",4
2012.684,"Info","Arena",2,"Exit_Zone",2
2012.684,"Info","Arena",2,"Enter_Zone",3
2012.684,"Info","Arena",4,"Exit_Zone",4
2012.684,"Info","Arena",4,"Enter_Zone",1
2012.825,"Info","Arena",8,"Exit_Zone",3
2012.825,"Info","Arena",8,"Enter_Zone",4
2013.112,"Info","Arena",2,"Exit_Zone",3
2013.112,"Info","Arena",2,"Enter_Zone",2
2013.382,"Info","Arena",5,"Exit_Zone",4
2013.382,"Info","Arena",5,"Enter_Zone",2
2013.844,"Info","Arena",7,"Exit_Zone",2
2013.844,"Info","Arena",7,"Enter_Zone",4
2014.160,"Info","Arena",6,"Exit_Zone",2
2014.160,"Info","Arena",6,"Enter_Zone",4
2014.160,"Info","Arena",8,"Exit_Zone",4
2014.160,"Info","Arena",8,"Enter_Zone",1
2014.323,"Info","Arena",2,"Exit_Zone",2
2014.323,"Info","Arena",2,"Enter_Zone",4
2014.323,"Info","Arena",7,"Exit_Zone",4
2014.323,"Info","Arena",7,"Enter_Zone",1
2014.438,"Info","Arena",1,"Exit_Zone",2
2014.438,"Info","Arena",1,"Enter_Zone",4
2014.665,"Info","Arena",1,"Exit_Zone",4
2014.665,"Info","Arena",1,"Enter_Zone",1
2014.776,"Info","Arena",2,"Exit_Zone",4
2014.776,"Info","Arena",2,"Enter_Zone",1
2015.230,"Info","Arena",6,"Exit_Zone",4
2015.230,"Info","Arena",6,"Enter_Zone",3
2017.817,"Info","Arena",7,"Exit_Zone",1
2017.817,"Info","Arena",7,"Enter_Zone",4
2017.999,"Info","Arena",1,"Exit_Zone",1
2017.999,"Info","Arena",1,"Enter_Zone",4
2018.071,"Info","Arena",8,"Exit_Zone",1
2018.071,"Info","Arena",8,"Enter_Zone",4
2018.228,"Info","Arena",7,"Exit_Zone",4
2018.228,"Info","Arena",7,"Enter_Zone",3
2018.484,"Info","Arena",4,"Exit_Zone",1
2018.484,"Info","Arena",4,"Enter_Zone",4
2018.556,"Info","Arena",4,"Exit_Zone",4
2018.556,"Info","Arena",4,"Enter_Zone",2
2018.631,"Info","Arena",1,"Exit_Zone",4
2018.631,"Info","Arena",1,"Enter_Zone",3
2018.924,"Info","Arena",7,"Exit_Zone",3
2018.924,"Info","Arena",7,"Enter_Zone",1
2019.220,"Info","Arena",7,"Exit_Zone",1
2019.220,"Info","Arena",7,"Enter_Zone",3
2019.517,"Info","Arena",2,"Exit_Zone",1
2019.517,"Info","Arena",2,"Enter_Zone",4
2019.553,"Info","Arena",6,"Exit_Zone",3
2019.553,"Info","Arena",6,"Enter_Zone",4
2019.855,"Info","Arena",8,"Exit_Zone",4
2019.855,"Info","Arena",8,"Enter_Zone",2
2020.005,"Info","Arena",6,"Exit_Zone",4
2020.005,"Info","Arena",6,"Enter_Zone",2
2020.117,"Info","Arena",1,"Exit_Zone",3
2020.117,"Info","Arena",1,"Enter_Zone",4
2020.153,"Info","Arena",2,"Exit_Zone",4
2020.153,"Info","Arena",2,"Enter_Zone",3
2020.280,"Info","Arena",3,"Exit_Zone",2
2020.280,"Info","Arena",3,"Enter_Zone",4
2020.318,"Info","Arena",3,"Exit_Zone",4
2020.318,"Info","Arena",3,"Enter_Zone",2
2020.356,"Info","Arena",3,"Exit_Zone",2
2020.356,"Info","Arena",3,"Enter_Zone",4
2020.622,"Info","Arena",1,"Exit_Zone",4
2020.622,"Info","Arena",1,"Enter_Zone",2
2020.661,"Info","Arena",7,"Exit_Zone",3
2020.661,"Info","Arena",7,"Enter_Zone",1
2020.735,"Info","Arena",7,"Exit_Zone",1
2020.735,"Info","Arena",7,"Enter_Zone",3
2021.003,"Info","Arena",3,"Exit_Zone",4
2021.003,"Info","Arena",3,"Enter_Zone",3
2021.272,"Info","Arena",7,"Exit_Zone",3
2021.272,"Info","Arena",7,"Enter_Zone",4
2021.770,"Info","Arena",7,"Exit_Zone",4
2021.770,"Info","Arena",7,"Enter_Zone",1
2021.801,"Info","Arena",7,"Exit_Zone",1
2021.801,"Info","Arena",7,"Enter_Zone",4
2021.837,"Info","Arena",4,"Exit_Zone",2
2021.837,"Info","Arena",4,"Enter_Zone",4
2021.872,"Info","Arena",7,"Exit_Zone",4
2021.872,"Info","Arena",7,"Enter_Zone",2
2022.587,"Info","Arena",5,"Exit_Zone",2
2022.587,"Info","Arena",5,"Enter_Zone",4
2022.618,"Info","Arena",5,"Exit_Zone",4
2022.618,"Info","Arena",5,"Enter_Zone",2
2022.618,"Info","Arena",7,"Exit_Zone",2
2022.618,"Info","Arena",7,"Enter_Zone",1
2022.653,"Info","Arena",5,"Exit_Zone",2
2022.653,"Info","Arena",5,"Enter_Zone",4
2022.653,"Info","Arena",7,"Exit_Zone",1
2022.653,"Info","Arena",7,"Enter_Zone",2
2022.878,"Info","Arena",4,"Exit_Zone",4
2022.878,"Info","Arena",4,"Enter_Zone",3
2023.204,"Info","Arena",5,"Exit_Zone",4
2023.204,"Info","Arena",5,"Enter_Zone",3
2023.855,"Info","Arena",2,"Exit_Zone",3
2023.855,"Info","Arena",2,"Enter_Zone",4
2024.063,"Info","Arena",1,"Exit_Zone",2
2024.063,"Info","Arena",1,"Enter_Zone",4
2024.240,"Info","Arena",2,"Exit_Zone",4
2024.240,"Info","Arena",2,"Enter_Zone",2
2024.342,"Info","Arena",1,"Exit_Zone",4
2024.342,"Info","Arena",1,"Enter_Zone",1
2024.690,"Info","Arena",3,"Exit_Zone",3
2024.690,"Info","Arena",3,"Enter_Zone",4
2025.081,"Info","Arena",3,"Exit_Zone",4
2025.081,"Info","Arena",3,"Enter_Zone",1
2025.600,"Info","Arena",8,"Exit_Zone",2
2025.600,"Info","Arena",8,"Enter_Zone",4
2025.932,"Info","Arena",7,"Exit_Zone",2
2025.932,"Info","Arena",7,"Enter_Zone",4
2026.333,"Info","Arena",8,"Exit_Zone",4
2026.333,"Info","Arena",8,"Enter_Zone",1
2026.440,"Info","Arena",7,"Exit_Zone",4
2026.440,"Info","Arena",7,"Enter_Zone",2
2026.474,"Info","Arena",4,"Exit_Zone",3
2026.474,"Info","Arena",4,"Enter_Zone",4
2026.891,"Info","Arena",4,"Exit_Zone",4
2026.891,"Info","Arena",4,"Enter_Zone",1
2027.203,"Info","Arena",6,"Exit_Zone",2
2027.203,"Info","Arena",6,"Enter_Zone",4
2027.280,"Info","Arena",4,"Exit_Zone",1
2027.280,"Info","Arena",4,"Enter_Zone",4
2027.280,"Info","Arena",7,"Exit_Zone",2
2027.280,"Info","Arena",7,"Enter_Zone",1
2027.346,"Info","Arena",7,"Exit_Zone",1
2027.346,"Info","Arena",7,"Enter_Zone",2
2027.512,"Info","Arena",6,"Exit_Zone",4
2027.512,"Info","Arena",6,"Enter_Zone",3
2027.616,"Info","Arena",4,"Exit_Zone",4
2027.616,"Info","Arena",4,"Enter_Zone",2
2028.267,"Info","Arena",1,"Exit_Zone",1
2028.267,"Info","Arena",1,"Enter_Zone",4
2028.409,"Info","Arena",2,"Exit_Zone",2
2028.409,"Info","Arena",2,"Enter_Zone",4
2028.701,"Info","Arena",1,"Exit_Zone",4
2028.701,"Info","Arena",1,"Enter_Zone",3
2028.779,"Info","Arena",7,"Exit_Zone",2
2028.779,"Info","Arena",7,"Enter_Zone",1
2029.133,"Info","Arena",2,"Exit_Zone",4
2029.133,"Info","Arena",2,"Enter_Zone",1
2029.133,"Info","Arena",7,"Exit_Zone",1
2029.133,"Info","Arena",7,"Enter_Zone",2
2029.539,"Info","Arena",8,"Exit_Zone",1
2029.539,"Info","Arena",8,"Enter_Zone",4
2029.973,"Info","Arena",1,"Exit_Zone",3
2029.973,"Info","Arena",1,"Enter_Zone",4
2030.152,"Info","Arena",7,"Exit_Zone",2
2030.152,"Info","Arena",7,"Enter_Zone",4
2030.591,"Info","Arena",5,"Exit_Zone",3
2030.591,"Info","Arena",5,"Enter_Zone",4
2030.628,"Info","Arena",8,"Exit_Zone",4
2030.628,"Info","Arena",8,"Enter_Zone",3
2030.662,"Info","Arena",1,"Exit_Zone",4
2030.662,"Info","Arena",1,"Enter_Zone",1
2030.698,"Info","Arena",7,"Exit_Zone",4
2030.698,"Info","Arena",7,"Enter_Zone",1
2031.157,"Info","Arena",5,"Exit_Zone",4
2031.157,"Info","Arena",5,"Enter_Zone",1
2032.616,"Info","Arena",1,"Exit_Zone",1
2032.616,"Info","Arena",1,"Enter_Zone",4
2033.228,"Info","Arena",1,"Exit_Zone",4
2033.228,"Info","Arena",1,"Enter_Zone",3
2033.509,"Info","Arena",4,"Exit_Zone",2
2033.509,"Info","Arena",4,"Enter_Zone",4
2034.045,"Info","Arena",7,"Exit_Zone",1
2034.045,"Info","Arena",7,"Enter_Zone",4
2034.650,"Info","Arena",2,"Exit_Zone",1
2034.650,"Info","Arena",2,"Enter_Zone",3
2034.650,"Info","Arena",6,"Exit_Zone",3
2034.650,"Info","Arena",6,"Enter_Zone",4
2034.853,"Info","Arena",7,"Exit_Zone",4
2034.853,"Info","Arena",7,"Enter_Zone",3
2034.956,"Info","Arena",2,"Exit_Zone",3
2034.956,"Info","Arena",2,"Enter_Zone",1
2035.240,"Info","Arena",7,"Exit_Zone",3
2035.240,"Info","Arena",7,"Enter_Zone",4
2035.274,"Info","Arena",6,"Exit_Zone",4
2035.274,"Info","Arena",6,"Enter_Zone",1
2035.379,"Info","Arena",7,"Exit_Zone",4
2035.379,"Info","Arena",7,"Enter_Zone",1
2035.414,"Info","Arena",8,"Exit_Zone",3
2035.414,"Info","Arena",8,"Enter_Zone",4
2035.553,"Info","Arena",4,"Exit_Zone",4
2035.553,"Info","Arena",4,"Enter_Zone",3
2036.131,"Info","Arena",8,"Exit_Zone",4
2036.131,"Info","Arena",8,"Enter_Zone",2
2036.612,"Info","Arena",2,"Exit_Zone",1
2036.612,"Info","Arena",2,"Enter_Zone",3
2036.643,"Info","Arena",1,"Exit_Zone",3
2036.643,"Info","Arena",1,"Enter_Zone",4
2036.814,"Info","Arena",2,"Exit_Zone",3
2036.814,"Info","Arena",2,"Enter_Zone",1
2037.379,"Info","Arena",1,"Exit_Zone",4
2037.379,"Info","Arena",1,"Enter_Zone",1
2037.621,"Info","Arena",2,"Exit_Zone",1
2037.621,"Info","Arena",2,"Enter_Zone",4
2037.903,"Info","Arena",7,"Exit_Zone",1
2037.903,"Info","Arena",7,"Enter_Zone",4
2037.940,"Info","Arena",6,"Exit_Zone",1
2037.940,"Info","Arena",6,"Enter_Zone",4
2038.192,"Info","Arena",7,"Exit_Zone",4
2038.192,"Info","Arena",7,"Enter_Zone",2
2038.240,"Info","Arena",5,"Exit_Zone",1
2038.240,"Info","Arena",5,"Enter_Zone",4
2038.312,"Info","Arena",2,"Exit_Zone",4
2038.312,"Info","Arena",2,"Enter_Zone",3
2038.312,"Info","Arena",7,"Exit_Zone",2
2038.312,"Info","Arena",7,"Enter_Zone",4
2038.461,"Info","Arena",7,"Exit_Zone",4
2038.461,"Info","Arena",7,"Enter_Zone",3
2038.533,"Info","Arena",7,"Exit_Zone",3
2038.533,"Info","Arena",7,"Enter_Zone",1
2038.565,"Info","Arena",7,"Exit_Zone",1
2038.565,"Info","Arena",7,"Enter_Zone",3
2038.635,"Info","Arena",5,"Exit_Zone",4
2038.635,"Info","Arena",5,"Enter_Zone",2
2038.884,"Info","Arena",6,"Exit_Zone",4
2038.884,"Info","Arena",6,"Enter_Zone",3
2039.396,"Info","Arena",7,"Exit_Zone",3
2039.396,"Info","Arena",7,"Enter_Zone",1
2039.431,"Info","Arena",4,"Exit_Zone",3
2039.431,"Info","Arena",4,"Enter_Zone",4
2039.536,"Info","Arena",7,"Exit_Zone",1
2039.536,"Info","Arena",7,"Enter_Zone",3
2039.573,"Info","Arena",7,"Exit_Zone",3
2039.573,"Info","Arena",7,"Enter_Zone",1
2039.717,"Info","Arena",7,"Exit_Zone",1
2039.717,"Info","Arena",7,"Enter_Zone",3
2039.754,"Info","Arena",4,"Exit_Zone",4
2039.754,"Info","Arena",4,"Enter_Zone",2
2040.291,"Info","Arena",7,"Exit_Zone",3
2040.291,"Info","Arena",7,"Enter_Zone",1
2040.488,"Info","Arena",7,"Exit_Zone",1
2040.488,"Info","Arena",7,"Enter_Zone",3
2041.037,"Info","Arena",8,"Exit_Zone",2
2041.037,"Info","Arena",8,"Enter_Zone",4
2041.220,"Info","Arena",4,"Exit_Zone",2
2041.220,"Info","Arena",4,"Enter_Zone",4
2041.364,"Info","Arena",1,"Exit_Zone",1
2041.364,"Info","Arena",1,"Enter_Zone",4
2041.399,"Info","Arena",7,"Exit_Zone",3
2041.399,"Info","Arena",7,"Enter_Zone",4
2041.784,"Info","Arena",1,"Exit_Zone",4
2041.784,"Info","Arena",1,"Enter_Zone",3
2041.784,"Info","Arena",7,"Exit_Zone",4
2041.784,"Info","Arena",7,"Enter_Zone",2
2041.819,"Info","Arena",8,"Exit_Zone",4
2041.819,"Info","Arena",8,"Enter_Zone",1
2042.565,"Info","Arena",7,"Exit_Zone",2
2042.565,"Info","Arena",7,"Enter_Zone",1
2042.665,"Info","Arena",7,"Exit_Zone",1
2042.665,"Info","Arena",7,"Enter_Zone",2
2043.147,"Info","Arena",7,"Exit_Zone",2
2043.147,"Info","Arena",7,"Enter_Zone",1
2043.224,"Info","Arena",7,"Exit_Zone",1
2043.224,"Info","Arena",7,"Enter_Zone",2
2043.466,"Info","Arena",7,"Exit_Zone",2
2043.466,"Info","Arena",7,"Enter_Zone",1
2043.499,"Info","Arena",2,"Exit_Zone",3
2043.499,"Info","Arena",2,"Enter_Zone",4
2043.634,"Info","Arena",7,"Exit_Zone",1
2043.634,"Info","Arena",7,"Enter_Zone",2
2043.740,"Info","Arena",4,"Exit_Zone",4
2043.740,"Info","Arena",4,"Enter_Zone",3
2043.772,"Info","Arena",6,"Exit_Zone",3
2043.772,"Info","Arena",6,"Enter_Zone",4
2043.772,"Info","Arena",7,"Exit_Zone",2
2043.772,"Info","Arena",7,"Enter_Zone",1
2043.911,"Info","Arena",2,"Exit_Zone",4
2043.911,"Info","Arena",2,"Enter_Zone",2
2043.979,"Info","Arena",7,"Exit_Zone",1
2043.979,"Info","Arena",7,"Enter_Zone",2
2044.576,"Info","Arena",6,"Exit_Zone",4
2044.576,"Info","Arena",6,"Enter_Zone",1
2044.724,"Info","Arena",5,"Exit_Zone",2
2044.724,"Info","Arena",5,"Enter_Zone",4
2044.767,"Info","Arena",1,"Exit_Zone",3
2044.767,"Info","Arena",1,"Enter_Zone",4
2045.072,"Info","Arena",7,"Exit_Zone",2
2045.072,"Info","Arena",7,"Enter_Zone",4
2045.186,"Info","Arena",8,"Exit_Zone",1
2045.186,"Info","Arena",8,"Enter_Zone",4
2045.417,"Info","Arena",5,"Exit_Zone",4
2045.417,"Info","Arena",5,"Enter_Zone",3
2045.417,"Info","Arena",7,"Exit_Zone",4
2045.417,"Info","Arena",7,"Enter_Zone",1
2045.454,"Info","Arena",1,"Exit_Zone",4
2045.454,"Info","Arena",1,"Enter_Zone",1
2045.708,"Info","Arena",8,"Exit_Zone",4
2045.708,"Info","Arena",8,"Enter_Zone",3
2046.559,"Info","Arena",2,"Exit_Zone",2
2046.559,"Info","Arena",2,"Enter_Zone",4
2047.717,"Info","Arena",2,"Exit_Zone",4
2047.717,"Info","Arena",2,"Enter_Zone",1
2047.751,"Info","Arena",2,"Exit_Zone",1
2047.751,"Info","Arena",2,"Enter_Zone",4
2047.787,"Info","Arena",2,"Exit_Zone",4
2047.787,"Info","Arena",2,"Enter_Zone",1
2047.787,"Info","Arena",4,"Exit_Zone",3
2047.787,"Info","Arena",4,"Enter_Zone",4
2048.144,"Info","Arena",4,"Exit_Zone",4
2048.144,"Info","Arena",4,"Enter_Zone",3
2048.296,"Info","Arena",6,"Exit_Zone",1
2048.296,"Info","Arena",6,"Enter_Zone",4
2048.553,"Info","Arena",1,"Exit_Zone",1
2048.553,"Info","Arena",1,"Enter_Zone",4
2048.553,"Info","Arena",8,"Exit_Zone",3
2048.553,"Info","Arena",8,"Enter_Zone",4
2048.815,"Info","Arena",1,"Exit_Zone",4
2048.815,"Info","Arena",1,"Enter_Zone",2
2048.815,"Info","Arena",8,"Exit_Zone",4
2048.815,"Info","Arena",8,"Enter_Zone",2
2049.113,"Info","Arena",7,"Exit_Zone",1
2049.113,"Info","Arena",7,"Enter_Zone",4
2049.381,"Info","Arena",6,"Exit_Zone",4
2049.381,"Info","Arena",6,"Enter_Zone",2
2049.567,"Info","Arena",4,"Exit_Zone",3
2049.567,"Info","Arena",4,"Enter_Zone",4
2049.817,"Info","Arena",7,"Exit_Zone",4
2049.817,"Info","Arena",7,"Enter_Zone",3
2050.308,"Info","Arena",7,"Exit_Zone",3
2050.308,"Info","Arena",7,"Enter_Zone",1
2050.443,"Info","Arena",7,"Exit_Zone",1
2050.443,"Info","Arena",7,"Enter_Zone",3
2050.717,"Info","Arena",4,"Exit_Zone",4
2050.717,"Info","Arena",4,"Enter_Zone",2
2050.887,"Info","Arena",1,"Exit_Zone",2
2050.887,"Info","Arena",1,"Enter_Zone",4
2051.021,"Info","Arena",5,"Exit_Zone",3
2051.021,"Info","Arena",5,"Enter_Zone",4
2051.156,"Info","Arena",1,"Exit_Zone",4
2051.156,"Info","Arena",1,"Enter_Zone",1
2051.467,"Info","Arena",5,"Exit_Zone",4
2051.467,"Info","Arena",5,"Enter_Zone",1
2051.467,"Info","Arena",7,"Exit_Zone",3
2051.467,"Info","Arena",7,"Enter_Zone",1
2051.634,"Info","Arena",2,"Exit_Zone",1
2051.634,"Info","Arena",2,"Enter_Zone",3
2051.797,"Info","Arena",7,"Exit_Zone",1
2051.797,"Info","Arena",7,"Enter_Zone",3
2051.962,"Info","Arena",2,"Exit_Zone",3
2051.962,"Info","Arena",2,"Enter_Zone",1
2052.463,"Info","Arena",7,"Exit_Zone",3
2052.463,"Info","Arena",7,"Enter_Zone",4
2052.780,"Info","Arena",2,"Exit_Zone",1
2052.780,"Info","Arena",2,"Enter_Zone",4
2053.065,"Info","Arena",7,"Exit_Zone",4
2053.065,"Info","Arena",7,"Enter_Zone",2
2053.174,"Info","Arena",8,"Exit_Zone",2
2053.174,"Info","Arena",8,"Enter_Zone",4
2053.788,"Info","Arena",2,"Exit_Zone",4
2053.788,"Info","Arena",2,"Enter_Zone",3
2053.900,"Info","Arena",4,"Exit_Zone",2
2053.900,"Info","Arena",4,"Enter_Zone",4
2053.940,"Info","Arena",8,"Exit_Zone",4
2053.940,"Info","Arena",8,"Enter_Zone",1
2054.205,"Info","Arena",1,"Exit_Zone",1
2054.205,"Info","Arena",1,"Enter_Zone",4
2054.329,"Info","Arena",1,"Exit_Zone",4
2054.329,"Info","Arena",1,"Enter_Zone",2
2055.146,"Info","Arena",7,"Exit_Zone",2
2055.146,"Info","Arena",7,"Enter_Zone",1
2055.180,"Info","Arena",6,"Exit_Zone",2
2055.180,"Info","Arena",6,"Enter_Zone",4
2055.180,"Info","Arena",7,"Exit_Zone",1
2055.180,"Info","Arena",7,"Enter_Zone",2
2055.816,"Info","Arena",4,"Exit_Zone",4
2055.816,"Info","Arena",4,"Enter_Zone",3
2056.028,"Info","Arena",7,"Exit_Zone",2
2056.028,"Info","Arena",7,"Enter_Zone",1
2056.131,"Info","Arena",7,"Exit_Zone",1
2056.131,"Info","Arena",7,"Enter_Zone",2
2056.161,"Info","Arena",6,"Exit_Zone",4
2056.161,"Info","Arena",6,"Enter_Zone",1
2056.243,"Info","Arena",7,"Exit_Zone",2
2056.243,"Info","Arena",7,"Enter_Zone",1
2056.310,"Info","Arena",7,"Exit_Zone",1
2056.310,"Info","Arena",7,"Enter_Zone",2
2057.196,"Info","Arena",7,"Exit_Zone",2
2057.196,"Info","Arena",7,"Enter_Zone",4
2057.640,"Info","Arena",7,"Exit_Zone",4
2057.640,"Info","Arena",7,"Enter_Zone",1
2058.225,"Info","Arena",4,"Exit_Zone",3
2058.225,"Info","Arena",4,"Enter_Zone",4
2058.615,"Info","Arena",1,"Exit_Zone",2
2058.615,"Info","Arena",1,"Enter_Zone",4
2058.649,"Info","Arena",5,"Exit_Zone",1
2058.649,"Info","Arena",5,"Enter_Zone",4
2058.791,"Info","Arena",1,"Exit_Zone",4
2058.791,"Info","Arena",1,"Enter_Zone",1
2059.223,"Info","Arena",5,"Exit_Zone",4
2059.223,"Info","Arena",5,"Enter_Zone",3
2059.472,"Info","Arena",2,"Exit_Zone",3
2059.472,"Info","Arena",2,"Enter_Zone",4
2060.075,"Info","Arena",6,"Exit_Zone",1
2060.075,"Info","Arena",6,"Enter_Zone",4
2060.273,"Info","Arena",1,"Exit_Zone",1
2060.273,"Info","Arena",1,"Enter_Zone",4
2060.273,"Info","Arena",2,"Exit_Zone",4
2060.273,"Info","Arena",2,"Enter_Zone",3
2060.384,"Info","Arena",1,"Exit_Zone",4
2060.384,"Info","Arena",1,"Enter_Zone",2
2060.615,"Info","Arena",8,"Exit_Zone",1
2060.615,"Info","Arena",8,"Enter_Zone",4
2061.133,"Info","Arena",6,"Exit_Zone",4
2061.133,"Info","Arena",6,"Enter_Zone",2
2061.578,"Info","Arena",7,"Exit_Zone",1
2061.578,"Info","Arena",7,"Enter_Zone",4
2061.687,"Info","Arena",8,"Exit_Zone",4
2061.687,"Info","Arena",8,"Enter_Zone",3
2062.134,"Info","Arena",4,"Exit_Zone",4
2062.134,"Info","Arena",4,"Enter_Zone",1
2062.346,"Info","Arena",7,"Exit_Zone",4
2062.346,"Info","Arena",7,"Enter_Zone",3
2063.169,"Info","Arena",7,"Exit_Zone",3
2063.169,"Info","Arena",7,"Enter_Zone",1
2063.243,"Info","Arena",1,"Exit_Zone",2
2063.243,"Info","Arena",1,"Enter_Zone",4
2063.406,"Info","Arena",1,"Exit_Zone",4
2063.406,"Info","Arena",1,"Enter_Zone",1
2063.406,"Info","Arena",7,"Exit_Zone",1
2063.406,"Info","Arena",7,"Enter_Zone",3
2063.438,"Info","Arena",7,"Exit_Zone",3
2063.438,"Info","Arena",7,"Enter_Zone",1
2063.471,"Info","Arena",7,"Exit_Zone",1
2063.471,"Info","Arena",7,"Enter_Zone",3
2063.570,"Info","Arena",7,"Exit_Zone",3
2063.570,"Info","Arena",7,"Enter_Zone",1
2063.704,"Info","Arena",7,"Exit_Zone",1
2063.704,"Info","Arena",7,"Enter_Zone",3
2063.805,"Info","Arena",7,"Exit_Zone",3
2063.805,"Info","Arena",7,"Enter_Zone",1
2063.837,"Info","Arena",7,"Exit_Zone",1
2063.837,"Info","Arena",7,"Enter_Zone",3
2064.470,"Info","Arena",6,"Exit_Zone",2
2064.470,"Info","Arena",6,"Enter_Zone",4
2064.577,"Info","Arena",7,"Exit_Zone",3
2064.577,"Info","Arena",7,"Enter_Zone",4
2065.278,"Info","Arena",7,"Exit_Zone",4
2065.278,"Info","Arena",7,"Enter_Zone",2
2065.355,"Info","Arena",5,"Exit_Zone",3
2065.355,"Info","Arena",5,"Enter_Zone",4
2065.430,"Info","Arena",7,"Exit_Zone",2
2065.430,"Info","Arena",7,"Enter_Zone",1
2065.504,"Info","Arena",7,"Exit_Zone",1
2065.504,"Info","Arena",7,"Enter_Zone",2
2065.768,"Info","Arena",6,"Exit_Zone",4
2065.768,"Info","Arena",6,"Enter_Zone",1
2065.803,"Info","Arena",6,"Exit_Zone",1
2065.803,"Info","Arena",6,"Enter_Zone",4
2065.845,"Info","Arena",2,"Exit_Zone",3
2065.845,"Info","Arena",2,"Enter_Zone",4
2065.845,"Info","Arena",6,"Exit_Zone",4
2065.845,"Info","Arena",6,"Enter_Zone",1
2065.882,"Info","Arena",5,"Exit_Zone",4
2065.882,"Info","Arena",5,"Enter_Zone",2
2065.882,"Info","Arena",7,"Exit_Zone",2
2065.882,"Info","Arena",7,"Enter_Zone",1
2065.882,"Info","Arena",8,"Exit_Zone",3
2065.882,"Info","Arena",8,"Enter_Zone",4
2065.990,"Info","Arena",7,"Exit_Zone",1
2065.990,"Info","Arena",7,"Enter_Zone",2
2066.026,"Info","Arena",7,"Exit_Zone",2
2066.026,"Info","Arena",7,"Enter_Zone",1
2066.062,"Info","Arena",7,"Exit_Zone",1
2066.062,"Info","Arena",7,"Enter_Zone",2
2066.134,"Info","Arena",2,"Exit_Zone",4
2066.134,"Info","Arena",2,"Enter_Zone",2
2067.075,"Info","Arena",8,"Exit_Zone",4
2067.075,"Info","Arena",8,"Enter_Zone",2
2067.178,"Info","Arena",7,"Exit_Zone",2
2067.178,"Info","Arena",7,"Enter_Zone",1
2067.293,"Info","Arena",7,"Exit_Zone",1
2067.293,"Info","Arena",7,"Enter_Zone",2
2068.025,"Info","Arena",2,"Exit_Zone",2
2068.025,"Info","Arena",2,"Enter_Zone",3
2068.060,"Info","Arena",2,"Exit_Zone",3
2068.060,"Info","Arena",2,"Enter_Zone",2
2068.095,"Info","Arena",2,"Exit_Zone",2
2068.095,"Info","Arena",2,"Enter_Zone",3
2068.240,"Info","Arena",2,"Exit_Zone",3
2068.240,"Info","Arena",2,"Enter_Zone",2
2068.940,"Info","Arena",7,"Exit_Zone",2
2068.940,"Info","Arena",7,"Enter_Zone",4
2069.395,"Info","Arena",2,"Exit_Zone",2
2069.395,"Info","Arena",2,"Enter_Zone",4
2069.493,"Info","Arena",7,"Exit_Zone",4
2069.493,"Info","Arena",7,"Enter_Zone",1
2070.131,"Info","Arena",2,"Exit_Zone",4
2070.131,"Info","Arena",2,"Enter_Zone",1
2072.393,"Info","Arena",8,"Exit_Zone",2
2072.393,"Info","Arena",8,"Enter_Zone",4
2072.575,"Info","Arena",1,"Exit_Zone",1
2072.575,"Info","Arena",1,"Enter_Zone",4
2072.648,"Info","Arena",1,"Exit_Zone",4
2072.648,"Info","Arena",1,"Enter_Zone",2
2072.904,"Info","Arena",8,"Exit_Zone",4
2072.904,"Info","Arena",8,"Enter_Zone",1
2072.942,"Info","Arena",8,"Exit_Zone",1
2072.942,"Info","Arena",8,"Enter_Zone",4
2072.977,"Info","Arena",8,"Exit_Zone",4
2072.977,"Info","Arena",8,"Enter_Zone",1
2073.534,"Info","Arena",7,"Exit_Zone",1
2073.534,"Info","Arena",7,"Enter_Zone",4
2073.781,"Info","Arena",2,"Exit_Zone",1
2073.781,"Info","Arena",2,"Enter_Zone",3
2073.919,"Info","Arena",5,"Exit_Zone",2
2073.919,"Info","Arena",5,"Enter_Zone",4
2073.955,"Info","Arena",5,"Exit_Zone",4
2073.955,"Info","Arena",5,"Enter_Zone",2
2074.062,"Info","Arena",2,"Exit_Zone",3
2074.062,"Info","Arena",2,"Enter_Zone",1
2074.062,"Info","Arena",5,"Exit_Zone",2
2074.062,"Info","Arena",5,"Enter_Zone",4
2074.172,"Info","Arena",7,"Exit_Zone",4
2074.172,"Info","Arena",7,"Enter_Zone",3
2074.293,"Info","Arena",5,"Exit_Zone",4
2074.293,"Info","Arena",5,"Enter_Zone",1
2074.471,"Info","Arena",1,"Exit_Zone",2
2074.471,"Info","Arena",1,"Enter_Zone",4
2074.649,"Info","Arena",1,"Exit_Zone",4
2074.649,"Info","Arena",1,"Enter_Zone",1
2074.828,"Info","Arena",2,"Exit_Zone",1
2074.828,"Info","Arena",2,"Enter_Zone",4
2074.864,"Info","Arena",7,"Exit_Zone",3
2074.864,"Info","Arena",7,"Enter_Zone",1
2075.248,"Info","Arena",7,"Exit_Zone",1
2075.248,"Info","Arena",7,"Enter_Zone",3
2075.482,"Info","Arena",7,"Exit_Zone",3
2075.482,"Info","Arena",7,"Enter_Zone",1
2075.547,"Info","Arena",7,"Exit_Zone",1
2075.547,"Info","Arena",7,"Enter_Zone",3
2075.583,"Info","Arena",2,"Exit_Zone",4
2075.583,"Info","Arena",2,"Enter_Zone",3
2077.110,"Info","Arena",7,"Exit_Zone",3
2077.110,"Info","Arena",7,"Enter_Zone",4
2077.297,"Info","Arena",1,"Exit_Zone",1
2077.297,"Info","Arena",1,"Enter_Zone",4
2077.440,"Info","Arena",1,"Exit_Zone",4
2077.440,"Info","Arena",1,"Enter_Zone",2
2077.545,"Info","Arena",8,"Exit_Zone",1
2077.545,"Info","Arena",8,"Enter_Zone",4
2077.686,"Info","Arena",7,"Exit_Zone",4
2077.686,"Info","Arena",7,"Enter_Zone",2
2078.313,"Info","Arena",7,"Exit_Zone",2
2078.313,"Info","Arena",7,"Enter_Zone",4
2078.386,"Info","Arena",7,"Exit_Zone",4
2078.386,"Info","Arena",7,"Enter_Zone",1
2078.386,"Info","Arena",8,"Exit_Zone",4
2078.386,"Info","Arena",8,"Enter_Zone",3
2079.395,"Info","Arena",2,"Exit_Zone",3
2079.395,"Info","Arena",2,"Enter_Zone",2
2079.648,"Info","Arena",5,"Exit_Zone",1
2079.648,"Info","Arena",5,"Enter_Zone",4
2080.479,"Info","Arena",5,"Exit_Zone",4
2080.479,"Info","Arena",5,"Enter_Zone",3
2080.928,"Info","Arena",1,"Exit_Zone",2
2080.928,"Info","Arena",1,"Enter_Zone",4
2081.072,"Info","Arena",1,"Exit_Zone",4
2081.072,"Info","Arena",1,"Enter_Zone",1
2081.560,"Info","Arena",7,"Exit_Zone",1
2081.560,"Info","Arena",7,"Enter_Zone",4
2082.185,"Info","Arena",2,"Exit_Zone",2
2082.185,"Info","Arena",2,"Enter_Zone",3
2082.472,"Info","Arena",7,"Exit_Zone",4
2082.472,"Info","Arena",7,"Enter_Zone",3
2082.867,"Info","Arena",2,"Exit_Zone",3
2082.867,"Info","Arena",2,"Enter_Zone",2
2082.867,"Info","Arena",7,"Exit_Zone",3
2082.867,"Info","Arena",7,"Enter_Zone",1
2082.903,"Info","Arena",1,"Exit_Zone",1
2082.903,"Info","Arena",1,"Enter_Zone",4
2082.974,"Info","Arena",1,"Exit_Zone",4
2082.974,"Info","Arena",1,"Enter_Zone",2
2082.974,"Info","Arena",7,"Exit_Zone",1
2082.974,"Info","Arena",7,"Enter_Zone",3
2083.119,"Info","Arena",8,"Exit_Zone",3
2083.119,"Info","Arena",8,"Enter_Zone",4
2083.946,"Info","Arena",7,"Exit_Zone",3
2083.946,"Info","Arena",7,"Enter_Zone",1
2084.047,"Info","Arena",4,"Exit_Zone",1
2084.047,"Info","Arena",4,"Enter_Zone",4
2084.047,"Info","Arena",7,"Exit_Zone",1
2084.047,"Info","Arena",7,"Enter_Zone",3
2084.265,"Info","Arena",8,"Exit_Zone",4
2084.265,"Info","Arena",8,"Enter_Zone",2
2084.482,"Info","Arena",2,"Exit_Zone",2
2084.482,"Info","Arena",2,"Enter_Zone",4
2085.098,"Info","Arena",7,"Exit_Zone",3
2085.098,"Info","Arena",7,"Enter_Zone",4
2085.597,"Info","Arena",7,"Exit_Zone",4
2085.597,"Info","Arena",7,"Enter_Zone",1
2085.667,"Info","Arena",2,"Exit_Zone",4
2085.667,"Info","Arena",2,"Enter_Zone",1
2086.158,"Info","Arena",1,"Exit_Zone",2
2086.158,"Info","Arena",1,"Enter_Zone",4
2086.194,"Info","Arena",4,"Exit_Zone",4
2086.194,"Info","Arena",4,"Enter_Zone",3
2086.241,"Info","Arena",1,"Exit_Zone",4
2086.241,"Info","Arena",1,"Enter_Zone",1
2087.362,"Info","Arena",3,"Exit_Zone",1
2087.362,"Info","Arena",3,"Enter_Zone",4
2087.830,"Info","Arena",1,"Exit_Zone",1
2087.830,"Info","Arena",1,"Enter_Zone",4
2087.897,"Info","Arena",3,"Exit_Zone",4
2087.897,"Info","Arena",3,"Enter_Zone",2
2087.897,"Info","Arena",7,"Exit_Zone",1
2087.897,"Info","Arena",7,"Enter_Zone",4
2087.929,"Info","Arena",1,"Exit_Zone",4
2087.929,"Info","Arena",1,"Enter_Zone",2
2088.564,"Info","Arena",2,"Exit_Zone",1
2088.564,"Info","Arena",2,"Enter_Zone",3
2088.691,"Info","Arena",2,"Exit_Zone",3
2088.691,"Info","Arena",2,"Enter_Zone",1
2088.721,"Info","Arena",7,"Exit_Zone",4
2088.721,"Info","Arena",7,"Enter_Zone",3
2089.465,"Info","Arena",2,"Exit_Zone",1
2089.465,"Info","Arena",2,"Enter_Zone",4
2089.842,"Info","Arena",5,"Exit_Zone",3
2089.842,"Info","Arena",5,"Enter_Zone",4
2090.305,"Info","Arena",2,"Exit_Zone",4
2090.305,"Info","Arena",2,"Enter_Zone",3
2090.447,"Info","Arena",5,"Exit_Zone",4
2090.447,"Info","Arena",5,"Enter_Zone",2
2090.886,"Info","Arena",6,"Exit_Zone",1
2090.886,"Info","Arena",6,"Enter_Zone",4
2090.927,"Info","Arena",1,"Exit_Zone",2
2090.927,"Info","Arena",1,"Enter_Zone",4
2091.113,"Info","Arena",1,"Exit_Zone",4
2091.113,"Info","Arena",1,"Enter_Zone",1
2091.347,"Info","Arena",4,"Exit_Zone",3
2091.347,"Info","Arena",4,"Enter_Zone",4
2091.459,"Info","Arena",7,"Exit_Zone",3
2091.459,"Info","Arena",7,"Enter_Zone",1
2091.567,"Info","Arena",7,"Exit_Zone",1
2091.567,"Info","Arena",7,"Enter_Zone",3
2091.642,"Info","Arena",7,"Exit_Zone",3
2091.642,"Info","Arena",7,"Enter_Zone",1
2091.714,"Info","Arena",7,"Exit_Zone",1
2091.714,"Info","Arena",7,"Enter_Zone",3
2091.752,"Info","Arena",7,"Exit_Zone",3
2091.752,"Info","Arena",7,"Enter_Zone",1
2091.823,"Info","Arena",7,"Exit_Zone",1
2091.823,"Info","Arena",7,"Enter_Zone",3
2091.858,"Info","Arena",8,"Exit_Zone",2
2091.858,"Info","Arena",8,"Enter_Zone",4
2092.375,"Info","Arena",7,"Exit_Zone",3
2092.375,"Info","Arena",7,"Enter_Zone",4
2092.592,"Info","Arena",8,"Exit_Zone",4
2092.592,"Info","Arena",8,"Enter_Zone",3
2092.975,"Info","Arena",7,"Exit_Zone",4
2092.975,"Info","Arena",7,"Enter_Zone",2
2093.811,"Info","Arena",6,"Exit_Zone",4
2093.811,"Info","Arena",6,"Enter_Zone",2
2093.911,"Info","Arena",7,"Exit_Zone",2
2093.911,"Info","Arena",7,"Enter_Zone",1
2093.977,"Info","Arena",7,"Exit_Zone",1
2093.977,"Info","Arena",7,"Enter_Zone",2
2094.042,"Info","Arena",4,"Exit_Zone",4
2094.042,"Info","Arena",4,"Enter_Zone",3
2094.733,"Info","Arena",7,"Exit_Zone",2
2094.733,"Info","Arena",7,"Enter_Zone",1
2094.959,"Info","Arena",7,"Exit_Zone",1
2094.959,"Info","Arena",7,"Enter_Zone",2
2095.481,"Info","Arena",7,"Exit_Zone",2
2095.481,"Info","Arena",7,"Enter_Zone",1
2095.549,"Info","Arena",7,"Exit_Zone",1
2095.549,"Info","Arena",7,"Enter_Zone",2
2096.788,"Info","Arena",7,"Exit_Zone",2
2096.788,"Info","Arena",7,"Enter_Zone",4
2096.823,"Info","Arena",7,"Exit_Zone",4
2096.823,"Info","Arena",7,"Enter_Zone",1
2097.031,"Info","Arena",2,"Exit_Zone",3
2097.031,"Info","Arena",2,"Enter_Zone",4
2097.102,"Info","Arena",5,"Exit_Zone",2
2097.102,"Info","Arena",5,"Enter_Zone",4
2097.292,"Info","Arena",1,"Exit_Zone",1
2097.292,"Info","Arena",1,"Enter_Zone",4
2097.367,"Info","Arena",1,"Exit_Zone",4
2097.367,"Info","Arena",1,"Enter_Zone",2
2097.662,"Info","Arena",2,"Exit_Zone",4
2097.662,"Info","Arena",2,"Enter_Zone",2
2098.057,"Info","Arena",5,"Exit_Zone",4
2098.057,"Info","Arena",5,"Enter_Zone",1
2098.057,"Info","Arena",8,"Exit_Zone",3
2098.057,"Info","Arena",8,"Enter_Zone",1
2098.093,"Info","Arena",8,"Exit_Zone",1
2098.093,"Info","Arena",8,"Enter_Zone",3
2098.655,"Info","Arena",4,"Exit_Zone",3
2098.655,"Info","Arena",4,"Enter_Zone",4
2098.690,"Info","Arena",4,"Exit_Zone",4
2098.690,"Info","Arena",4,"Enter_Zone",3
2098.725,"Info","Arena",4,"Exit_Zone",3
2098.725,"Info","Arena",4,"Enter_Zone",4
2099.133,"Info","Arena",8,"Exit_Zone",3
2099.133,"Info","Arena",8,"Enter_Zone",4
2099.168,"Info","Arena",1,"Exit_Zone",2
2099.168,"Info","Arena",1,"Enter_Zone",4
2099.440,"Info","Arena",1,"Exit_Zone",4
2099.440,"Info","Arena",1,"Enter_Zone",1
2099.591,"Info","Arena",8,"Exit_Zone",4
2099.591,"Info","Arena",8,"Enter_Zone",2
2099.812,"Info","Arena",6,"Exit_Zone",2
2099.812,"Info","Arena",6,"Enter_Zone",4
2099.812,"Info","Arena",7,"Exit_Zone",1
2099.812,"Info","Arena",7,"Enter_Zone",4
2099.885,"Info","Arena",6,"Exit_Zone",4
2099.885,"Info","Arena",6,"Enter_Zone",2
2100.366,"Info","Arena",7,"Exit_Zone",4
2100.366,"Info","Arena",7,"Enter_Zone",3
2100.856,"Info","Arena",6,"Exit_Zone",2
2100.856,"Info","Arena",6,"Enter_Zone",4
2100.992,"Info","Arena",6,"Exit_Zone",4
2100.992,"Info","Arena",6,"Enter_Zone",1
2101.027,"Info","Arena",2,"Exit_Zone",2
2101.027,"Info","Arena",2,"Enter_Zone",4
2101.061,"Info","Arena",7,"Exit_Zone",3
2101.061,"Info","Arena",7,"Enter_Zone",4
2101.128,"Info","Arena",2,"Exit_Zone",4
2101.128,"Info","Arena",2,"Enter_Zone",3
2101.381,"Info","Arena",7,"Exit_Zone",4
2101.381,"Info","Arena",7,"Enter_Zone",1
2101.833,"Info","Arena",4,"Exit_Zone",4
2101.833,"Info","Arena",4,"Enter_Zone",1
2102.617,"Info","Arena",1,"Exit_Zone",1
2102.617,"Info","Arena",1,"Enter_Zone",4
2102.821,"Info","Arena",1,"Exit_Zone",4
2102.821,"Info","Arena",1,"Enter_Zone",2
2103.571,"Info","Arena",5,"Exit_Zone",1
2103.571,"Info","Arena",5,"Enter_Zone",4
2104.197,"Info","Arena",5,"Exit_Zone",4
2104.197,"Info","Arena",5,"Enter_Zone",2
2104.529,"Info","Arena",8,"Exit_Zone",2
2104.529,"Info","Arena",8,"Enter_Zone",4
2104.948,"Info","Arena",7,"Exit_Zone",1
2104.948,"Info","Arena",7,"Enter_Zone",4
2105.046,"Info","Arena",8,"Exit_Zone",4
2105.046,"Info","Arena",8,"Enter_Zone",3
2105.867,"Info","Arena",7,"Exit_Zone",4
2105.867,"Info","Arena",7,"Enter_Zone",3
2107.070,"Info","Arena",7,"Exit_Zone",3
2107.070,"Info","Arena",7,"Enter_Zone",1
2107.200,"Info","Arena",7,"Exit_Zone",1
2107.200,"Info","Arena",7,"Enter_Zone",3
2107.375,"Info","Arena",6,"Exit_Zone",1
2107.375,"Info","Arena",6,"Enter_Zone",4
2108.092,"Info","Arena",7,"Exit_Zone",3
2108.092,"Info","Arena",7,"Enter_Zone",1
2108.191,"Info","Arena",7,"Exit_Zone",1
2108.191,"Info","Arena",7,"Enter_Zone",3
2109.151,"Info","Arena",7,"Exit_Zone",3
2109.151,"Info","Arena",7,"Enter_Zone",4
2109.439,"Info","Arena",7,"Exit_Zone",4
2109.439,"Info","Arena",7,"Enter_Zone",2
2109.893,"Info","Arena",5,"Exit_Zone",2
2109.893,"Info","Arena",5,"Enter_Zone",4
2110.468,"Info","Arena",2,"Exit_Zone",3
2110.468,"Info","Arena",2,"Enter_Zone",4
2110.540,"Info","Arena",7,"Exit_Zone",2
2110.540,"Info","Arena",7,"Enter_Zone",1
2110.711,"Info","Arena",7,"Exit_Zone",1
2110.711,"Info","Arena",7,"Enter_Zone",2
2110.883,"Info","Arena",2,"Exit_Zone",4
2110.883,"Info","Arena",2,"Enter_Zone",2
2110.883,"Info","Arena",5,"Exit_Zone",4
2110.883,"Info","Arena",5,"Enter_Zone",3
2111.222,"Info","Arena",6,"Exit_Zone",4
2111.222,"Info","Arena",6,"Enter_Zone",1
2111.653,"Info","Arena",6,"Exit_Zone",1
2111.653,"Info","Arena",6,"Enter_Zone",4
2111.998,"Info","Arena",7,"Exit_Zone",2
2111.998,"Info","Arena",7,"Enter_Zone",1
2112.099,"Info","Arena",6,"Exit_Zone",4
2112.099,"Info","Arena",6,"Enter_Zone",3
2112.256,"Info","Arena",7,"Exit_Zone",1
2112.256,"Info","Arena",7,"Enter_Zone",2
2112.444,"Info","Arena",8,"Exit_Zone",3
2112.444,"Info","Arena",8,"Enter_Zone",4
2112.554,"Info","Arena",2,"Exit_Zone",2
2112.554,"Info","Arena",2,"Enter_Zone",3
2113.034,"Info","Arena",7,"Exit_Zone",2
2113.034,"Info","Arena",7,"Enter_Zone",4
2113.106,"Info","Arena",8,"Exit_Zone",4
2113.106,"Info","Arena",8,"Enter_Zone",1
2113.180,"Info","Arena",2,"Exit_Zone",3
2113.180,"Info","Arena",2,"Enter_Zone",2
2113.262,"Info","Arena",2,"Exit_Zone",2
2113.262,"Info","Arena",2,"Enter_Zone",3
2113.295,"Info","Arena",2,"Exit_Zone",3
2113.295,"Info","Arena",2,"Enter_Zone",2
2113.370,"Info","Arena",7,"Exit_Zone",4
2113.370,"Info","Arena",7,"Enter_Zone",1
2113.521,"Info","Arena",4,"Exit_Zone",1
2113.521,"Info","Arena",4,"Enter_Zone",4
2114.412,"Info","Arena",1,"Exit_Zone",2
2114.412,"Info","Arena",1,"Enter_Zone",4
2114.527,"Info","Arena",1,"Exit_Zone",4
2114.527,"Info","Arena",1,"Enter_Zone",3
2115.653,"Info","Arena",2,"Exit_Zone",2
2115.653,"Info","Arena",2,"Enter_Zone",4
2115.691,"Info","Arena",4,"Exit_Zone",4
2115.691,"Info","Arena",4,"Enter_Zone",1
2115.729,"Info","Arena",4,"Exit_Zone",1
2115.729,"Info","Arena",4,"Enter_Zone",4
2115.801,"Info","Arena",4,"Exit_Zone",4
2115.801,"Info","Arena",4,"Enter_Zone",1
2116.200,"Info","Arena",8,"Exit_Zone",1
2116.200,"Info","Arena",8,"Enter_Zone",4
2116.565,"Info","Arena",2,"Exit_Zone",4
2116.565,"Info","Arena",2,"Enter_Zone",1
2116.640,"Info","Arena",5,"Exit_Zone",3
2116.640,"Info","Arena",5,"Enter_Zone",4
2116.797,"Info","Arena",8,"Exit_Zone",4
2116.797,"Info","Arena",8,"Enter_Zone",3
2117.066,"Info","Arena",1,"Exit_Zone",3
2117.066,"Info","Arena",1,"Enter_Zone",4
2117.356,"Info","Arena",1,"Exit_Zone",4
2117.356,"Info","Arena",1,"Enter_Zone",2
2117.356,"Info","Arena",5,"Exit_Zone",4
2117.356,"Info","Arena",5,"Enter_Zone",1
2117.394,"Info","Arena",5,"Exit_Zone",1
2117.394,"Info","Arena",5,"Enter_Zone",4
2117.394,"Info","Arena",7,"Exit_Zone",1
2117.394,"Info","Arena",7,"Enter_Zone",4
2117.471,"Info","Arena",5,"Exit_Zone",4
2117.471,"Info","Arena",5,"Enter_Zone",1
2118.055,"Info","Arena",7,"Exit_Zone",4
2118.055,"Info","Arena",7,"Enter_Zone",3
2118.127,"Info","Arena",2,"Exit_Zone",1
2118.127,"Info","Arena",2,"Enter_Zone",3
2118.163,"Info","Arena",2,"Exit_Zone",3
2118.163,"Info","Arena",2,"Enter_Zone",1
2118.249,"Info","Arena",4,"Exit_Zone",1
2118.249,"Info","Arena",4,"Enter_Zone",4
2119.647,"Info","Arena",4,"Exit_Zone",4
2119.647,"Info","Arena",4,"Enter_Zone",2
2119.994,"Info","Arena",2,"Exit_Zone",1
2119.994,"Info","Arena",2,"Enter_Zone",4
2120.338,"Info","Arena",7,"Exit_Zone",3
2120.338,"Info","Arena",7,"Enter_Zone",1
2120.438,"Info","Arena",7,"Exit_Zone",1
2120.438,"Info","Arena",7,"Enter_Zone",3
2120.609,"Info","Arena",6,"Exit_Zone",3
2120.609,"Info","Arena",6,"Enter_Zone",4
2121.308,"Info","Arena",7,"Exit_Zone",3
2121.308,"Info","Arena",7,"Enter_Zone",4
2121.347,"Info","Arena",1,"Exit_Zone",2
2121.347,"Info","Arena",1,"Enter_Zone",4
2121.419,"Info","Arena",2,"Exit_Zone",4
2121.419,"Info","Arena",2,"Enter_Zone",3
2121.646,"Info","Arena",7,"Exit_Zone",4
2121.646,"Info","Arena",7,"Enter_Zone",2
2122.109,"Info","Arena",1,"Exit_Zone",4
2122.109,"Info","Arena",1,"Enter_Zone",1
2122.109,"Info","Arena",6,"Exit_Zone",4
2122.109,"Info","Arena",6,"Enter_Zone",2
2122.612,"Info","Arena",1,"Exit_Zone",1
2122.612,"Info","Arena",1,"Enter_Zone",4
2122.730,"Info","Arena",4,"Exit_Zone",2
2122.730,"Info","Arena",4,"Enter_Zone",4
2122.765,"Info","Arena",7,"Exit_Zone",2
2122.765,"Info","Arena",7,"Enter_Zone",1
2122.802,"Info","Arena",7,"Exit_Zone",1
2122.802,"Info","Arena",7,"Enter_Zone",2
2122.915,"Info","Arena",5,"Exit_Zone",1
2122.915,"Info","Arena",5,"Enter_Zone",4
2123.095,"Info","Arena",4,"Exit_Zone",4
2123.095,"Info","Arena",4,"Enter_Zone",3
2123.283,"Info","Arena",1,"Exit_Zone",4
2123.283,"Info","Arena",1,"Enter_Zone",1
2123.657,"Info","Arena",1,"Exit_Zone",1
2123.657,"Info","Arena",1,"Enter_Zone",4
2123.657,"Info","Arena",5,"Exit_Zone",4
2123.657,"Info","Arena",5,"Enter_Zone",3
2123.793,"Info","Arena",8,"Exit_Zone",3
2123.793,"Info","Arena",8,"Enter_Zone",1
2123.828,"Info","Arena",8,"Exit_Zone",1
2123.828,"Info","Arena",8,"Enter_Zone",3
2123.964,"Info","Arena",7,"Exit_Zone",2
2123.964,"Info","Arena",7,"Enter_Zone",1
2124.065,"Info","Arena",7,"Exit_Zone",1
2124.065,"Info","Arena",7,"Enter_Zone",2
2124.098,"Info","Arena",1,"Exit_Zone",4
2124.098,"Info","Arena",1,"Enter_Zone",3
2124.166,"Info","Arena",3,"Exit_Zone",2
2124.166,"Info","Arena",3,"Enter_Zone",4
2125.009,"Info","Arena",3,"Exit_Zone",4
2125.009,"Info","Arena",3,"Enter_Zone",2
2125.480,"Info","Arena",7,"Exit_Zone",2
2125.480,"Info","Arena",7,"Enter_Zone",4
2125.992,"Info","Arena",7,"Exit_Zone",4
2125.992,"Info","Arena",7,"Enter_Zone",1
2126.536,"Info","Arena",2,"Exit_Zone",3
2126.536,"Info","Arena",2,"Enter_Zone",4
2127.153,"Info","Arena",2,"Exit_Zone",4
2127.153,"Info","Arena",2,"Enter_Zone",2
2128.162,"Info","Arena",4,"Exit_Zone",3
2128.162,"Info","Arena",4,"Enter_Zone",4
2128.162,"Info","Arena",5,"Exit_Zone",3
2128.162,"Info","Arena",5,"Enter_Zone",4
2128.246,"Info","Arena",4,"Exit_Zone",4
2128.246,"Info","Arena",4,"Enter_Zone",3
2128.573,"Info","Arena",6,"Exit_Zone",2
2128.573,"Info","Arena",6,"Enter_Zone",4
2129.020,"Info","Arena",5,"Exit_Zone",4
2129.020,"Info","Arena",5,"Enter_Zone",1
2129.363,"Info","Arena",2,"Exit_Zone",2
2129.363,"Info","Arena",2,"Enter_Zone",3
2129.396,"Info","Arena",8,"Exit_Zone",3
2129.396,"Info","Arena",8,"Enter_Zone",4
2129.434,"Info","Arena",2,"Exit_Zone",3
2129.434,"Info","Arena",2,"Enter_Zone",2
2129.513,"Info","Arena",7,"Exit_Zone",1
2129.513,"Info","Arena",7,"Enter_Zone",4
2129.550,"Info","Arena",6,"Exit_Zone",4
2129.550,"Info","Arena",6,"Enter_Zone",1
2130.029,"Info","Arena",8,"Exit_Zone",4
2130.029,"Info","Arena",8,"Enter_Zone",1
2130.105,"Info","Arena",2,"Exit_Zone",2
2130.105,"Info","Arena",2,"Enter_Zone",3
2130.360,"Info","Arena",2,"Exit_Zone",3
2130.360,"Info","Arena",2,"Enter_Zone",2
2130.399,"Info","Arena",7,"Exit_Zone",4
2130.399,"Info","Arena",7,"Enter_Zone",3
2130.548,"Info","Arena",7,"Exit_Zone",3
2130.548,"Info","Arena",7,"Enter_Zone",1
2130.716,"Info","Arena",7,"Exit_Zone",1
2130.716,"Info","Arena",7,"Enter_Zone",3
2130.985,"Info","Arena",7,"Exit_Zone",3
2130.985,"Info","Arena",7,"Enter_Zone",1
2131.048,"Info","Arena",7,"Exit_Zone",1
2131.048,"Info","Arena",7,"Enter_Zone",3
2131.716,"Info","Arena",7,"Exit_Zone",3
2131.716,"Info","Arena",7,"Enter_Zone",1
2131.750,"Info","Arena",2,"Exit_Zone",2
2131.750,"Info","Arena",2,"Enter_Zone",4
2131.785,"Info","Arena",7,"Exit_Zone",1
2131.785,"Info","Arena",7,"Enter_Zone",3
2132.408,"Info","Arena",2,"Exit_Zone",4
2132.408,"Info","Arena",2,"Enter_Zone",1
2133.736,"Info","Arena",6,"Exit_Zone",1
2133.736,"Info","Arena",6,"Enter_Zone",4
2133.947,"Info","Arena",7,"Exit_Zone",3
2133.947,"Info","Arena",7,"Enter_Zone",4
2134.254,"Info","Arena",4,"Exit_Zone",3
2134.254,"Info","Arena",4,"Enter_Zone",4
2134.254,"Info","Arena",7,"Exit_Zone",4
2134.254,"Info","Arena",7,"Enter_Zone",1
2135.313,"Info","Arena",1,"Exit_Zone",3
2135.313,"Info","Arena",1,"Enter_Zone",2
2135.313,"Info","Arena",5,"Exit_Zone",1
2135.313,"Info","Arena",5,"Enter_Zone",4
2135.348,"Info","Arena",6,"Exit_Zone",4
2135.348,"Info","Arena",6,"Enter_Zone",3
2135.480,"Info","Arena",1,"Exit_Zone",2
2135.480,"Info","Arena",1,"Enter_Zone",3
2135.743,"Info","Arena",2,"Exit_Zone",1
2135.743,"Info","Arena",2,"Enter_Zone",3
2135.922,"Info","Arena",2,"Exit_Zone",3
2135.922,"Info","Arena",2,"Enter_Zone",1
2135.958,"Info","Arena",2,"Exit_Zone",1
2135.958,"Info","Arena",2,"Enter_Zone",3
2136.027,"Info","Arena",5,"Exit_Zone",4
2136.027,"Info","Arena",5,"Enter_Zone",2
2136.202,"Info","Arena",1,"Exit_Zone",3
2136.202,"Info","Arena",1,"Enter_Zone",4
2136.202,"Info","Arena",2,"Exit_Zone",3
2136.202,"Info","Arena",2,"Enter_Zone",1
2136.617,"Info","Arena",7,"Exit_Zone",1
2136.617,"Info","Arena",7,"Enter_Zone",4
2136.656,"Info","Arena",1,"Exit_Zone",4
2136.656,"Info","Arena",1,"Enter_Zone",1
2137.199,"Info","Arena",7,"Exit_Zone",4
2137.199,"Info","Arena",7,"Enter_Zone",3
2137.246,"Info","Arena",2,"Exit_Zone",1
2137.246,"Info","Arena",2,"Enter_Zone",4
2138.277,"Info","Arena",2,"Exit_Zone",4
2138.277,"Info","Arena",2,"Enter_Zone",3
2139.110,"Info","Arena",7,"Exit_Zone",3
2139.110,"Info","Arena",7,"Enter_Zone",1
2139.294,"Info","Arena",7,"Exit_Zone",1
2139.294,"Info","Arena",7,"Enter_Zone",3
2139.912,"Info","Arena",1,"Exit_Zone",1
2139.912,"Info","Arena",1,"Enter_Zone",4
2140.172,"Info","Arena",7,"Exit_Zone",3
2140.172,"Info","Arena",7,"Enter_Zone",4
2140.218,"Info","Arena",1,"Exit_Zone",4
2140.218,"Info","Arena",1,"Enter_Zone",2
2140.295,"Info","Arena",8,"Exit_Zone",1
2140.295,"Info","Arena",8,"Enter_Zone",4
2140.787,"Info","Arena",5,"Exit_Zone",2
2140.787,"Info","Arena",5,"Enter_Zone",4
2140.897,"Info","Arena",7,"Exit_Zone",4
2140.897,"Info","Arena",7,"Enter_Zone",2
2141.191,"Info","Arena",8,"Exit_Zone",4
2141.191,"Info","Arena",8,"Enter_Zone",3
2141.392,"Info","Arena",5,"Exit_Zone",4
2141.392,"Info","Arena",5,"Enter_Zone",1
2141.795,"Info","Arena",4,"Exit_Zone",4
2141.795,"Info","Arena",4,"Enter_Zone",1
2142.053,"Info","Arena",6,"Exit_Zone",3
2142.053,"Info","Arena",6,"Enter_Zone",4
2142.086,"Info","Arena",7,"Exit_Zone",2
2142.086,"Info","Arena",7,"Enter_Zone",1
2142.276,"Info","Arena",7,"Exit_Zone",1
2142.276,"Info","Arena",7,"Enter_Zone",2
2142.571,"Info","Arena",6,"Exit_Zone",4
2142.571,"Info","Arena",6,"Enter_Zone",2
2142.810,"Info","Arena",1,"Exit_Zone",2
2142.810,"Info","Arena",1,"Enter_Zone",4
2143.155,"Info","Arena",1,"Exit_Zone",4
2143.155,"Info","Arena",1,"Enter_Zone",1
2143.995,"Info","Arena",8,"Exit_Zone",3
2143.995,"Info","Arena",8,"Enter_Zone",4
2144.835,"Info","Arena",7,"Exit_Zone",2
2144.835,"Info","Arena",7,"Enter_Zone",4
2144.835,"Info","Arena",8,"Exit_Zone",4
2144.835,"Info","Arena",8,"Enter_Zone",2
2145.444,"Info","Arena",7,"Exit_Zone",4
2145.444,"Info","Arena",7,"Enter_Zone",1
2145.772,"Info","Arena",1,"Exit_Zone",1
2145.772,"Info","Arena",1,"Enter_Zone",4
2146.101,"Info","Arena",5,"Exit_Zone",1
2146.101,"Info","Arena",5,"Enter_Zone",4
2146.221,"Info","Arena",1,"Exit_Zone",4
2146.221,"Info","Arena",1,"Enter_Zone",3
2146.604,"Info","Arena",5,"Exit_Zone",4
2146.604,"Info","Arena",5,"Enter_Zone",2
2148.563,"Info","Arena",7,"Exit_Zone",1
2148.563,"Info","Arena",7,"Enter_Zone",4
2148.674,"Info","Arena",8,"Exit_Zone",2
2148.674,"Info","Arena",8,"Enter_Zone",4
2148.928,"Info","Arena",1,"Exit_Zone",3
2148.928,"Info","Arena",1,"Enter_Zone",4
2149.235,"Info","Arena",1,"Exit_Zone",4
2149.235,"Info","Arena",1,"Enter_Zone",2
2149.309,"Info","Arena",7,"Exit_Zone",4
2149.309,"Info","Arena",7,"Enter_Zone",3
2149.382,"Info","Arena",8,"Exit_Zone",4
2149.382,"Info","Arena",8,"Enter_Zone",1
2149.831,"Info","Arena",7,"Exit_Zone",3
2149.831,"Info","Arena",7,"Enter_Zone",1
2149.902,"Info","Arena",2,"Exit_Zone",3
2149.902,"Info","Arena",2,"Enter_Zone",4
2149.975,"Info","Arena",4,"Exit_Zone",1
2149.975,"Info","Arena",4,"Enter_Zone",4
2150.343,"Info","Arena",7,"Exit_Zone",1
2150.343,"Info","Arena",7,"Enter_Zone",3
2150.415,"Info","Arena",6,"Exit_Zone",2
2150.415,"Info","Arena",6,"Enter_Zone",4
2150.633,"Info","Arena",2,"Exit_Zone",4
2150.633,"Info","Arena",2,"Enter_Zone",2
2150.704,"Info","Arena",1,"Exit_Zone",2
2150.704,"Info","Arena",1,"Enter_Zone",4
2150.775,"Info","Arena",6,"Exit_Zone",4
2150.775,"Info","Arena",6,"Enter_Zone",3
2150.922,"Info","Arena",1,"Exit_Zone",4
2150.922,"Info","Arena",1,"Enter_Zone",3
2151.033,"Info","Arena",4,"Exit_Zone",4
2151.033,"Info","Arena",4,"Enter_Zone",2
2151.339,"Info","Arena",5,"Exit_Zone",2
2151.339,"Info","Arena",5,"Enter_Zone",4
2151.373,"Info","Arena",7,"Exit_Zone",3
2151.373,"Info","Arena",7,"Enter_Zone",1
2151.409,"Info","Arena",7,"Exit_Zone",1
2151.409,"Info","Arena",7,"Enter_Zone",3
2151.818,"Info","Arena",2,"Exit_Zone",2
2151.818,"Info","Arena",2,"Enter_Zone",3
2151.883,"Info","Arena",2,"Exit_Zone",3
2151.883,"Info","Arena",2,"Enter_Zone",2
2152.131,"Info","Arena",7,"Exit_Zone",3
2152.131,"Info","Arena",7,"Enter_Zone",4
2152.247,"Info","Arena",5,"Exit_Zone",4
2152.247,"Info","Arena",5,"Enter_Zone",3
2152.557,"Info","Arena",7,"Exit_Zone",4
2152.557,"Info","Arena",7,"Enter_Zone",2
2152.885,"Info","Arena",2,"Exit_Zone",2
2152.885,"Info","Arena",2,"Enter_Zone",3
2152.986,"Info","Arena",2,"Exit_Zone",3
2152.986,"Info","Arena",2,"Enter_Zone",2
2153.963,"Info","Arena",8,"Exit_Zone",1
2153.963,"Info","Arena",8,"Enter_Zone",4
2154.038,"Info","Arena",7,"Exit_Zone",2
2154.038,"Info","Arena",7,"Enter_Zone",1
2154.264,"Info","Arena",7,"Exit_Zone",1
2154.264,"Info","Arena",7,"Enter_Zone",2
2154.365,"Info","Arena",4,"Exit_Zone",2
2154.365,"Info","Arena",4,"Enter_Zone",4
2154.469,"Info","Arena",1,"Exit_Zone",3
2154.469,"Info","Arena",1,"Enter_Zone",4
2154.687,"Info","Arena",4,"Exit_Zone",4
2154.687,"Info","Arena",4,"Enter_Zone",3
2154.945,"Info","Arena",1,"Exit_Zone",4
2154.945,"Info","Arena",1,"Enter_Zone",1
2154.984,"Info","Arena",8,"Exit_Zone",4
2154.984,"Info","Arena",8,"Enter_Zone",1
2155.356,"Info","Arena",2,"Exit_Zone",2
2155.356,"Info","Arena",2,"Enter_Zone",4
2155.356,"Info","Arena",7,"Exit_Zone",2
2155.356,"Info","Arena",7,"Enter_Zone",1
2155.389,"Info","Arena",2,"Exit_Zone",4
2155.389,"Info","Arena",2,"Enter_Zone",2
2155.650,"Info","Arena",7,"Exit_Zone",1
2155.650,"Info","Arena",7,"Enter_Zone",2
2155.756,"Info","Arena",2,"Exit_Zone",2
2155.756,"Info","Arena",2,"Enter_Zone",4
2155.792,"Info","Arena",5,"Exit_Zone",3
2155.792,"Info","Arena",5,"Enter_Zone",4
2155.899,"Info","Arena",6,"Exit_Zone",3
2155.899,"Info","Arena",6,"Enter_Zone",4
2156.456,"Info","Arena",5,"Exit_Zone",4
2156.456,"Info","Arena",5,"Enter_Zone",1
2156.532,"Info","Arena",6,"Exit_Zone",4
2156.532,"Info","Arena",6,"Enter_Zone",2
2156.609,"Info","Arena",2,"Exit_Zone",4
2156.609,"Info","Arena",2,"Enter_Zone",1
2156.645,"Info","Arena",7,"Exit_Zone",2
2156.645,"Info","Arena",7,"Enter_Zone",4
2156.954,"Info","Arena",1,"Exit_Zone",1
2156.954,"Info","Arena",1,"Enter_Zone",4
2157.066,"Info","Arena",1,"Exit_Zone",4
2157.066,"Info","Arena",1,"Enter_Zone",1
2157.104,"Info","Arena",1,"Exit_Zone",1
2157.104,"Info","Arena",1,"Enter_Zone",4
2157.104,"Info","Arena",7,"Exit_Zone",4
2157.104,"Info","Arena",7,"Enter_Zone",1
2157.145,"Info","Arena",7,"Exit_Zone",1
2157.145,"Info","Arena",7,"Enter_Zone",4
2157.305,"Info","Arena",7,"Exit_Zone",4
2157.305,"Info","Arena",7,"Enter_Zone",2
2157.456,"Info","Arena",1,"Exit_Zone",4
2157.456,"Info","Arena",1,"Enter_Zone",2
2158.568,"Info","Arena",7,"Exit_Zone",2
2158.568,"Info","Arena",7,"Enter_Zone",1
2158.641,"Info","Arena",7,"Exit_Zone",1
2158.641,"Info","Arena",7,"Enter_Zone",2
2158.818,"Info","Arena",7,"Exit_Zone",2
2158.818,"Info","Arena",7,"Enter_Zone",1
2158.989,"Info","Arena",7,"Exit_Zone",1
2158.989,"Info","Arena",7,"Enter_Zone",2
2159.692,"Info","Arena",7,"Exit_Zone",2
2159.692,"Info","Arena",7,"Enter_Zone",1
2159.728,"Info","Arena",3,"Exit_Zone",2
2159.728,"Info","Arena",3,"Enter_Zone",4
2159.728,"Info","Arena",7,"Exit_Zone",1
2159.728,"Info","Arena",7,"Enter_Zone",2
2159.728,"Info","Arena",8,"Exit_Zone",1
2159.728,"Info","Arena",8,"Enter_Zone",4
2159.943,"Info","Arena",2,"Exit_Zone",1
2159.943,"Info","Arena",2,"Enter_Zone",3
2159.979,"Info","Arena",7,"Exit_Zone",2
2159.979,"Info","Arena",7,"Enter_Zone",1
2160.012,"Info","Arena",3,"Exit_Zone",4
2160.012,"Info","Arena",3,"Enter_Zone",1
2160.118,"Info","Arena",7,"Exit_Zone",1
2160.118,"Info","Arena",7,"Enter_Zone",2
2160.151,"Info","Arena",2,"Exit_Zone",3
2160.151,"Info","Arena",2,"Enter_Zone",1
2160.264,"Info","Arena",3,"Exit_Zone",1
2160.264,"Info","Arena",3,"Enter_Zone",4
2160.483,"Info","Arena",8,"Exit_Zone",4
2160.483,"Info","Arena",8,"Enter_Zone",3
2160.668,"Info","Arena",3,"Exit_Zone",4
2160.668,"Info","Arena",3,"Enter_Zone",2
2160.781,"Info","Arena",6,"Exit_Zone",2
2160.781,"Info","Arena",6,"Enter_Zone",4
2160.960,"Info","Arena",7,"Exit_Zone",2
2160.960,"Info","Arena",7,"Enter_Zone",4
2161.140,"Info","Arena",2,"Exit_Zone",1
2161.140,"Info","Arena",2,"Enter_Zone",4
2161.258,"Info","Arena",6,"Exit_Zone",4
2161.258,"Info","Arena",6,"Enter_Zone",3
2161.377,"Info","Arena",7,"Exit_Zone",4
2161.377,"Info","Arena",7,"Enter_Zone",1
2161.825,"Info","Arena",2,"Exit_Zone",4
2161.825,"Info","Arena",2,"Enter_Zone",3
2162.500,"Info","Arena",3,"Exit_Zone",2
2162.500,"Info","Arena",3,"Enter_Zone",4
2162.897,"Info","Arena",3,"Exit_Zone",4
2162.897,"Info","Arena",3,"Enter_Zone",1
2163.006,"Info","Arena",5,"Exit_Zone",1
2163.006,"Info","Arena",5,"Enter_Zone",4
2163.507,"Info","Arena",5,"Exit_Zone",4
2163.507,"Info","Arena",5,"Enter_Zone",2
2164.699,"Info","Arena",1,"Exit_Zone",2
2164.699,"Info","Arena",1,"Enter_Zone",4
2165.111,"Info","Arena",1,"Exit_Zone",4
2165.111,"Info","Arena",1,"Enter_Zone",2
2165.496,"Info","Arena",7,"Exit_Zone",1
2165.496,"Info","Arena",7,"Enter_Zone",4
2165.773,"Info","Arena",6,"Exit_Zone",3
2165.773,"Info","Arena",6,"Enter_Zone",4
2166.139,"Info","Arena",7,"Exit_Zone",4
2166.139,"Info","Arena",7,"Enter_Zone",1
2166.440,"Info","Arena",2,"Exit_Zone",3
2166.440,"Info","Arena",2,"Enter_Zone",4
2166.726,"Info","Arena",6,"Exit_Zone",4
2166.726,"Info","Arena",6,"Enter_Zone",1
2166.760,"Info","Arena",6,"Exit_Zone",1
2166.760,"Info","Arena",6,"Enter_Zone",4
2166.798,"Info","Arena",6,"Exit_Zone",4
2166.798,"Info","Arena",6,"Enter_Zone",1
2166.939,"Info","Arena",2,"Exit_Zone",4
2166.939,"Info","Arena",2,"Enter_Zone",2
2168.614,"Info","Arena",1,"Exit_Zone",2
2168.614,"Info","Arena",1,"Enter_Zone",4
2168.838,"Info","Arena",1,"Exit_Zone",4
2168.838,"Info","Arena",1,"Enter_Zone",3
2169.439,"Info","Arena",7,"Exit_Zone",1
2169.439,"Info","Arena",7,"Enter_Zone",4
2169.727,"Info","Arena",5,"Exit_Zone",2
2169.727,"Info","Arena",5,"Enter_Zone",4
2170.081,"Info","Arena",7,"Exit_Zone",4
2170.081,"Info","Arena",7,"Enter_Zone",3
2170.116,"Info","Arena",2,"Exit_Zone",2
2170.116,"Info","Arena",2,"Enter_Zone",4
2170.152,"Info","Arena",2,"Exit_Zone",4
2170.152,"Info","Arena",2,"Enter_Zone",2
2170.232,"Info","Arena",2,"Exit_Zone",2
2170.232,"Info","Arena",2,"Enter_Zone",4
2170.637,"Info","Arena",5,"Exit_Zone",4
2170.637,"Info","Arena",5,"Enter_Zone",1
2170.784,"Info","Arena",1,"Exit_Zone",3
2170.784,"Info","Arena",1,"Enter_Zone",4
2170.897,"Info","Arena",2,"Exit_Zone",4
2170.897,"Info","Arena",2,"Enter_Zone",3
2170.934,"Info","Arena",1,"Exit_Zone",4
2170.934,"Info","Arena",1,"Enter_Zone",2
2170.973,"Info","Arena",7,"Exit_Zone",3
2170.973,"Info","Arena",7,"Enter_Zone",4
2171.284,"Info","Arena",7,"Exit_Zone",4
2171.284,"Info","Arena",7,"Enter_Zone",2
2171.688,"Info","Arena",7,"Exit_Zone",2
2171.688,"Info","Arena",7,"Enter_Zone",1
2171.727,"Info","Arena",7,"Exit_Zone",1
2171.727,"Info","Arena",7,"Enter_Zone",2
2172.269,"Info","Arena",7,"Exit_Zone",2
2172.269,"Info","Arena",7,"Enter_Zone",1
2172.305,"Info","Arena",7,"Exit_Zone",1
2172.305,"Info","Arena",7,"Enter_Zone",2
2172.409,"Info","Arena",7,"Exit_Zone",2
2172.409,"Info","Arena",7,"Enter_Zone",1
2172.445,"Info","Arena",7,"Exit_Zone",1
2172.445,"Info","Arena",7,"Enter_Zone",2
2172.584,"Info","Arena",3,"Exit_Zone",1
2172.584,"Info","Arena",3,"Enter_Zone",4
2172.967,"Info","Arena",7,"Exit_Zone",2
2172.967,"Info","Arena",7,"Enter_Zone",1
2173.070,"Info","Arena",3,"Exit_Zone",4
2173.070,"Info","Arena",3,"Enter_Zone",2
2173.144,"Info","Arena",7,"Exit_Zone",1
2173.144,"Info","Arena",7,"Enter_Zone",2
2173.576,"Info","Arena",7,"Exit_Zone",2
2173.576,"Info","Arena",7,"Enter_Zone",1
2173.645,"Info","Arena",6,"Exit_Zone",1
2173.645,"Info","Arena",6,"Enter_Zone",4
2173.787,"Info","Arena",7,"Exit_Zone",1
2173.787,"Info","Arena",7,"Enter_Zone",2
2173.824,"Info","Arena",7,"Exit_Zone",2
2173.824,"Info","Arena",7,"Enter_Zone",1
2173.968,"Info","Arena",7,"Exit_Zone",1
2173.968,"Info","Arena",7,"Enter_Zone",2
2174.289,"Info","Arena",7,"Exit_Zone",2
2174.289,"Info","Arena",7,"Enter_Zone",1
2174.352,"Info","Arena",7,"Exit_Zone",1
2174.352,"Info","Arena",7,"Enter_Zone",2
2174.384,"Info","Arena",7,"Exit_Zone",2
2174.384,"Info","Arena",7,"Enter_Zone",1
2174.447,"Info","Arena",7,"Exit_Zone",1
2174.447,"Info","Arena",7,"Enter_Zone",2
2175.380,"Info","Arena",6,"Exit_Zone",4
2175.380,"Info","Arena",6,"Enter_Zone",3
2175.415,"Info","Arena",7,"Exit_Zone",2
2175.415,"Info","Arena",7,"Enter_Zone",4
2175.737,"Info","Arena",7,"Exit_Zone",4
2175.737,"Info","Arena",7,"Enter_Zone",1
2176.386,"Info","Arena",2,"Exit_Zone",3
2176.386,"Info","Arena",2,"Enter_Zone",4
2176.888,"Info","Arena",2,"Exit_Zone",4
2176.888,"Info","Arena",2,"Enter_Zone",2
2177.733,"Info","Arena",7,"Exit_Zone",1
2177.733,"Info","Arena",7,"Enter_Zone",4
2177.844,"Info","Arena",1,"Exit_Zone",2
2177.844,"Info","Arena",1,"Enter_Zone",4
2178.032,"Info","Arena",1,"Exit_Zone",4
2178.032,"Info","Arena",1,"Enter_Zone",3
2178.227,"Info","Arena",7,"Exit_Zone",4
2178.227,"Info","Arena",7,"Enter_Zone",2
2178.297,"Info","Arena",7,"Exit_Zone",2
2178.297,"Info","Arena",7,"Enter_Zone",4
2178.470,"Info","Arena",7,"Exit_Zone",4
2178.470,"Info","Arena",7,"Enter_Zone",3
2178.608,"Info","Arena",2,"Exit_Zone",2
2178.608,"Info","Arena",2,"Enter_Zone",3
2178.711,"Info","Arena",2,"Exit_Zone",3
2178.711,"Info","Arena",2,"Enter_Zone",2
2179.489,"Info","Arena",5,"Exit_Zone",1
2179.489,"Info","Arena",5,"Enter_Zone",4
2179.635,"Info","Arena",5,"Exit_Zone",4
2179.635,"Info","Arena",5,"Enter_Zone",2
2179.776,"Info","Arena",8,"Exit_Zone",3
2179.776,"Info","Arena",8,"Enter_Zone",4
2179.919,"Info","Arena",2,"Exit_Zone",2
2179.919,"Info","Arena",2,"Enter_Zone",3
2180.317,"Info","Arena",8,"Exit_Zone",4
2180.317,"Info","Arena",8,"Enter_Zone",3
2180.354,"Info","Arena",5,"Exit_Zone",2
2180.354,"Info","Arena",5,"Enter_Zone",4
2180.501,"Info","Arena",2,"Exit_Zone",3
2180.501,"Info","Arena",2,"Enter_Zone",2
2180.692,"Info","Arena",1,"Exit_Zone",3
2180.692,"Info","Arena",1,"Enter_Zone",4
2180.692,"Info","Arena",5,"Exit_Zone",4
2180.692,"Info","Arena",5,"Enter_Zone",3
2180.807,"Info","Arena",1,"Exit_Zone",4
2180.807,"Info","Arena",1,"Enter_Zone",2
2181.281,"Info","Arena",7,"Exit_Zone",3
2181.281,"Info","Arena",7,"Enter_Zone",4
2181.493,"Info","Arena",7,"Exit_Zone",4
2181.493,"Info","Arena",7,"Enter_Zone",2
2181.883,"Info","Arena",4,"Exit_Zone",3
2181.883,"Info","Arena",4,"Enter_Zone",4
2181.985,"Info","Arena",2,"Exit_Zone",2
2181.985,"Info","Arena",2,"Enter_Zone",4
2182.130,"Info","Arena",6,"Exit_Zone",3
2182.130,"Info","Arena",6,"Enter_Zone",4
2182.713,"Info","Arena",2,"Exit_Zone",4
2182.713,"Info","Arena",2,"Enter_Zone",1
2182.816,"Info","Arena",4,"Exit_Zone",4
2182.816,"Info","Arena",4,"Enter_Zone",2
2183.026,"Info","Arena",6,"Exit_Zone",4
2183.026,"Info","Arena",6,"Enter_Zone",1
2183.347,"Info","Arena",7,"Exit_Zone",2
2183.347,"Info","Arena",7,"Enter_Zone",1
2183.383,"Info","Arena",7,"Exit_Zone",1
2183.383,"Info","Arena",7,"Enter_Zone",2
2183.621,"Info","Arena",7,"Exit_Zone",2
2183.621,"Info","Arena",7,"Enter_Zone",1
2183.688,"Info","Arena",7,"Exit_Zone",1
2183.688,"Info","Arena",7,"Enter_Zone",2
2183.762,"Info","Arena",1,"Exit_Zone",2
2183.762,"Info","Arena",1,"Enter_Zone",4
2183.835,"Info","Arena",1,"Exit_Zone",4
2183.835,"Info","Arena",1,"Enter_Zone",3
2183.835,"Info","Arena",2,"Exit_Zone",1
2183.835,"Info","Arena",2,"Enter_Zone",3
2184.037,"Info","Arena",2,"Exit_Zone",3
2184.037,"Info","Arena",2,"Enter_Zone",1
2184.143,"Info","Arena",2,"Exit_Zone",1
2184.143,"Info","Arena",2,"Enter_Zone",3
2184.178,"Info","Arena",2,"Exit_Zone",3
2184.178,"Info","Arena",2,"Enter_Zone",1
2184.222,"Info","Arena",2,"Exit_Zone",1
2184.222,"Info","Arena",2,"Enter_Zone",3
2184.253,"Info","Arena",2,"Exit_Zone",3
2184.253,"Info","Arena",2,"Enter_Zone",1
2184.599,"Info","Arena",7,"Exit_Zone",2
2184.599,"Info","Arena",7,"Enter_Zone",4
2185.041,"Info","Arena",7,"Exit_Zone",4
2185.041,"Info","Arena",7,"Enter_Zone",1
2185.891,"Info","Arena",5,"Exit_Zone",3
2185.891,"Info","Arena",5,"Enter_Zone",4
2186.313,"Info","Arena",2,"Exit_Zone",1
2186.313,"Info","Arena",2,"Enter_Zone",3
2186.677,"Info","Arena",5,"Exit_Zone",4
2186.677,"Info","Arena",5,"Enter_Zone",2
2186.917,"Info","Arena",2,"Exit_Zone",3
2186.917,"Info","Arena",2,"Enter_Zone",1
2186.954,"Info","Arena",2,"Exit_Zone",1
2186.954,"Info","Arena",2,"Enter_Zone",3
2187.018,"Info","Arena",2,"Exit_Zone",3
2187.018,"Info","Arena",2,"Enter_Zone",1
2187.586,"Info","Arena",4,"Exit_Zone",2
2187.586,"Info","Arena",4,"Enter_Zone",4
2187.739,"Info","Arena",2,"Exit_Zone",1
2187.739,"Info","Arena",2,"Enter_Zone",4
2188.178,"Info","Arena",4,"Exit_Zone",4
2188.178,"Info","Arena",4,"Enter_Zone",3
2188.536,"Info","Arena",6,"Exit_Zone",1
2188.536,"Info","Arena",6,"Enter_Zone",4
2188.676,"Info","Arena",2,"Exit_Zone",4
2188.676,"Info","Arena",2,"Enter_Zone",3
2188.676,"Info","Arena",7,"Exit_Zone",1
2188.676,"Info","Arena",7,"Enter_Zone",4
2189.203,"Info","Arena",1,"Exit_Zone",3
2189.203,"Info","Arena",1,"Enter_Zone",2
2189.282,"Info","Arena",1,"Exit_Zone",2
2189.282,"Info","Arena",1,"Enter_Zone",3
2189.423,"Info","Arena",7,"Exit_Zone",4
2189.423,"Info","Arena",7,"Enter_Zone",3
2189.636,"Info","Arena",6,"Exit_Zone",4
2189.636,"Info","Arena",6,"Enter_Zone",2
2190.309,"Info","Arena",4,"Exit_Zone",3
2190.309,"Info","Arena",4,"Enter_Zone",4
2190.932,"Info","Arena",8,"Exit_Zone",3
2190.932,"Info","Arena",8,"Enter_Zone",4
2191.254,"Info","Arena",8,"Exit_Zone",4
2191.254,"Info","Arena",8,"Enter_Zone",1
2191.766,"Info","Arena",7,"Exit_Zone",3
2191.766,"Info","Arena",7,"Enter_Zone",1
2191.956,"Info","Arena",7,"Exit_Zone",1
2191.956,"Info","Arena",7,"Enter_Zone",3
2192.320,"Info","Arena",1,"Exit_Zone",3
2192.320,"Info","Arena",1,"Enter_Zone",2
2192.539,"Info","Arena",1,"Exit_Zone",2
2192.539,"Info","Arena",1,"Enter_Zone",3
2192.570,"Info","Arena",7,"Exit_Zone",3
2192.570,"Info","Arena",7,"Enter_Zone",4
2192.978,"Info","Arena",1,"Exit_Zone",3
2192.978,"Info","Arena",1,"Enter_Zone",4
2193.278,"Info","Arena",1,"Exit_Zone",4
2193.278,"Info","Arena",1,"Enter_Zone",1
2193.278,"Info","Arena",7,"Exit_Zone",4
2193.278,"Info","Arena",7,"Enter_Zone",2
2193.526,"Info","Arena",7,"Exit_Zone",2
2193.526,"Info","Arena",7,"Enter_Zone",1
2193.558,"Info","Arena",7,"Exit_Zone",1
2193.558,"Info","Arena",7,"Enter_Zone",2
2193.875,"Info","Arena",2,"Exit_Zone",3
2193.875,"Info","Arena",2,"Enter_Zone",4
2194.448,"Info","Arena",2,"Exit_Zone",4
2194.448,"Info","Arena",2,"Enter_Zone",2
2194.648,"Info","Arena",8,"Exit_Zone",1
2194.648,"Info","Arena",8,"Enter_Zone",4
2194.801,"Info","Arena",1,"Exit_Zone",1
2194.801,"Info","Arena",1,"Enter_Zone",4
2194.959,"Info","Arena",1,"Exit_Zone",4
2194.959,"Info","Arena",1,"Enter_Zone",3
2195.599,"Info","Arena",8,"Exit_Zone",4
2195.599,"Info","Arena",8,"Enter_Zone",3
2195.714,"Info","Arena",5,"Exit_Zone",2
2195.714,"Info","Arena",5,"Enter_Zone",4
2195.791,"Info","Arena",7,"Exit_Zone",2
2195.791,"Info","Arena",7,"Enter_Zone",4
2195.869,"Info","Arena",6,"Exit_Zone",2
2195.869,"Info","Arena",6,"Enter_Zone",4
2196.095,"Info","Arena",7,"Exit_Zone",4
2196.095,"Info","Arena",7,"Enter_Zone",1
2196.167,"Info","Arena",4,"Exit_Zone",4
2196.167,"Info","Arena",4,"Enter_Zone",3
2196.167,"Info","Arena",5,"Exit_Zone",4
2196.167,"Info","Arena",5,"Enter_Zone",3
2196.254,"Info","Arena",4,"Exit_Zone",3
2196.254,"Info","Arena",4,"Enter_Zone",4
2196.326,"Info","Arena",4,"Exit_Zone",4
2196.326,"Info","Arena",4,"Enter_Zone",3
2196.727,"Info","Arena",1,"Exit_Zone",3
2196.727,"Info","Arena",1,"Enter_Zone",2
2196.829,"Info","Arena",1,"Exit_Zone",2
2196.829,"Info","Arena",1,"Enter_Zone",3
2197.426,"Info","Arena",6,"Exit_Zone",4
2197.426,"Info","Arena",6,"Enter_Zone",1
2197.498,"Info","Arena",2,"Exit_Zone",2
2197.498,"Info","Arena",2,"Enter_Zone",4
2198.364,"Info","Arena",1,"Exit_Zone",3
2198.364,"Info","Arena",1,"Enter_Zone",2
2198.439,"Info","Arena",1,"Exit_Zone",2
2198.439,"Info","Arena",1,"Enter_Zone",3
2198.550,"Info","Arena",1,"Exit_Zone",3
2198.550,"Info","Arena",1,"Enter_Zone",4
2198.589,"Info","Arena",1,"Exit_Zone",4
2198.589,"Info","Arena",1,"Enter_Zone",2
2198.733,"Info","Arena",1,"Exit_Zone",2
2198.733,"Info","Arena",1,"Enter_Zone",3
2198.986,"Info","Arena",8,"Exit_Zone",3
2198.986,"Info","Arena",8,"Enter_Zone",4
2199.056,"Info","Arena",2,"Exit_Zone",4
2199.056,"Info","Arena",2,"Enter_Zone",1
2199.250,"Info","Arena",8,"Exit_Zone",4
2199.250,"Info","Arena",8,"Enter_Zone",1
2200.004,"Info","Arena",2,"Exit_Zone",1
2200.004,"Info","Arena",2,"Enter_Zone",3
2200.143,"Info","Arena",2,"Exit_Zone",3
2200.143,"Info","Arena",2,"Enter_Zone",1
2200.731,"Info","Arena",7,"Exit_Zone",1
2200.731,"Info","Arena",7,"Enter_Zone",4
2201.498,"Info","Arena",7,"Exit_Zone",4
2201.498,"Info","Arena",7,"Enter_Zone",1
2202.484,"Info","Arena",5,"Exit_Zone",3
2202.484,"Info","Arena",5,"Enter_Zone",4
2202.586,"Info","Arena",2,"Exit_Zone",1
2202.586,"Info","Arena",2,"Enter_Zone",4
2203.086,"Info","Arena",5,"Exit_Zone",4
2203.086,"Info","Arena",5,"Enter_Zone",2
2203.430,"Info","Arena",8,"Exit_Zone",1
2203.430,"Info","Arena",8,"Enter_Zone",4
2203.752,"Info","Arena",2,"Exit_Zone",4
2203.752,"Info","Arena",2,"Enter_Zone",3
2203.863,"Info","Arena",8,"Exit_Zone",4
2203.863,"Info","Arena",8,"Enter_Zone",3
2204.535,"Info","Arena",8,"Exit_Zone",3
2204.535,"Info","Arena",8,"Enter_Zone",4
2204.846,"Info","Arena",8,"Exit_Zone",4
2204.846,"Info","Arena",8,"Enter_Zone",1
2204.879,"Info","Arena",6,"Exit_Zone",1
2204.879,"Info","Arena",6,"Enter_Zone",4
2205.737,"Info","Arena",6,"Exit_Zone",4
2205.737,"Info","Arena",6,"Enter_Zone",3
2206.461,"Info","Arena",7,"Exit_Zone",1
2206.461,"Info","Arena",7,"Enter_Zone",4
2206.624,"Info","Arena",4,"Exit_Zone",3
2206.624,"Info","Arena",4,"Enter_Zone",4
2207.192,"Info","Arena",7,"Exit_Zone",4
2207.192,"Info","Arena",7,"Enter_Zone",1
2208.391,"Info","Arena",4,"Exit_Zone",4
2208.391,"Info","Arena",4,"Enter_Zone",2
2208.391,"Info","Arena",8,"Exit_Zone",1
2208.391,"Info","Arena",8,"Enter_Zone",4
2208.427,"Info","Arena",2,"Exit_Zone",3
2208.427,"Info","Arena",2,"Enter_Zone",4
2208.804,"Info","Arena",8,"Exit_Zone",4
2208.804,"Info","Arena",8,"Enter_Zone",3
2209.185,"Info","Arena",2,"Exit_Zone",4
2209.185,"Info","Arena",2,"Enter_Zone",2
2210.027,"Info","Arena",3,"Exit_Zone",2
2210.027,"Info","Arena",3,"Enter_Zone",4
2210.061,"Info","Arena",5,"Exit_Zone",2
2210.061,"Info","Arena",5,"Enter_Zone",4
2210.129,"Info","Arena",5,"Exit_Zone",4
2210.129,"Info","Arena",5,"Enter_Zone",2
2210.161,"Info","Arena",5,"Exit_Zone",2
2210.161,"Info","Arena",5,"Enter_Zone",4
2210.690,"Info","Arena",5,"Exit_Zone",4
2210.690,"Info","Arena",5,"Enter_Zone",1
2210.722,"Info","Arena",3,"Exit_Zone",4
2210.722,"Info","Arena",3,"Enter_Zone",1
2210.855,"Info","Arena",6,"Exit_Zone",3
2210.855,"Info","Arena",6,"Enter_Zone",4
2210.924,"Info","Arena",4,"Exit_Zone",2
2210.924,"Info","Arena",4,"Enter_Zone",4
2211.341,"Info","Arena",3,"Exit_Zone",1
2211.341,"Info","Arena",3,"Enter_Zone",4
2211.407,"Info","Arena",3,"Exit_Zone",4
2211.407,"Info","Arena",3,"Enter_Zone",3
2212.222,"Info","Arena",6,"Exit_Zone",4
2212.222,"Info","Arena",6,"Enter_Zone",1
2213.195,"Info","Arena",8,"Exit_Zone",3
2213.195,"Info","Arena",8,"Enter_Zone",4
2213.240,"Info","Arena",2,"Exit_Zone",2
2213.240,"Info","Arena",2,"Enter_Zone",3
2213.480,"Info","Arena",2,"Exit_Zone",3
2213.480,"Info","Arena",2,"Enter_Zone",2
2213.761,"Info","Arena",7,"Exit_Zone",1
2213.761,"Info","Arena",7,"Enter_Zone",4
2213.834,"Info","Arena",7,"Exit_Zone",4
2213.834,"Info","Arena",7,"Enter_Zone",2
2213.904,"Info","Arena",8,"Exit_Zone",4
2213.904,"Info","Arena",8,"Enter_Zone",2
2214.007,"Info","Arena",1,"Exit_Zone",3
2214.007,"Info","Arena",1,"Enter_Zone",2
2214.077,"Info","Arena",1,"Exit_Zone",2
2214.077,"Info","Arena",1,"Enter_Zone",3
2214.260,"Info","Arena",8,"Exit_Zone",2
2214.260,"Info","Arena",8,"Enter_Zone",4
2214.330,"Info","Arena",7,"Exit_Zone",2
2214.330,"Info","Arena",7,"Enter_Zone",1
2214.555,"Info","Arena",7,"Exit_Zone",1
2214.555,"Info","Arena",7,"Enter_Zone",2
2214.716,"Info","Arena",8,"Exit_Zone",4
2214.716,"Info","Arena",8,"Enter_Zone",1
2214.940,"Info","Arena",4,"Exit_Zone",4
2214.940,"Info","Arena",4,"Enter_Zone",3
2215.504,"Info","Arena",1,"Exit_Zone",3
2215.504,"Info","Arena",1,"Enter_Zone",2
2215.504,"Info","Arena",2,"Exit_Zone",2
2215.504,"Info","Arena",2,"Enter_Zone",3
2215.567,"Info","Arena",1,"Exit_Zone",2
2215.567,"Info","Arena",1,"Enter_Zone",3
2215.883,"Info","Arena",2,"Exit_Zone",3
2215.883,"Info","Arena",2,"Enter_Zone",2
2215.917,"Info","Arena",7,"Exit_Zone",2
2215.917,"Info","Arena",7,"Enter_Zone",1
2216.050,"Info","Arena",1,"Exit_Zone",3
2216.050,"Info","Arena",1,"Enter_Zone",4
2216.084,"Info","Arena",3,"Exit_Zone",3
2216.084,"Info","Arena",3,"Enter_Zone",4
2216.151,"Info","Arena",7,"Exit_Zone",1
2216.151,"Info","Arena",7,"Enter_Zone",2
2216.300,"Info","Arena",1,"Exit_Zone",4
2216.300,"Info","Arena",1,"Enter_Zone",1
2216.470,"Info","Arena",3,"Exit_Zone",4
2216.470,"Info","Arena",3,"Enter_Zone",1
2216.748,"Info","Arena",7,"Exit_Zone",2
2216.748,"Info","Arena",7,"Enter_Zone",4
2217.058,"Info","Arena",7,"Exit_Zone",4
2217.058,"Info","Arena",7,"Enter_Zone",1
2217.950,"Info","Arena",1,"Exit_Zone",1
2217.950,"Info","Arena",1,"Enter_Zone",4
2217.983,"Info","Arena",6,"Exit_Zone",1
2217.983,"Info","Arena",6,"Enter_Zone",4
2218.051,"Info","Arena",6,"Exit_Zone",4
2218.051,"Info","Arena",6,"Enter_Zone",1
2218.087,"Info","Arena",1,"Exit_Zone",4
2218.087,"Info","Arena",1,"Enter_Zone",3
2218.589,"Info","Arena",3,"Exit_Zone",1
2218.589,"Info","Arena",3,"Enter_Zone",4
2218.659,"Info","Arena",3,"Exit_Zone",4
2218.659,"Info","Arena",3,"Enter_Zone",3
2219.468,"Info","Arena",8,"Exit_Zone",1
2219.468,"Info","Arena",8,"Enter_Zone",4
2220.200,"Info","Arena",5,"Exit_Zone",1
2220.200,"Info","Arena",5,"Enter_Zone",4
2220.757,"Info","Arena",7,"Exit_Zone",1
2220.757,"Info","Arena",7,"Enter_Zone",4
2220.790,"Info","Arena",8,"Exit_Zone",4
2220.790,"Info","Arena",8,"Enter_Zone",2
2221.686,"Info","Arena",7,"Exit_Zone",4
2221.686,"Info","Arena",7,"Enter_Zone",3
2221.993,"Info","Arena",5,"Exit_Zone",4
2221.993,"Info","Arena",5,"Enter_Zone",3
2222.406,"Info","Arena",7,"Exit_Zone",3
2222.406,"Info","Arena",7,"Enter_Zone",1
2222.817,"Info","Arena",7,"Exit_Zone",1
2222.817,"Info","Arena",7,"Enter_Zone",3
2223.147,"Info","Arena",2,"Exit_Zone",2
2223.147,"Info","Arena",2,"Enter_Zone",3
2223.504,"Info","Arena",1,"Exit_Zone",3
2223.504,"Info","Arena",1,"Enter_Zone",2
2223.504,"Info","Arena",7,"Exit_Zone",3
2223.504,"Info","Arena",7,"Enter_Zone",1
2223.628,"Info","Arena",2,"Exit_Zone",3
2223.628,"Info","Arena",2,"Enter_Zone",2
2223.691,"Info","Arena",2,"Exit_Zone",2
2223.691,"Info","Arena",2,"Enter_Zone",3
2223.751,"Info","Arena",1,"Exit_Zone",2
2223.751,"Info","Arena",1,"Enter_Zone",3
2223.907,"Info","Arena",7,"Exit_Zone",1
2223.907,"Info","Arena",7,"Enter_Zone",3
2224.083,"Info","Arena",2,"Exit_Zone",3
2224.083,"Info","Arena",2,"Enter_Zone",2
2224.117,"Info","Arena",2,"Exit_Zone",2
2224.117,"Info","Arena",2,"Enter_Zone",3
2224.269,"Info","Arena",2,"Exit_Zone",3
2224.269,"Info","Arena",2,"Enter_Zone",2
2224.722,"Info","Arena",7,"Exit_Zone",3
2224.722,"Info","Arena",7,"Enter_Zone",4
2225.149,"Info","Arena",8,"Exit_Zone",2
2225.149,"Info","Arena",8,"Enter_Zone",4
2225.184,"Info","Arena",5,"Exit_Zone",3
2225.184,"Info","Arena",5,"Enter_Zone",4
2225.374,"Info","Arena",5,"Exit_Zone",4
2225.374,"Info","Arena",5,"Enter_Zone",1
2225.514,"Info","Arena",7,"Exit_Zone",4
2225.514,"Info","Arena",7,"Enter_Zone",1
2226.313,"Info","Arena",8,"Exit_Zone",4
2226.313,"Info","Arena",8,"Enter_Zone",1
2226.748,"Info","Arena",2,"Exit_Zone",2
2226.748,"Info","Arena",2,"Enter_Zone",3
2227.715,"Info","Arena",2,"Exit_Zone",3
2227.715,"Info","Arena",2,"Enter_Zone",2
2229.407,"Info","Arena",7,"Exit_Zone",1
2229.407,"Info","Arena",7,"Enter_Zone",4
2229.443,"Info","Arena",2,"Exit_Zone",2
2229.443,"Info","Arena",2,"Enter_Zone",4
2229.476,"Info","Arena",5,"Exit_Zone",1
2229.476,"Info","Arena",5,"Enter_Zone",4
2229.717,"Info","Arena",5,"Exit_Zone",4
2229.717,"Info","Arena",5,"Enter_Zone",2
2230.333,"Info","Arena",5,"Exit_Zone",2
2230.333,"Info","Arena",5,"Enter_Zone",4
2230.543,"Info","Arena",7,"Exit_Zone",4
2230.543,"Info","Arena",7,"Enter_Zone",1
2230.612,"Info","Arena",2,"Exit_Zone",4
2230.612,"Info","Arena",2,"Enter_Zone",1
2230.994,"Info","Arena",5,"Exit_Zone",4
2230.994,"Info","Arena",5,"Enter_Zone",3
2231.286,"Info","Arena",8,"Exit_Zone",1
2231.286,"Info","Arena",8,"Enter_Zone",4
2231.498,"Info","Arena",1,"Exit_Zone",3
2231.498,"Info","Arena",1,"Enter_Zone",4
2231.705,"Info","Arena",1,"Exit_Zone",4
2231.705,"Info","Arena",1,"Enter_Zone",1
2234.105,"Info","Arena",1,"Exit_Zone",1
2234.105,"Info","Arena",1,"Enter_Zone",4
2234.140,"Info","Arena",7,"Exit_Zone",1
2234.140,"Info","Arena",7,"Enter_Zone",4
2234.394,"Info","Arena",1,"Exit_Zone",4
2234.394,"Info","Arena",1,"Enter_Zone",3
2235.065,"Info","Arena",7,"Exit_Zone",4
2235.065,"Info","Arena",7,"Enter_Zone",3
2235.353,"Info","Arena",2,"Exit_Zone",1
2235.353,"Info","Arena",2,"Enter_Zone",3
2235.453,"Info","Arena",2,"Exit_Zone",3
2235.453,"Info","Arena",2,"Enter_Zone",1
2235.453,"Info","Arena",7,"Exit_Zone",3
2235.453,"Info","Arena",7,"Enter_Zone",1
2235.486,"Info","Arena",2,"Exit_Zone",1
2235.486,"Info","Arena",2,"Enter_Zone",3
2235.551,"Info","Arena",2,"Exit_Zone",3
2235.551,"Info","Arena",2,"Enter_Zone",1
2235.583,"Info","Arena",8,"Exit_Zone",4
2235.583,"Info","Arena",8,"Enter_Zone",2
2235.648,"Info","Arena",7,"Exit_Zone",1
2235.648,"Info","Arena",7,"Enter_Zone",3
2237.150,"Info","Arena",2,"Exit_Zone",1
2237.150,"Info","Arena",2,"Enter_Zone",4
2237.186,"Info","Arena",2,"Exit_Zone",4
2237.186,"Info","Arena",2,"Enter_Zone",1
2237.186,"Info","Arena",7,"Exit_Zone",3
2237.186,"Info","Arena",7,"Enter_Zone",1
2237.228,"Info","Arena",2,"Exit_Zone",1
2237.228,"Info","Arena",2,"Enter_Zone",4
2237.262,"Info","Arena",2,"Exit_Zone",4
2237.262,"Info","Arena",2,"Enter_Zone",1
2237.262,"Info","Arena",7,"Exit_Zone",1
2237.262,"Info","Arena",7,"Enter_Zone",3
2237.505,"Info","Arena",2,"Exit_Zone",1
2237.505,"Info","Arena",2,"Enter_Zone",4
2237.505,"Info","Arena",5,"Exit_Zone",3
2237.505,"Info","Arena",5,"Enter_Zone",4
2237.817,"Info","Arena",6,"Exit_Zone",1
2237.817,"Info","Arena",6,"Enter_Zone",2
2237.849,"Info","Arena",6,"Exit_Zone",2
2237.849,"Info","Arena",6,"Enter_Zone",1
2238.058,"Info","Arena",5,"Exit_Zone",4
2238.058,"Info","Arena",5,"Enter_Zone",2
2238.058,"Info","Arena",7,"Exit_Zone",3
2238.058,"Info","Arena",7,"Enter_Zone",4
2238.585,"Info","Arena",7,"Exit_Zone",4
2238.585,"Info","Arena",7,"Enter_Zone",2
2239.291,"Info","Arena",3,"Exit_Zone",3
2239.291,"Info","Arena",3,"Enter_Zone",4
2239.362,"Info","Arena",2,"Exit_Zone",4
2239.362,"Info","Arena",2,"Enter_Zone",3
2239.572,"Info","Arena",7,"Exit_Zone",2
2239.572,"Info","Arena",7,"Enter_Zone",1
2239.642,"Info","Arena",7,"Exit_Zone",1
2239.642,"Info","Arena",7,"Enter_Zone",2
2239.961,"Info","Arena",3,"Exit_Zone",4
2239.961,"Info","Arena",3,"Enter_Zone",1
2240.067,"Info","Arena",6,"Exit_Zone",1
2240.067,"Info","Arena",6,"Enter_Zone",4
2240.067,"Info","Arena",7,"Exit_Zone",2
2240.067,"Info","Arena",7,"Enter_Zone",1
2240.219,"Info","Arena",7,"Exit_Zone",1
2240.219,"Info","Arena",7,"Enter_Zone",2
2240.323,"Info","Arena",7,"Exit_Zone",2
2240.323,"Info","Arena",7,"Enter_Zone",1
2240.392,"Info","Arena",7,"Exit_Zone",1
2240.392,"Info","Arena",7,"Enter_Zone",2
2240.392,"Info","Arena",8,"Exit_Zone",2
2240.392,"Info","Arena",8,"Enter_Zone",4
2240.427,"Info","Arena",7,"Exit_Zone",2
2240.427,"Info","Arena",7,"Enter_Zone",1
2240.661,"Info","Arena",6,"Exit_Zone",4
2240.661,"Info","Arena",6,"Enter_Zone",2
2240.698,"Info","Arena",7,"Exit_Zone",1
2240.698,"Info","Arena",7,"Enter_Zone",2
2240.869,"Info","Arena",7,"Exit_Zone",2
2240.869,"Info","Arena",7,"Enter_Zone",1
2240.937,"Info","Arena",7,"Exit_Zone",1
2240.937,"Info","Arena",7,"Enter_Zone",2
2241.376,"Info","Arena",7,"Exit_Zone",2
2241.376,"Info","Arena",7,"Enter_Zone",1
2241.442,"Info","Arena",8,"Exit_Zone",4
2241.442,"Info","Arena",8,"Enter_Zone",1
2241.473,"Info","Arena",7,"Exit_Zone",1
2241.473,"Info","Arena",7,"Enter_Zone",2
2241.707,"Info","Arena",7,"Exit_Zone",2
2241.707,"Info","Arena",7,"Enter_Zone",1
2241.928,"Info","Arena",7,"Exit_Zone",1
2241.928,"Info","Arena",7,"Enter_Zone",2
2242.537,"Info","Arena",7,"Exit_Zone",2
2242.537,"Info","Arena",7,"Enter_Zone",4
2242.999,"Info","Arena",7,"Exit_Zone",4
2242.999,"Info","Arena",7,"Enter_Zone",1
2243.807,"Info","Arena",1,"Exit_Zone",3
2243.807,"Info","Arena",1,"Enter_Zone",4
2244.036,"Info","Arena",1,"Exit_Zone",4
2244.036,"Info","Arena",1,"Enter_Zone",1
2244.381,"Info","Arena",6,"Exit_Zone",2
2244.381,"Info","Arena",6,"Enter_Zone",4
2245.062,"Info","Arena",6,"Exit_Zone",4
2245.062,"Info","Arena",6,"Enter_Zone",1
2245.336,"Info","Arena",7,"Exit_Zone",1
2245.336,"Info","Arena",7,"Enter_Zone",4
2245.374,"Info","Arena",1,"Exit_Zone",1
2245.374,"Info","Arena",1,"Enter_Zone",4
2245.606,"Info","Arena",1,"Exit_Zone",4
2245.606,"Info","Arena",1,"Enter_Zone",3
2245.606,"Info","Arena",5,"Exit_Zone",2
2245.606,"Info","Arena",5,"Enter_Zone",4
2245.873,"Info","Arena",4,"Exit_Zone",3
2245.873,"Info","Arena",4,"Enter_Zone",4
2245.873,"Info","Arena",5,"Exit_Zone",4
2245.873,"Info","Arena",5,"Enter_Zone",1
2245.943,"Info","Arena",7,"Exit_Zone",4
2245.943,"Info","Arena",7,"Enter_Zone",3
2246.343,"Info","Arena",2,"Exit_Zone",3
2246.343,"Info","Arena",2,"Enter_Zone",4
2247.021,"Info","Arena",7,"Exit_Zone",3
2247.021,"Info","Arena",7,"Enter_Zone",1
2247.089,"Info","Arena",7,"Exit_Zone",1
2247.089,"Info","Arena",7,"Enter_Zone",3
2247.723,"Info","Arena",2,"Exit_Zone",4
2247.723,"Info","Arena",2,"Enter_Zone",3
2247.820,"Info","Arena",2,"Exit_Zone",3
2247.820,"Info","Arena",2,"Enter_Zone",4
2248.085,"Info","Arena",2,"Exit_Zone",4
2248.085,"Info","Arena",2,"Enter_Zone",2
2248.676,"Info","Arena",7,"Exit_Zone",3
2248.676,"Info","Arena",7,"Enter_Zone",1
2248.818,"Info","Arena",7,"Exit_Zone",1
2248.818,"Info","Arena",7,"Enter_Zone",3
2249.228,"Info","Arena",6,"Exit_Zone",1
2249.228,"Info","Arena",6,"Enter_Zone",4
2249.264,"Info","Arena",8,"Exit_Zone",1
2249.264,"Info","Arena",8,"Enter_Zone",4
2249.524,"Info","Arena",4,"Exit_Zone",4
2249.524,"Info","Arena",4,"Enter_Zone",2
2249.562,"Info","Arena",7,"Exit_Zone",3
2249.562,"Info","Arena",7,"Enter_Zone",4
2249.864,"Info","Arena",8,"Exit_Zone",4
2249.864,"Info","Arena",8,"Enter_Zone",3
2250.195,"Info","Arena",7,"Exit_Zone",4
2250.195,"Info","Arena",7,"Enter_Zone",2
2250.619,"Info","Arena",6,"Exit_Zone",4
2250.619,"Info","Arena",6,"Enter_Zone",3
2250.960,"Info","Arena",5,"Exit_Zone",1
2250.960,"Info","Arena",5,"Enter_Zone",4
2251.268,"Info","Arena",5,"Exit_Zone",4
2251.268,"Info","Arena",5,"Enter_Zone",2
2251.561,"Info","Arena",2,"Exit_Zone",2
2251.561,"Info","Arena",2,"Enter_Zone",3
2251.630,"Info","Arena",8,"Exit_Zone",3
2251.630,"Info","Arena",8,"Enter_Zone",4
2251.737,"Info","Arena",2,"Exit_Zone",3
2251.737,"Info","Arena",2,"Enter_Zone",2
2251.879,"Info","Arena",1,"Exit_Zone",3
2251.879,"Info","Arena",1,"Enter_Zone",4
2252.090,"Info","Arena",1,"Exit_Zone",4
2252.090,"Info","Arena",1,"Enter_Zone",1
2252.637,"Info","Arena",2,"Exit_Zone",2
2252.637,"Info","Arena",2,"Enter_Zone",3
2252.705,"Info","Arena",1,"Exit_Zone",1
2252.705,"Info","Arena",1,"Enter_Zone",2
2252.736,"Info","Arena",8,"Exit_Zone",4
2252.736,"Info","Arena",8,"Enter_Zone",2
2252.769,"Info","Arena",2,"Exit_Zone",3
2252.769,"Info","Arena",2,"Enter_Zone",2
2252.834,"Info","Arena",1,"Exit_Zone",2
2252.834,"Info","Arena",1,"Enter_Zone",1
2252.906,"Info","Arena",7,"Exit_Zone",2
2252.906,"Info","Arena",7,"Enter_Zone",1
2252.974,"Info","Arena",7,"Exit_Zone",1
2252.974,"Info","Arena",7,"Enter_Zone",2
2253.143,"Info","Arena",7,"Exit_Zone",2
2253.143,"Info","Arena",7,"Enter_Zone",1
2253.284,"Info","Arena",7,"Exit_Zone",1
2253.284,"Info","Arena",7,"Enter_Zone",2
2253.493,"Info","Arena",1,"Exit_Zone",1
2253.493,"Info","Arena",1,"Enter_Zone",4
2253.815,"Info","Arena",1,"Exit_Zone",4
2253.815,"Info","Arena",1,"Enter_Zone",3
2253.926,"Info","Arena",7,"Exit_Zone",2
2253.926,"Info","Arena",7,"Enter_Zone",4
2254.365,"Info","Arena",7,"Exit_Zone",4
2254.365,"Info","Arena",7,"Enter_Zone",2
2254.505,"Info","Arena",4,"Exit_Zone",2
2254.505,"Info","Arena",4,"Enter_Zone",4
2255.475,"Info","Arena",7,"Exit_Zone",2
2255.475,"Info","Arena",7,"Enter_Zone",1
2255.544,"Info","Arena",7,"Exit_Zone",1
2255.544,"Info","Arena",7,"Enter_Zone",2
2255.614,"Info","Arena",7,"Exit_Zone",2
2255.614,"Info","Arena",7,"Enter_Zone",1
2255.753,"Info","Arena",7,"Exit_Zone",1
2255.753,"Info","Arena",7,"Enter_Zone",2
2255.825,"Info","Arena",7,"Exit_Zone",2
2255.825,"Info","Arena",7,"Enter_Zone",1
2255.860,"Info","Arena",7,"Exit_Zone",1
2255.860,"Info","Arena",7,"Enter_Zone",2
2256.202,"Info","Arena",4,"Exit_Zone",4
2256.202,"Info","Arena",4,"Enter_Zone",3
2256.655,"Info","Arena",2,"Exit_Zone",2
2256.655,"Info","Arena",2,"Enter_Zone",4
2257.223,"Info","Arena",6,"Exit_Zone",3
2257.223,"Info","Arena",6,"Enter_Zone",4
2257.369,"Info","Arena",5,"Exit_Zone",2
2257.369,"Info","Arena",5,"Enter_Zone",4
2257.553,"Info","Arena",2,"Exit_Zone",4
2257.553,"Info","Arena",2,"Enter_Zone",1
2257.588,"Info","Arena",6,"Exit_Zone",4
2257.588,"Info","Arena",6,"Enter_Zone",1
2257.844,"Info","Arena",7,"Exit_Zone",2
2257.844,"Info","Arena",7,"Enter_Zone",4
2257.988,"Info","Arena",5,"Exit_Zone",4
2257.988,"Info","Arena",5,"Enter_Zone",1
2258.427,"Info","Arena",7,"Exit_Zone",4
2258.427,"Info","Arena",7,"Enter_Zone",1
2258.746,"Info","Arena",2,"Exit_Zone",1
2258.746,"Info","Arena",2,"Enter_Zone",3
2258.921,"Info","Arena",2,"Exit_Zone",3
2258.921,"Info","Arena",2,"Enter_Zone",1
2259.095,"Info","Arena",8,"Exit_Zone",2
2259.095,"Info","Arena",8,"Enter_Zone",4
2260.281,"Info","Arena",8,"Exit_Zone",4
2260.281,"Info","Arena",8,"Enter_Zone",3
2261.673,"Info","Arena",2,"Exit_Zone",1
2261.673,"Info","Arena",2,"Enter_Zone",4
2262.635,"Info","Arena",6,"Exit_Zone",1
2262.635,"Info","Arena",6,"Enter_Zone",4
2262.738,"Info","Arena",7,"Exit_Zone",1
2262.738,"Info","Arena",7,"Enter_Zone",4
2263.114,"Info","Arena",2,"Exit_Zone",4
2263.114,"Info","Arena",2,"Enter_Zone",3
2263.150,"Info","Arena",6,"Exit_Zone",4
2263.150,"Info","Arena",6,"Enter_Zone",2
2263.401,"Info","Arena",7,"Exit_Zone",4
2263.401,"Info","Arena",7,"Enter_Zone",3
2263.470,"Info","Arena",7,"Exit_Zone",3
2263.470,"Info","Arena",7,"Enter_Zone",1
2263.504,"Info","Arena",7,"Exit_Zone",1
2263.504,"Info","Arena",7,"Enter_Zone",3
2264.307,"Info","Arena",5,"Exit_Zone",1
2264.307,"Info","Arena",5,"Enter_Zone",4
2264.888,"Info","Arena",1,"Exit_Zone",3
2264.888,"Info","Arena",1,"Enter_Zone",4
2265.059,"Info","Arena",1,"Exit_Zone",4
2265.059,"Info","Arena",1,"Enter_Zone",2
2265.343,"Info","Arena",5,"Exit_Zone",4
2265.343,"Info","Arena",5,"Enter_Zone",3
2265.618,"Info","Arena",8,"Exit_Zone",3
2265.618,"Info","Arena",8,"Enter_Zone",4
2265.688,"Info","Arena",7,"Exit_Zone",3
2265.688,"Info","Arena",7,"Enter_Zone",1
2265.835,"Info","Arena",7,"Exit_Zone",1
2265.835,"Info","Arena",7,"Enter_Zone",3
2266.171,"Info","Arena",7,"Exit_Zone",3
2266.171,"Info","Arena",7,"Enter_Zone",1
2266.206,"Info","Arena",7,"Exit_Zone",1
2266.206,"Info","Arena",7,"Enter_Zone",3
2266.704,"Info","Arena",7,"Exit_Zone",3
2266.704,"Info","Arena",7,"Enter_Zone",4
2266.776,"Info","Arena",1,"Exit_Zone",2
2266.776,"Info","Arena",1,"Enter_Zone",4
2266.994,"Info","Arena",1,"Exit_Zone",4
2266.994,"Info","Arena",1,"Enter_Zone",3
2267.069,"Info","Arena",2,"Exit_Zone",3
2267.069,"Info","Arena",2,"Enter_Zone",4
2267.069,"Info","Arena",7,"Exit_Zone",4
2267.069,"Info","Arena",7,"Enter_Zone",2
2267.104,"Info","Arena",8,"Exit_Zone",4
2267.104,"Info","Arena",8,"Enter_Zone",2
2267.445,"Info","Arena",2,"Exit_Zone",4
2267.445,"Info","Arena",2,"Enter_Zone",2
2267.875,"Info","Arena",7,"Exit_Zone",2
2267.875,"Info","Arena",7,"Enter_Zone",1
2267.943,"Info","Arena",7,"Exit_Zone",1
2267.943,"Info","Arena",7,"Enter_Zone",2
2267.977,"Info","Arena",7,"Exit_Zone",2
2267.977,"Info","Arena",7,"Enter_Zone",1
2268.182,"Info","Arena",7,"Exit_Zone",1
2268.182,"Info","Arena",7,"Enter_Zone",2
2268.333,"Info","Arena",6,"Exit_Zone",2
2268.333,"Info","Arena",6,"Enter_Zone",4
2268.511,"Info","Arena",7,"Exit_Zone",2
2268.511,"Info","Arena",7,"Enter_Zone",1
2268.821,"Info","Arena",2,"Exit_Zone",2
2268.821,"Info","Arena",2,"Enter_Zone",3
2268.821,"Info","Arena",7,"Exit_Zone",1
2268.821,"Info","Arena",7,"Enter_Zone",2
2268.891,"Info","Arena",1,"Exit_Zone",3
2268.891,"Info","Arena",1,"Enter_Zone",4
2268.994,"Info","Arena",1,"Exit_Zone",4
2268.994,"Info","Arena",1,"Enter_Zone",2
2269.198,"Info","Arena",6,"Exit_Zone",4
2269.198,"Info","Arena",6,"Enter_Zone",1
2269.198,"Info","Arena",7,"Exit_Zone",2
2269.198,"Info","Arena",7,"Enter_Zone",1
2269.375,"Info","Arena",2,"Exit_Zone",3
2269.375,"Info","Arena",2,"Enter_Zone",2
2269.477,"Info","Arena",7,"Exit_Zone",1
2269.477,"Info","Arena",7,"Enter_Zone",2
2269.783,"Info","Arena",7,"Exit_Zone",2
2269.783,"Info","Arena",7,"Enter_Zone",1
2269.816,"Info","Arena",7,"Exit_Zone",1
2269.816,"Info","Arena",7,"Enter_Zone",2
2269.884,"Info","Arena",3,"Exit_Zone",1
2269.884,"Info","Arena",3,"Enter_Zone",4
2269.985,"Info","Arena",5,"Exit_Zone",3
2269.985,"Info","Arena",5,"Enter_Zone",4
2270.326,"Info","Arena",5,"Exit_Zone",4
2270.326,"Info","Arena",5,"Enter_Zone",2
2270.360,"Info","Arena",7,"Exit_Zone",2
2270.360,"Info","Arena",7,"Enter_Zone",4
2270.392,"Info","Arena",3,"Exit_Zone",4
2270.392,"Info","Arena",3,"Enter_Zone",2
2270.830,"Info","Arena",7,"Exit_Zone",4
2270.830,"Info","Arena",7,"Enter_Zone",1
2271.316,"Info","Arena",2,"Exit_Zone",2
2271.316,"Info","Arena",2,"Enter_Zone",3
2271.543,"Info","Arena",7,"Exit_Zone",1
2271.543,"Info","Arena",7,"Enter_Zone",4
2271.575,"Info","Arena",2,"Exit_Zone",3
2271.575,"Info","Arena",2,"Enter_Zone",2
2271.644,"Info","Arena",7,"Exit_Zone",4
2271.644,"Info","Arena",7,"Enter_Zone",2
2272.300,"Info","Arena",7,"Exit_Zone",2
2272.300,"Info","Arena",7,"Enter_Zone",1
2272.609,"Info","Arena",4,"Exit_Zone",3
2272.609,"Info","Arena",4,"Enter_Zone",1
2272.609,"Info","Arena",8,"Exit_Zone",2
2272.609,"Info","Arena",8,"Enter_Zone",4
2272.784,"Info","Arena",8,"Exit_Zone",4
2272.784,"Info","Arena",8,"Enter_Zone",2
2272.813,"Info","Arena",8,"Exit_Zone",2
2272.813,"Info","Arena",8,"Enter_Zone",4
2272.846,"Info","Arena",4,"Exit_Zone",1
2272.846,"Info","Arena",4,"Enter_Zone",3
2272.846,"Info","Arena",8,"Exit_Zone",4
2272.846,"Info","Arena",8,"Enter_Zone",2
2272.977,"Info","Arena",4,"Exit_Zone",3
2272.977,"Info","Arena",4,"Enter_Zone",1
2273.044,"Info","Arena",7,"Exit_Zone",1
2273.044,"Info","Arena",7,"Enter_Zone",2
2273.044,"Info","Arena",8,"Exit_Zone",2
2273.044,"Info","Arena",8,"Enter_Zone",4
2273.110,"Info","Arena",4,"Exit_Zone",1
2273.110,"Info","Arena",4,"Enter_Zone",3
2273.312,"Info","Arena",4,"Exit_Zone",3
2273.312,"Info","Arena",4,"Enter_Zone",1
2273.344,"Info","Arena",4,"Exit_Zone",1
2273.344,"Info","Arena",4,"Enter_Zone",3
2273.344,"Info","Arena",7,"Exit_Zone",2
2273.344,"Info","Arena",7,"Enter_Zone",1
2273.344,"Info","Arena",8,"Exit_Zone",4
2273.344,"Info","Arena",8,"Enter_Zone",3
2273.411,"Info","Arena",7,"Exit_Zone",1
2273.411,"Info","Arena",7,"Enter_Zone",2
2273.847,"Info","Arena",7,"Exit_Zone",2
2273.847,"Info","Arena",7,"Enter_Zone",1
2273.879,"Info","Arena",7,"Exit_Zone",1
2273.879,"Info","Arena",7,"Enter_Zone",2
2274.144,"Info","Arena",7,"Exit_Zone",2
2274.144,"Info","Arena",7,"Enter_Zone",1
2274.628,"Info","Arena",7,"Exit_Zone",1
2274.628,"Info","Arena",7,"Enter_Zone",2
2274.955,"Info","Arena",5,"Exit_Zone",2
2274.955,"Info","Arena",5,"Enter_Zone",4
2275.139,"Info","Arena",1,"Exit_Zone",2
2275.139,"Info","Arena",1,"Enter_Zone",4
2275.139,"Info","Arena",7,"Exit_Zone",2
2275.139,"Info","Arena",7,"Enter_Zone",1
2275.256,"Info","Arena",7,"Exit_Zone",1
2275.256,"Info","Arena",7,"Enter_Zone",2
2275.292,"Info","Arena",7,"Exit_Zone",2
2275.292,"Info","Arena",7,"Enter_Zone",1
2275.329,"Info","Arena",5,"Exit_Zone",4
2275.329,"Info","Arena",5,"Enter_Zone",3
2275.578,"Info","Arena",2,"Exit_Zone",2
2275.578,"Info","Arena",2,"Enter_Zone",4
2275.578,"Info","Arena",7,"Exit_Zone",1
2275.578,"Info","Arena",7,"Enter_Zone",2
2275.616,"Info","Arena",2,"Exit_Zone",4
2275.616,"Info","Arena",2,"Enter_Zone",2
2275.689,"Info","Arena",6,"Exit_Zone",1
2275.689,"Info","Arena",6,"Enter_Zone",4
2275.689,"Info","Arena",7,"Exit_Zone",2
2275.689,"Info","Arena",7,"Enter_Zone",1
2275.724,"Info","Arena",7,"Exit_Zone",1
2275.724,"Info","Arena",7,"Enter_Zone",2
2275.761,"Info","Arena",2,"Exit_Zone",2
2275.761,"Info","Arena",2,"Enter_Zone",4
2275.836,"Info","Arena",7,"Exit_Zone",2
2275.836,"Info","Arena",7,"Enter_Zone",1
2275.907,"Info","Arena",1,"Exit_Zone",4
2275.907,"Info","Arena",1,"Enter_Zone",3
2275.944,"Info","Arena",7,"Exit_Zone",1
2275.944,"Info","Arena",7,"Enter_Zone",2
2276.017,"Info","Arena",7,"Exit_Zone",2
2276.017,"Info","Arena",7,"Enter_Zone",1
2276.199,"Info","Arena",3,"Exit_Zone",2
2276.199,"Info","Arena",3,"Enter_Zone",4
2276.316,"Info","Arena",7,"Exit_Zone",1
2276.316,"Info","Arena",7,"Enter_Zone",2
2276.642,"Info","Arena",6,"Exit_Zone",4
2276.642,"Info","Arena",6,"Enter_Zone",3
2276.715,"Info","Arena",3,"Exit_Zone",4
2276.715,"Info","Arena",3,"Enter_Zone",3
2276.892,"Info","Arena",1,"Exit_Zone",3
2276.892,"Info","Arena",1,"Enter_Zone",4
2277.037,"Info","Arena",1,"Exit_Zone",4
2277.037,"Info","Arena",1,"Enter_Zone",2
2277.108,"Info","Arena",7,"Exit_Zone",2
2277.108,"Info","Arena",7,"Enter_Zone",1
2277.298,"Info","Arena",7,"Exit_Zone",1
2277.298,"Info","Arena",7,"Enter_Zone",2
2277.583,"Info","Arena",7,"Exit_Zone",2
2277.583,"Info","Arena",7,"Enter_Zone",1
2277.653,"Info","Arena",7,"Exit_Zone",1
2277.653,"Info","Arena",7,"Enter_Zone",2
2278.266,"Info","Arena",7,"Exit_Zone",2
2278.266,"Info","Arena",7,"Enter_Zone",1
2278.478,"Info","Arena",7,"Exit_Zone",1
2278.478,"Info","Arena",7,"Enter_Zone",2
2278.621,"Info","Arena",7,"Exit_Zone",2
2278.621,"Info","Arena",7,"Enter_Zone",1
2278.891,"Info","Arena",7,"Exit_Zone",1
2278.891,"Info","Arena",7,"Enter_Zone",2
2279.177,"Info","Arena",8,"Exit_Zone",3
2279.177,"Info","Arena",8,"Enter_Zone",4
2279.297,"Info","Arena",8,"Exit_Zone",4
2279.297,"Info","Arena",8,"Enter_Zone",1
2279.333,"Info","Arena",6,"Exit_Zone",3
2279.333,"Info","Arena",6,"Enter_Zone",2
2279.478,"Info","Arena",6,"Exit_Zone",2
2279.478,"Info","Arena",6,"Enter_Zone",3
2279.591,"Info","Arena",5,"Exit_Zone",3
2279.591,"Info","Arena",5,"Enter_Zone",4
2279.667,"Info","Arena",7,"Exit_Zone",2
2279.667,"Info","Arena",7,"Enter_Zone",4
2279.964,"Info","Arena",6,"Exit_Zone",3
2279.964,"Info","Arena",6,"Enter_Zone",2
2280.071,"Info","Arena",7,"Exit_Zone",4
2280.071,"Info","Arena",7,"Enter_Zone",1
2280.227,"Info","Arena",6,"Exit_Zone",2
2280.227,"Info","Arena",6,"Enter_Zone",3
2280.266,"Info","Arena",2,"Exit_Zone",4
2280.266,"Info","Arena",2,"Enter_Zone",1
2280.302,"Info","Arena",5,"Exit_Zone",4
2280.302,"Info","Arena",5,"Enter_Zone",1
2280.552,"Info","Arena",4,"Exit_Zone",3
2280.552,"Info","Arena",4,"Enter_Zone",4
2281.629,"Info","Arena",6,"Exit_Zone",3
2281.629,"Info","Arena",6,"Enter_Zone",4
2281.975,"Info","Arena",4,"Exit_Zone",4
2281.975,"Info","Arena",4,"Enter_Zone",3
2282.080,"Info","Arena",6,"Exit_Zone",4
2282.080,"Info","Arena",6,"Enter_Zone",1
2283.744,"Info","Arena",7,"Exit_Zone",1
2283.744,"Info","Arena",7,"Enter_Zone",4
2284.227,"Info","Arena",2,"Exit_Zone",1
2284.227,"Info","Arena",2,"Enter_Zone",3
2284.545,"Info","Arena",7,"Exit_Zone",4
2284.545,"Info","Arena",7,"Enter_Zone",3
2284.884,"Info","Arena",2,"Exit_Zone",3
2284.884,"Info","Arena",2,"Enter_Zone",1
2285.579,"Info","Arena",2,"Exit_Zone",1
2285.579,"Info","Arena",2,"Enter_Zone",3
2285.579,"Info","Arena",7,"Exit_Zone",3
2285.579,"Info","Arena",7,"Enter_Zone",1
2285.809,"Info","Arena",7,"Exit_Zone",1
2285.809,"Info","Arena",7,"Enter_Zone",3
2286.010,"Info","Arena",2,"Exit_Zone",3
2286.010,"Info","Arena",2,"Enter_Zone",1
2286.482,"Info","Arena",7,"Exit_Zone",3
2286.482,"Info","Arena",7,"Enter_Zone",1
2286.844,"Info","Arena",7,"Exit_Zone",1
2286.844,"Info","Arena",7,"Enter_Zone",3
2287.413,"Info","Arena",7,"Exit_Zone",3
2287.413,"Info","Arena",7,"Enter_Zone",1
2287.616,"Info","Arena",5,"Exit_Zone",1
2287.616,"Info","Arena",5,"Enter_Zone",4
2287.683,"Info","Arena",7,"Exit_Zone",1
2287.683,"Info","Arena",7,"Enter_Zone",2
2288.717,"Info","Arena",5,"Exit_Zone",4
2288.717,"Info","Arena",5,"Enter_Zone",3
2288.790,"Info","Arena",7,"Exit_Zone",2
2288.790,"Info","Arena",7,"Enter_Zone",1
2288.828,"Info","Arena",7,"Exit_Zone",1
2288.828,"Info","Arena",7,"Enter_Zone",2
2289.007,"Info","Arena",7,"Exit_Zone",2
2289.007,"Info","Arena",7,"Enter_Zone",1
2289.183,"Info","Arena",7,"Exit_Zone",1
2289.183,"Info","Arena",7,"Enter_Zone",2
2289.479,"Info","Arena",4,"Exit_Zone",3
2289.479,"Info","Arena",4,"Enter_Zone",4
2289.513,"Info","Arena",4,"Exit_Zone",4
2289.513,"Info","Arena",4,"Enter_Zone",3
2289.657,"Info","Arena",6,"Exit_Zone",1
2289.657,"Info","Arena",6,"Enter_Zone",4
2289.766,"Info","Arena",4,"Exit_Zone",3
2289.766,"Info","Arena",4,"Enter_Zone",4
2289.801,"Info","Arena",4,"Exit_Zone",4
2289.801,"Info","Arena",4,"Enter_Zone",3
2289.838,"Info","Arena",4,"Exit_Zone",3
2289.838,"Info","Arena",4,"Enter_Zone",4
2289.872,"Info","Arena",4,"Exit_Zone",4
2289.872,"Info","Arena",4,"Enter_Zone",3
2290.629,"Info","Arena",6,"Exit_Zone",4
2290.629,"Info","Arena",6,"Enter_Zone",1
2290.701,"Info","Arena",7,"Exit_Zone",2
2290.701,"Info","Arena",7,"Enter_Zone",1
2290.947,"Info","Arena",2,"Exit_Zone",1
2290.947,"Info","Arena",2,"Enter_Zone",4
2291.018,"Info","Arena",7,"Exit_Zone",1
2291.018,"Info","Arena",7,"Enter_Zone",2
2291.540,"Info","Arena",7,"Exit_Zone",2
2291.540,"Info","Arena",7,"Enter_Zone",1
2291.576,"Info","Arena",7,"Exit_Zone",1
2291.576,"Info","Arena",7,"Enter_Zone",2
2291.796,"Info","Arena",7,"Exit_Zone",2
2291.796,"Info","Arena",7,"Enter_Zone",1
2291.830,"Info","Arena",7,"Exit_Zone",1
2291.830,"Info","Arena",7,"Enter_Zone",2
2293.221,"Info","Arena",7,"Exit_Zone",2
2293.221,"Info","Arena",7,"Enter_Zone",1
2293.324,"Info","Arena",7,"Exit_Zone",1
2293.324,"Info","Arena",7,"Enter_Zone",2
2293.713,"Info","Arena",2,"Exit_Zone",4
2293.713,"Info","Arena",2,"Enter_Zone",3
2293.713,"Info","Arena",7,"Exit_Zone",2
2293.713,"Info","Arena",7,"Enter_Zone",1
2293.848,"Info","Arena",7,"Exit_Zone",1
2293.848,"Info","Arena",7,"Enter_Zone",2
2293.917,"Info","Arena",7,"Exit_Zone",2
2293.917,"Info","Arena",7,"Enter_Zone",1
2293.986,"Info","Arena",7,"Exit_Zone",1
2293.986,"Info","Arena",7,"Enter_Zone",2
2294.240,"Info","Arena",7,"Exit_Zone",2
2294.240,"Info","Arena",7,"Enter_Zone",1
2294.309,"Info","Arena",7,"Exit_Zone",1
2294.309,"Info","Arena",7,"Enter_Zone",2
2294.411,"Info","Arena",7,"Exit_Zone",2
2294.411,"Info","Arena",7,"Enter_Zone",1
2294.620,"Info","Arena",7,"Exit_Zone",1
2294.620,"Info","Arena",7,"Enter_Zone",2
2294.976,"Info","Arena",7,"Exit_Zone",2
2294.976,"Info","Arena",7,"Enter_Zone",1
2295.652,"Info","Arena",7,"Exit_Zone",1
2295.652,"Info","Arena",7,"Enter_Zone",2
2295.789,"Info","Arena",5,"Exit_Zone",3
2295.789,"Info","Arena",5,"Enter_Zone",4
2296.130,"Info","Arena",7,"Exit_Zone",2
2296.130,"Info","Arena",7,"Enter_Zone",1
2296.200,"Info","Arena",7,"Exit_Zone",1
2296.200,"Info","Arena",7,"Enter_Zone",2
2296.245,"Info","Arena",7,"Exit_Zone",2
2296.245,"Info","Arena",7,"Enter_Zone",1
2296.355,"Info","Arena",5,"Exit_Zone",4
2296.355,"Info","Arena",5,"Enter_Zone",2
2296.390,"Info","Arena",7,"Exit_Zone",1
2296.390,"Info","Arena",7,"Enter_Zone",2
2296.729,"Info","Arena",1,"Exit_Zone",2
2296.729,"Info","Arena",1,"Enter_Zone",4
2296.880,"Info","Arena",1,"Exit_Zone",4
2296.880,"Info","Arena",1,"Enter_Zone",3
2296.916,"Info","Arena",7,"Exit_Zone",2
2296.916,"Info","Arena",7,"Enter_Zone",1
2297.098,"Info","Arena",7,"Exit_Zone",1
2297.098,"Info","Arena",7,"Enter_Zone",4
2297.219,"Info","Arena",7,"Exit_Zone",4
2297.219,"Info","Arena",7,"Enter_Zone",2
2297.330,"Info","Arena",6,"Exit_Zone",1
2297.330,"Info","Arena",6,"Enter_Zone",4
2297.656,"Info","Arena",6,"Exit_Zone",4
2297.656,"Info","Arena",6,"Enter_Zone",2
2298.122,"Info","Arena",1,"Exit_Zone",3
2298.122,"Info","Arena",1,"Enter_Zone",4
2298.122,"Info","Arena",6,"Exit_Zone",2
2298.122,"Info","Arena",6,"Enter_Zone",4
2298.242,"Info","Arena",1,"Exit_Zone",4
2298.242,"Info","Arena",1,"Enter_Zone",2
2298.350,"Info","Arena",6,"Exit_Zone",4
2298.350,"Info","Arena",6,"Enter_Zone",1
2298.423,"Info","Arena",7,"Exit_Zone",2
2298.423,"Info","Arena",7,"Enter_Zone",1
2298.732,"Info","Arena",7,"Exit_Zone",1
2298.732,"Info","Arena",7,"Enter_Zone",2
2299.237,"Info","Arena",7,"Exit_Zone",2
2299.237,"Info","Arena",7,"Enter_Zone",1
2299.332,"Info","Arena",7,"Exit_Zone",1
2299.332,"Info","Arena",7,"Enter_Zone",2
2299.365,"Info","Arena",7,"Exit_Zone",2
2299.365,"Info","Arena",7,"Enter_Zone",1
2299.461,"Info","Arena",7,"Exit_Zone",1
2299.461,"Info","Arena",7,"Enter_Zone",2
2299.526,"Info","Arena",7,"Exit_Zone",2
2299.526,"Info","Arena",7,"Enter_Zone",1
2299.627,"Info","Arena",7,"Exit_Zone",1
2299.627,"Info","Arena",7,"Enter_Zone",2
2300.690,"Info","Arena",7,"Exit_Zone",2
2300.690,"Info","Arena",7,"Enter_Zone",1
2300.725,"Info","Arena",2,"Exit_Zone",3
2300.725,"Info","Arena",2,"Enter_Zone",4
2300.757,"Info","Arena",7,"Exit_Zone",1
2300.757,"Info","Arena",7,"Enter_Zone",2
2300.997,"Info","Arena",5,"Exit_Zone",2
2300.997,"Info","Arena",5,"Enter_Zone",4
2301.276,"Info","Arena",2,"Exit_Zone",4
2301.276,"Info","Arena",2,"Enter_Zone",2
2301.613,"Info","Arena",5,"Exit_Zone",4
2301.613,"Info","Arena",5,"Enter_Zone",3
2301.683,"Info","Arena",7,"Exit_Zone",2
2301.683,"Info","Arena",7,"Enter_Zone",1
2301.985,"Info","Arena",7,"Exit_Zone",1
2301.985,"Info","Arena",7,"Enter_Zone",2
2302.527,"Info","Arena",7,"Exit_Zone",2
2302.527,"Info","Arena",7,"Enter_Zone",1
2302.659,"Info","Arena",7,"Exit_Zone",1
2302.659,"Info","Arena",7,"Enter_Zone",2
2302.917,"Info","Arena",2,"Exit_Zone",2
2302.917,"Info","Arena",2,"Enter_Zone",3
2303.271,"Info","Arena",7,"Exit_Zone",2
2303.271,"Info","Arena",7,"Enter_Zone",1
2303.399,"Info","Arena",7,"Exit_Zone",1
2303.399,"Info","Arena",7,"Enter_Zone",2
2303.429,"Info","Arena",2,"Exit_Zone",3
2303.429,"Info","Arena",2,"Enter_Zone",2
2303.753,"Info","Arena",7,"Exit_Zone",2
2303.753,"Info","Arena",7,"Enter_Zone",1
2303.785,"Info","Arena",7,"Exit_Zone",1
2303.785,"Info","Arena",7,"Enter_Zone",2
2304.415,"Info","Arena",7,"Exit_Zone",2
2304.415,"Info","Arena",7,"Enter_Zone",1
2304.692,"Info","Arena",7,"Exit_Zone",1
2304.692,"Info","Arena",7,"Enter_Zone",2
2304.903,"Info","Arena",7,"Exit_Zone",2
2304.903,"Info","Arena",7,"Enter_Zone",1
2305.140,"Info","Arena",7,"Exit_Zone",1
2305.140,"Info","Arena",7,"Enter_Zone",2
2305.678,"Info","Arena",7,"Exit_Zone",2
2305.678,"Info","Arena",7,"Enter_Zone",1
2305.747,"Info","Arena",5,"Exit_Zone",3
2305.747,"Info","Arena",5,"Enter_Zone",4
2305.747,"Info","Arena",7,"Exit_Zone",1
2305.747,"Info","Arena",7,"Enter_Zone",2
2305.820,"Info","Arena",7,"Exit_Zone",2
2305.820,"Info","Arena",7,"Enter_Zone",1
2306.252,"Info","Arena",7,"Exit_Zone",1
2306.252,"Info","Arena",7,"Enter_Zone",2
2306.292,"Info","Arena",2,"Exit_Zone",2
2306.292,"Info","Arena",2,"Enter_Zone",4
2306.472,"Info","Arena",5,"Exit_Zone",4
2306.472,"Info","Arena",5,"Enter_Zone",1
2306.652,"Info","Arena",2,"Exit_Zone",4
2306.652,"Info","Arena",2,"Enter_Zone",3
2306.761,"Info","Arena",7,"Exit_Zone",2
2306.761,"Info","Arena",7,"Enter_Zone",1
2306.797,"Info","Arena",7,"Exit_Zone",1
2306.797,"Info","Arena",7,"Enter_Zone",2
2306.868,"Info","Arena",7,"Exit_Zone",2
2306.868,"Info","Arena",7,"Enter_Zone",1
2307.322,"Info","Arena",7,"Exit_Zone",1
2307.322,"Info","Arena",7,"Enter_Zone",2
2307.522,"Info","Arena",3,"Exit_Zone",3
2307.522,"Info","Arena",3,"Enter_Zone",4
2307.689,"Info","Arena",3,"Exit_Zone",4
2307.689,"Info","Arena",3,"Enter_Zone",3
2307.957,"Info","Arena",3,"Exit_Zone",3
2307.957,"Info","Arena",3,"Enter_Zone",4
2307.992,"Info","Arena",3,"Exit_Zone",4
2307.992,"Info","Arena",3,"Enter_Zone",3
2307.992,"Info","Arena",7,"Exit_Zone",2
2307.992,"Info","Arena",7,"Enter_Zone",1
2308.261,"Info","Arena",7,"Exit_Zone",1
2308.261,"Info","Arena",7,"Enter_Zone",2
2308.598,"Info","Arena",7,"Exit_Zone",2
2308.598,"Info","Arena",7,"Enter_Zone",4
2308.664,"Info","Arena",7,"Exit_Zone",4
2308.664,"Info","Arena",7,"Enter_Zone",2
2309.302,"Info","Arena",8,"Exit_Zone",1
2309.302,"Info","Arena",8,"Enter_Zone",4
2309.338,"Info","Arena",8,"Exit_Zone",4
2309.338,"Info","Arena",8,"Enter_Zone",1
2309.411,"Info","Arena",7,"Exit_Zone",2
2309.411,"Info","Arena",7,"Enter_Zone",1
2309.617,"Info","Arena",7,"Exit_Zone",1
2309.617,"Info","Arena",7,"Enter_Zone",2
2309.722,"Info","Arena",7,"Exit_Zone",2
2309.722,"Info","Arena",7,"Enter_Zone",1
2309.758,"Info","Arena",7,"Exit_Zone",1
2309.758,"Info","Arena",7,"Enter_Zone",2
2309.864,"Info","Arena",7,"Exit_Zone",2
2309.864,"Info","Arena",7,"Enter_Zone",1
2310.070,"Info","Arena",7,"Exit_Zone",1
2310.070,"Info","Arena",7,"Enter_Zone",2
2310.284,"Info","Arena",7,"Exit_Zone",2
2310.284,"Info","Arena",7,"Enter_Zone",1
2310.351,"Info","Arena",7,"Exit_Zone",1
2310.351,"Info","Arena",7,"Enter_Zone",2
2310.420,"Info","Arena",7,"Exit_Zone",2
2310.420,"Info","Arena",7,"Enter_Zone",1
2310.658,"Info","Arena",7,"Exit_Zone",1
2310.658,"Info","Arena",7,"Enter_Zone",2
2310.763,"Info","Arena",2,"Exit_Zone",3
2310.763,"Info","Arena",2,"Enter_Zone",4
2310.763,"Info","Arena",4,"Exit_Zone",3
2310.763,"Info","Arena",4,"Enter_Zone",4
2310.763,"Info","Arena",8,"Exit_Zone",1
2310.763,"Info","Arena",8,"Enter_Zone",4
2310.799,"Info","Arena",7,"Exit_Zone",2
2310.799,"Info","Arena",7,"Enter_Zone",1
2310.938,"Info","Arena",2,"Exit_Zone",4
2310.938,"Info","Arena",2,"Enter_Zone",2
2311.041,"Info","Arena",7,"Exit_Zone",1
2311.041,"Info","Arena",7,"Enter_Zone",2
2311.267,"Info","Arena",7,"Exit_Zone",2
2311.267,"Info","Arena",7,"Enter_Zone",1
2311.611,"Info","Arena",7,"Exit_Zone",1
2311.611,"Info","Arena",7,"Enter_Zone",2
2311.818,"Info","Arena",2,"Exit_Zone",2
2311.818,"Info","Arena",2,"Enter_Zone",3
2311.886,"Info","Arena",2,"Exit_Zone",3
2311.886,"Info","Arena",2,"Enter_Zone",2
2311.921,"Info","Arena",2,"Exit_Zone",2
2311.921,"Info","Arena",2,"Enter_Zone",3
2311.921,"Info","Arena",7,"Exit_Zone",2
2311.921,"Info","Arena",7,"Enter_Zone",1
2312.053,"Info","Arena",7,"Exit_Zone",1
2312.053,"Info","Arena",7,"Enter_Zone",2
2312.086,"Info","Arena",7,"Exit_Zone",2
2312.086,"Info","Arena",7,"Enter_Zone",1
2312.232,"Info","Arena",7,"Exit_Zone",1
2312.232,"Info","Arena",7,"Enter_Zone",2
2312.301,"Info","Arena",2,"Exit_Zone",3
2312.301,"Info","Arena",2,"Enter_Zone",2
2312.301,"Info","Arena",7,"Exit_Zone",2
2312.301,"Info","Arena",7,"Enter_Zone",1
2312.336,"Info","Arena",4,"Exit_Zone",4
2312.336,"Info","Arena",4,"Enter_Zone",3
2312.368,"Info","Arena",2,"Exit_Zone",2
2312.368,"Info","Arena",2,"Enter_Zone",3
2312.403,"Info","Arena",2,"Exit_Zone",3
2312.403,"Info","Arena",2,"Enter_Zone",2
2312.470,"Info","Arena",2,"Exit_Zone",2
2312.470,"Info","Arena",2,"Enter_Zone",3
2312.505,"Info","Arena",5,"Exit_Zone",1
2312.505,"Info","Arena",5,"Enter_Zone",4
2312.573,"Info","Arena",2,"Exit_Zone",3
2312.573,"Info","Arena",2,"Enter_Zone",2
2312.786,"Info","Arena",7,"Exit_Zone",1
2312.786,"Info","Arena",7,"Enter_Zone",2
2313.302,"Info","Arena",5,"Exit_Zone",4
2313.302,"Info","Arena",5,"Enter_Zone",3
2313.584,"Info","Arena",6,"Exit_Zone",1
2313.584,"Info","Arena",6,"Enter_Zone",4
2313.620,"Info","Arena",7,"Exit_Zone",2
2313.620,"Info","Arena",7,"Enter_Zone",1
2313.654,"Info","Arena",7,"Exit_Zone",1
2313.654,"Info","Arena",7,"Enter_Zone",2
2313.865,"Info","Arena",3,"Exit_Zone",3
2313.865,"Info","Arena",3,"Enter_Zone",4
2314.007,"Info","Arena",7,"Exit_Zone",2
2314.007,"Info","Arena",7,"Enter_Zone",1
2314.043,"Info","Arena",7,"Exit_Zone",1
2314.043,"Info","Arena",7,"Enter_Zone",2
2314.185,"Info","Arena",6,"Exit_Zone",4
2314.185,"Info","Arena",6,"Enter_Zone",2
2314.234,"Info","Arena",7,"Exit_Zone",2
2314.234,"Info","Arena",7,"Enter_Zone",1
2314.635,"Info","Arena",7,"Exit_Zone",1
2314.635,"Info","Arena",7,"Enter_Zone",2
2314.708,"Info","Arena",1,"Exit_Zone",2
2314.708,"Info","Arena",1,"Enter_Zone",4
2314.815,"Info","Arena",1,"Exit_Zone",4
2314.815,"Info","Arena",1,"Enter_Zone",3
2315.143,"Info","Arena",7,"Exit_Zone",2
2315.143,"Info","Arena",7,"Enter_Zone",1
2315.178,"Info","Arena",3,"Exit_Zone",4
2315.178,"Info","Arena",3,"Enter_Zone",3
2315.294,"Info","Arena",7,"Exit_Zone",1
2315.294,"Info","Arena",7,"Enter_Zone",2
2315.365,"Info","Arena",7,"Exit_Zone",2
2315.365,"Info","Arena",7,"Enter_Zone",1
2315.500,"Info","Arena",7,"Exit_Zone",1
2315.500,"Info","Arena",7,"Enter_Zone",2
2315.534,"Info","Arena",7,"Exit_Zone",2
2315.534,"Info","Arena",7,"Enter_Zone",1
2315.569,"Info","Arena",7,"Exit_Zone",1
2315.569,"Info","Arena",7,"Enter_Zone",2
2316.007,"Info","Arena",7,"Exit_Zone",2
2316.007,"Info","Arena",7,"Enter_Zone",1
2316.274,"Info","Arena",2,"Exit_Zone",2
2316.274,"Info","Arena",2,"Enter_Zone",4
2316.339,"Info","Arena",7,"Exit_Zone",1
2316.339,"Info","Arena",7,"Enter_Zone",2
2317.052,"Info","Arena",2,"Exit_Zone",4
2317.052,"Info","Arena",2,"Enter_Zone",1
2317.052,"Info","Arena",7,"Exit_Zone",2
2317.052,"Info","Arena",7,"Enter_Zone",4
2317.547,"Info","Arena",7,"Exit_Zone",4
2317.547,"Info","Arena",7,"Enter_Zone",1
2317.547,"Info","Arena",8,"Exit_Zone",4
2317.547,"Info","Arena",8,"Enter_Zone",3
2318.711,"Info","Arena",6,"Exit_Zone",2
2318.711,"Info","Arena",6,"Enter_Zone",4
2319.174,"Info","Arena",5,"Exit_Zone",3
2319.174,"Info","Arena",5,"Enter_Zone",4
2319.500,"Info","Arena",5,"Exit_Zone",4
2319.500,"Info","Arena",5,"Enter_Zone",2
2319.604,"Info","Arena",6,"Exit_Zone",4
2319.604,"Info","Arena",6,"Enter_Zone",1
2320.166,"Info","Arena",2,"Exit_Zone",1
2320.166,"Info","Arena",2,"Enter_Zone",3
2320.245,"Info","Arena",2,"Exit_Zone",3
2320.245,"Info","Arena",2,"Enter_Zone",1
2320.887,"Info","Arena",8,"Exit_Zone",3
2320.887,"Info","Arena",8,"Enter_Zone",4
2321.486,"Info","Arena",7,"Exit_Zone",1
2321.486,"Info","Arena",7,"Enter_Zone",4
2321.524,"Info","Arena",2,"Exit_Zone",1
2321.524,"Info","Arena",2,"Enter_Zone",4
2321.634,"Info","Arena",7,"Exit_Zone",4
2321.634,"Info","Arena",7,"Enter_Zone",2
2321.816,"Info","Arena",1,"Exit_Zone",3
2321.816,"Info","Arena",1,"Enter_Zone",4
2321.889,"Info","Arena",7,"Exit_Zone",2
2321.889,"Info","Arena",7,"Enter_Zone",4
2321.924,"Info","Arena",7,"Exit_Zone",4
2321.924,"Info","Arena",7,"Enter_Zone",1
2322.110,"Info","Arena",2,"Exit_Zone",4
2322.110,"Info","Arena",2,"Enter_Zone",3
2322.532,"Info","Arena",1,"Exit_Zone",4
2322.532,"Info","Arena",1,"Enter_Zone",2
2322.972,"Info","Arena",8,"Exit_Zone",4
2322.972,"Info","Arena",8,"Enter_Zone",1
2324.170,"Info","Arena",7,"Exit_Zone",1
2324.170,"Info","Arena",7,"Enter_Zone",4
2324.429,"Info","Arena",6,"Exit_Zone",1
2324.429,"Info","Arena",6,"Enter_Zone",4
2324.946,"Info","Arena",7,"Exit_Zone",4
2324.946,"Info","Arena",7,"Enter_Zone",3
2325.297,"Info","Arena",6,"Exit_Zone",4
2325.297,"Info","Arena",6,"Enter_Zone",1
2325.573,"Info","Arena",5,"Exit_Zone",2
2325.573,"Info","Arena",5,"Enter_Zone",4
2325.779,"Info","Arena",1,"Exit_Zone",2
2325.779,"Info","Arena",1,"Enter_Zone",4
2326.173,"Info","Arena",1,"Exit_Zone",4
2326.173,"Info","Arena",1,"Enter_Zone",3
2326.173,"Info","Arena",7,"Exit_Zone",3
2326.173,"Info","Arena",7,"Enter_Zone",4
2326.360,"Info","Arena",5,"Exit_Zone",4
2326.360,"Info","Arena",5,"Enter_Zone",3
2326.430,"Info","Arena",7,"Exit_Zone",4
2326.430,"Info","Arena",7,"Enter_Zone",2
2326.502,"Info","Arena",7,"Exit_Zone",2
2326.502,"Info","Arena",7,"Enter_Zone",1
2326.673,"Info","Arena",7,"Exit_Zone",1
2326.673,"Info","Arena",7,"Enter_Zone",2
2327.177,"Info","Arena",7,"Exit_Zone",2
2327.177,"Info","Arena",7,"Enter_Zone",1
2327.218,"Info","Arena",7,"Exit_Zone",1
2327.218,"Info","Arena",7,"Enter_Zone",2
2327.328,"Info","Arena",7,"Exit_Zone",2
2327.328,"Info","Arena",7,"Enter_Zone",1
2327.498,"Info","Arena",2,"Exit_Zone",3
2327.498,"Info","Arena",2,"Enter_Zone",4
2327.531,"Info","Arena",1,"Exit_Zone",3
2327.531,"Info","Arena",1,"Enter_Zone",4
2327.628,"Info","Arena",7,"Exit_Zone",1
2327.628,"Info","Arena",7,"Enter_Zone",2
2328.021,"Info","Arena",2,"Exit_Zone",4
2328.021,"Info","Arena",2,"Enter_Zone",2
2328.085,"Info","Arena",1,"Exit_Zone",4
2328.085,"Info","Arena",1,"Enter_Zone",2
2328.117,"Info","Arena",7,"Exit_Zone",2
2328.117,"Info","Arena",7,"Enter_Zone",1
2328.385,"Info","Arena",7,"Exit_Zone",1
2328.385,"Info","Arena",7,"Enter_Zone",2
2328.867,"Info","Arena",7,"Exit_Zone",2
2328.867,"Info","Arena",7,"Enter_Zone",1
2329.067,"Info","Arena",7,"Exit_Zone",1
2329.067,"Info","Arena",7,"Enter_Zone",2
2329.408,"Info","Arena",7,"Exit_Zone",2
2329.408,"Info","Arena",7,"Enter_Zone",1
2329.570,"Info","Arena",7,"Exit_Zone",1
2329.570,"Info","Arena",7,"Enter_Zone",2
2329.802,"Info","Arena",7,"Exit_Zone",2
2329.802,"Info","Arena",7,"Enter_Zone",1
2329.900,"Info","Arena",7,"Exit_Zone",1
2329.900,"Info","Arena",7,"Enter_Zone",2
2330.802,"Info","Arena",8,"Exit_Zone",1
2330.802,"Info","Arena",8,"Enter_Zone",4
2330.901,"Info","Arena",7,"Exit_Zone",2
2330.901,"Info","Arena",7,"Enter_Zone",1
2330.937,"Info","Arena",7,"Exit_Zone",1
2330.937,"Info","Arena",7,"Enter_Zone",2
2331.102,"Info","Arena",7,"Exit_Zone",2
2331.102,"Info","Arena",7,"Enter_Zone",1
2331.171,"Info","Arena",7,"Exit_Zone",1
2331.171,"Info","Arena",7,"Enter_Zone",2
2331.724,"Info","Arena",2,"Exit_Zone",2
2331.724,"Info","Arena",2,"Enter_Zone",3
2331.955,"Info","Arena",2,"Exit_Zone",3
2331.955,"Info","Arena",2,"Enter_Zone",2
2332.125,"Info","Arena",8,"Exit_Zone",4
2332.125,"Info","Arena",8,"Enter_Zone",1
2332.194,"Info","Arena",8,"Exit_Zone",1
2332.194,"Info","Arena",8,"Enter_Zone",4
2332.241,"Info","Arena",8,"Exit_Zone",4
2332.241,"Info","Arena",8,"Enter_Zone",1
2332.309,"Info","Arena",5,"Exit_Zone",3
2332.309,"Info","Arena",5,"Enter_Zone",4
2332.480,"Info","Arena",8,"Exit_Zone",1
2332.480,"Info","Arena",8,"Enter_Zone",4
2332.617,"Info","Arena",5,"Exit_Zone",4
2332.617,"Info","Arena",5,"Enter_Zone",2
2332.686,"Info","Arena",5,"Exit_Zone",2
2332.686,"Info","Arena",5,"Enter_Zone",4
2332.790,"Info","Arena",7,"Exit_Zone",2
2332.790,"Info","Arena",7,"Enter_Zone",1
2333.132,"Info","Arena",7,"Exit_Zone",1
2333.132,"Info","Arena",7,"Enter_Zone",2
2333.391,"Info","Arena",7,"Exit_Zone",2
2333.391,"Info","Arena",7,"Enter_Zone",1
2333.460,"Info","Arena",7,"Exit_Zone",1
2333.460,"Info","Arena",7,"Enter_Zone",2
2333.569,"Info","Arena",7,"Exit_Zone",2
2333.569,"Info","Arena",7,"Enter_Zone",4
2333.713,"Info","Arena",5,"Exit_Zone",4
2333.713,"Info","Arena",5,"Enter_Zone",1
2333.749,"Info","Arena",7,"Exit_Zone",4
2333.749,"Info","Arena",7,"Enter_Zone",1
2333.962,"Info","Arena",7,"Exit_Zone",1
2333.962,"Info","Arena",7,"Enter_Zone",4
2333.999,"Info","Arena",7,"Exit_Zone",4
2333.999,"Info","Arena",7,"Enter_Zone",3
2334.449,"Info","Arena",2,"Exit_Zone",2
2334.449,"Info","Arena",2,"Enter_Zone",4
2334.664,"Info","Arena",7,"Exit_Zone",3
2334.664,"Info","Arena",7,"Enter_Zone",1
2334.808,"Info","Arena",7,"Exit_Zone",1
2334.808,"Info","Arena",7,"Enter_Zone",3
2335.135,"Info","Arena",8,"Exit_Zone",4
2335.135,"Info","Arena",8,"Enter_Zone",3
2335.291,"Info","Arena",2,"Exit_Zone",4
2335.291,"Info","Arena",2,"Enter_Zone",1
2335.328,"Info","Arena",7,"Exit_Zone",3
2335.328,"Info","Arena",7,"Enter_Zone",1
2335.365,"Info","Arena",7,"Exit_Zone",1
2335.365,"Info","Arena",7,"Enter_Zone",3
2335.936,"Info","Arena",7,"Exit_Zone",3
2335.936,"Info","Arena",7,"Enter_Zone",1
2336.004,"Info","Arena",6,"Exit_Zone",1
2336.004,"Info","Arena",6,"Enter_Zone",4
2336.294,"Info","Arena",7,"Exit_Zone",1
2336.294,"Info","Arena",7,"Enter_Zone",3
2336.645,"Info","Arena",7,"Exit_Zone",3
2336.645,"Info","Arena",7,"Enter_Zone",1
2336.679,"Info","Arena",7,"Exit_Zone",1
2336.679,"Info","Arena",7,"Enter_Zone",3
2337.458,"Info","Arena",7,"Exit_Zone",3
2337.458,"Info","Arena",7,"Enter_Zone",1
2337.491,"Info","Arena",6,"Exit_Zone",4
2337.491,"Info","Arena",6,"Enter_Zone",2
2337.527,"Info","Arena",3,"Exit_Zone",3
2337.527,"Info","Arena",3,"Enter_Zone",4
2337.599,"Info","Arena",7,"Exit_Zone",1
2337.599,"Info","Arena",7,"Enter_Zone",3
2338.187,"Info","Arena",7,"Exit_Zone",3
2338.187,"Info","Arena",7,"Enter_Zone",1
2338.470,"Info","Arena",7,"Exit_Zone",1
2338.470,"Info","Arena",7,"Enter_Zone",3
2338.507,"Info","Arena",3,"Exit_Zone",4
2338.507,"Info","Arena",3,"Enter_Zone",2
2338.542,"Info","Arena",7,"Exit_Zone",3
2338.542,"Info","Arena",7,"Enter_Zone",1
2338.714,"Info","Arena",5,"Exit_Zone",1
2338.714,"Info","Arena",5,"Enter_Zone",4
2338.783,"Info","Arena",7,"Exit_Zone",1
2338.783,"Info","Arena",7,"Enter_Zone",3
2338.996,"Info","Arena",5,"Exit_Zone",4
2338.996,"Info","Arena",5,"Enter_Zone",2
2339.364,"Info","Arena",2,"Exit_Zone",1
2339.364,"Info","Arena",2,"Enter_Zone",4
2339.859,"Info","Arena",7,"Exit_Zone",3
2339.859,"Info","Arena",7,"Enter_Zone",1
2340.132,"Info","Arena",2,"Exit_Zone",4
2340.132,"Info","Arena",2,"Enter_Zone",3
2340.539,"Info","Arena",7,"Exit_Zone",1
2340.539,"Info","Arena",7,"Enter_Zone",3
2340.741,"Info","Arena",7,"Exit_Zone",3
2340.741,"Info","Arena",7,"Enter_Zone",4
2340.773,"Info","Arena",7,"Exit_Zone",4
2340.773,"Info","Arena",7,"Enter_Zone",1
2340.867,"Info","Arena",7,"Exit_Zone",1
2340.867,"Info","Arena",7,"Enter_Zone",2
2341.165,"Info","Arena",7,"Exit_Zone",2
2341.165,"Info","Arena",7,"Enter_Zone",4
2341.415,"Info","Arena",7,"Exit_Zone",4
2341.415,"Info","Arena",7,"Enter_Zone",1
2341.511,"Info","Arena",7,"Exit_Zone",1
2341.511,"Info","Arena",7,"Enter_Zone",3
2341.745,"Info","Arena",7,"Exit_Zone",3
2341.745,"Info","Arena",7,"Enter_Zone",1
2341.777,"Info","Arena",7,"Exit_Zone",1
2341.777,"Info","Arena",7,"Enter_Zone",3
2341.948,"Info","Arena",7,"Exit_Zone",3
2341.948,"Info","Arena",7,"Enter_Zone",1
2342.219,"Info","Arena",7,"Exit_Zone",1
2342.219,"Info","Arena",7,"Enter_Zone",3
2342.285,"Info","Arena",7,"Exit_Zone",3
2342.285,"Info","Arena",7,"Enter_Zone",1
2342.382,"Info","Arena",7,"Exit_Zone",1
2342.382,"Info","Arena",7,"Enter_Zone",3
2342.382,"Info","Arena",8,"Exit_Zone",3
2342.382,"Info","Arena",8,"Enter_Zone",4
2342.582,"Info","Arena",7,"Exit_Zone",3
2342.582,"Info","Arena",7,"Enter_Zone",1
2342.955,"Info","Arena",7,"Exit_Zone",1
2342.955,"Info","Arena",7,"Enter_Zone",3
2343.377,"Info","Arena",8,"Exit_Zone",4
2343.377,"Info","Arena",8,"Enter_Zone",1
2343.411,"Info","Arena",1,"Exit_Zone",2
2343.411,"Info","Arena",1,"Enter_Zone",4
2343.447,"Info","Arena",6,"Exit_Zone",2
2343.447,"Info","Arena",6,"Enter_Zone",4
2343.586,"Info","Arena",7,"Exit_Zone",3
2343.586,"Info","Arena",7,"Enter_Zone",1
2343.656,"Info","Arena",1,"Exit_Zone",4
2343.656,"Info","Arena",1,"Enter_Zone",2
2343.725,"Info","Arena",7,"Exit_Zone",1
2343.725,"Info","Arena",7,"Enter_Zone",3
2343.830,"Info","Arena",6,"Exit_Zone",4
2343.830,"Info","Arena",6,"Enter_Zone",1
2343.970,"Info","Arena",7,"Exit_Zone",3
2343.970,"Info","Arena",7,"Enter_Zone",1
2344.141,"Info","Arena",7,"Exit_Zone",1
2344.141,"Info","Arena",7,"Enter_Zone",3
2344.461,"Info","Arena",7,"Exit_Zone",3
2344.461,"Info","Arena",7,"Enter_Zone",1
2344.530,"Info","Arena",7,"Exit_Zone",1
2344.530,"Info","Arena",7,"Enter_Zone",3
2344.705,"Info","Arena",7,"Exit_Zone",3
2344.705,"Info","Arena",7,"Enter_Zone",1
2344.740,"Info","Arena",7,"Exit_Zone",1
2344.740,"Info","Arena",7,"Enter_Zone",3
2345.050,"Info","Arena",7,"Exit_Zone",3
2345.050,"Info","Arena",7,"Enter_Zone",1
2345.367,"Info","Arena",7,"Exit_Zone",1
2345.367,"Info","Arena",7,"Enter_Zone",3
2345.475,"Info","Arena",7,"Exit_Zone",3
2345.475,"Info","Arena",7,"Enter_Zone",1
2345.579,"Info","Arena",7,"Exit_Zone",1
2345.579,"Info","Arena",7,"Enter_Zone",3
2345.796,"Info","Arena",7,"Exit_Zone",3
2345.796,"Info","Arena",7,"Enter_Zone",1
2345.970,"Info","Arena",7,"Exit_Zone",1
2345.970,"Info","Arena",7,"Enter_Zone",3
2346.186,"Info","Arena",7,"Exit_Zone",3
2346.186,"Info","Arena",7,"Enter_Zone",1
2346.264,"Info","Arena",2,"Exit_Zone",3
2346.264,"Info","Arena",2,"Enter_Zone",4
2346.367,"Info","Arena",7,"Exit_Zone",1
2346.367,"Info","Arena",7,"Enter_Zone",3
2346.404,"Info","Arena",7,"Exit_Zone",3
2346.404,"Info","Arena",7,"Enter_Zone",1
2346.475,"Info","Arena",1,"Exit_Zone",2
2346.475,"Info","Arena",1,"Enter_Zone",4
2346.508,"Info","Arena",7,"Exit_Zone",1
2346.508,"Info","Arena",7,"Enter_Zone",3
2346.829,"Info","Arena",2,"Exit_Zone",4
2346.829,"Info","Arena",2,"Enter_Zone",2
2347.177,"Info","Arena",7,"Exit_Zone",3
2347.177,"Info","Arena",7,"Enter_Zone",1
2347.256,"Info","Arena",7,"Exit_Zone",1
2347.256,"Info","Arena",7,"Enter_Zone",3
2347.359,"Info","Arena",6,"Exit_Zone",1
2347.359,"Info","Arena",6,"Enter_Zone",2
2347.396,"Info","Arena",6,"Exit_Zone",2
2347.396,"Info","Arena",6,"Enter_Zone",1
2347.396,"Info","Arena",7,"Exit_Zone",3
2347.396,"Info","Arena",7,"Enter_Zone",1
2347.637,"Info","Arena",1,"Exit_Zone",4
2347.637,"Info","Arena",1,"Enter_Zone",1
2348.000,"Info","Arena",7,"Exit_Zone",1
2348.000,"Info","Arena",7,"Enter_Zone",3
2348.284,"Info","Arena",7,"Exit_Zone",3
2348.284,"Info","Arena",7,"Enter_Zone",4
2348.419,"Info","Arena",7,"Exit_Zone",4
2348.419,"Info","Arena",7,"Enter_Zone",2
2348.657,"Info","Arena",7,"Exit_Zone",2
2348.657,"Info","Arena",7,"Enter_Zone",1
2348.720,"Info","Arena",7,"Exit_Zone",1
2348.720,"Info","Arena",7,"Enter_Zone",2
2348.788,"Info","Arena",7,"Exit_Zone",2
2348.788,"Info","Arena",7,"Enter_Zone",1
2348.887,"Info","Arena",7,"Exit_Zone",1
2348.887,"Info","Arena",7,"Enter_Zone",2
2348.989,"Info","Arena",7,"Exit_Zone",2
2348.989,"Info","Arena",7,"Enter_Zone",1
2349.119,"Info","Arena",7,"Exit_Zone",1
2349.119,"Info","Arena",7,"Enter_Zone",2
2349.298,"Info","Arena",7,"Exit_Zone",2
2349.298,"Info","Arena",7,"Enter_Zone",1
2349.593,"Info","Arena",7,"Exit_Zone",1
2349.593,"Info","Arena",7,"Enter_Zone",2
2349.989,"Info","Arena",7,"Exit_Zone",2
2349.989,"Info","Arena",7,"Enter_Zone",1
2350.022,"Info","Arena",7,"Exit_Zone",1
2350.022,"Info","Arena",7,"Enter_Zone",2
2350.770,"Info","Arena",2,"Exit_Zone",2
2350.770,"Info","Arena",2,"Enter_Zone",4
2350.805,"Info","Arena",7,"Exit_Zone",2
2350.805,"Info","Arena",7,"Enter_Zone",1
2350.944,"Info","Arena",7,"Exit_Zone",1
2350.944,"Info","Arena",7,"Enter_Zone",2
2351.132,"Info","Arena",7,"Exit_Zone",2
2351.132,"Info","Arena",7,"Enter_Zone",1
2351.295,"Info","Arena",6,"Exit_Zone",1
2351.295,"Info","Arena",6,"Enter_Zone",4
2351.334,"Info","Arena",7,"Exit_Zone",1
2351.334,"Info","Arena",7,"Enter_Zone",2
2351.448,"Info","Arena",7,"Exit_Zone",2
2351.448,"Info","Arena",7,"Enter_Zone",1
2351.520,"Info","Arena",7,"Exit_Zone",1
2351.520,"Info","Arena",7,"Enter_Zone",2
2351.743,"Info","Arena",7,"Exit_Zone",2
2351.743,"Info","Arena",7,"Enter_Zone",1
2351.855,"Info","Arena",1,"Exit_Zone",1
2351.855,"Info","Arena",1,"Enter_Zone",4
2351.855,"Info","Arena",2,"Exit_Zone",4
2351.855,"Info","Arena",2,"Enter_Zone",3
2351.965,"Info","Arena",7,"Exit_Zone",1
2351.965,"Info","Arena",7,"Enter_Zone",2
2352.117,"Info","Arena",6,"Exit_Zone",4
2352.117,"Info","Arena",6,"Enter_Zone",2
2352.278,"Info","Arena",5,"Exit_Zone",2
2352.278,"Info","Arena",5,"Enter_Zone",4
2352.316,"Info","Arena",7,"Exit_Zone",2
2352.316,"Info","Arena",7,"Enter_Zone",1
2352.353,"Info","Arena",7,"Exit_Zone",1
2352.353,"Info","Arena",7,"Enter_Zone",2
2352.392,"Info","Arena",1,"Exit_Zone",4
2352.392,"Info","Arena",1,"Enter_Zone",3
2352.502,"Info","Arena",7,"Exit_Zone",2
2352.502,"Info","Arena",7,"Enter_Zone",1
2352.688,"Info","Arena",5,"Exit_Zone",4
2352.688,"Info","Arena",5,"Enter_Zone",3
2352.723,"Info","Arena",7,"Exit_Zone",1
2352.723,"Info","Arena",7,"Enter_Zone",2
2352.979,"Info","Arena",7,"Exit_Zone",2
2352.979,"Info","Arena",7,"Enter_Zone",1
2353.015,"Info","Arena",7,"Exit_Zone",1
2353.015,"Info","Arena",7,"Enter_Zone",2
2353.123,"Info","Arena",7,"Exit_Zone",2
2353.123,"Info","Arena",7,"Enter_Zone",1
2353.484,"Info","Arena",7,"Exit_Zone",1
2353.484,"Info","Arena",7,"Enter_Zone",2
2354.125,"Info","Arena",7,"Exit_Zone",2
2354.125,"Info","Arena",7,"Enter_Zone",1
2354.471,"Info","Arena",7,"Exit_Zone",1
2354.471,"Info","Arena",7,"Enter_Zone",2
2354.505,"Info","Arena",7,"Exit_Zone",2
2354.505,"Info","Arena",7,"Enter_Zone",1
2354.603,"Info","Arena",7,"Exit_Zone",1
2354.603,"Info","Arena",7,"Enter_Zone",2
2355.235,"Info","Arena",1,"Exit_Zone",3
2355.235,"Info","Arena",1,"Enter_Zone",4
2355.564,"Info","Arena",7,"Exit_Zone",2
2355.564,"Info","Arena",7,"Enter_Zone",1
2356.088,"Info","Arena",7,"Exit_Zone",1
2356.088,"Info","Arena",7,"Enter_Zone",2
2356.298,"Info","Arena",1,"Exit_Zone",4
2356.298,"Info","Arena",1,"Enter_Zone",1
2356.935,"Info","Arena",2,"Exit_Zone",3
2356.935,"Info","Arena",2,"Enter_Zone",4
2356.935,"Info","Arena",7,"Exit_Zone",2
2356.935,"Info","Arena",7,"Enter_Zone",1
2357.065,"Info","Arena",7,"Exit_Zone",1
2357.065,"Info","Arena",7,"Enter_Zone",2
2357.165,"Info","Arena",2,"Exit_Zone",4
2357.165,"Info","Arena",2,"Enter_Zone",2
2357.752,"Info","Arena",5,"Exit_Zone",3
2357.752,"Info","Arena",5,"Enter_Zone",4
2357.891,"Info","Arena",7,"Exit_Zone",2
2357.891,"Info","Arena",7,"Enter_Zone",1
2357.995,"Info","Arena",7,"Exit_Zone",1
2357.995,"Info","Arena",7,"Enter_Zone",2
2358.318,"Info","Arena",7,"Exit_Zone",2
2358.318,"Info","Arena",7,"Enter_Zone",1
2358.354,"Info","Arena",7,"Exit_Zone",1
2358.354,"Info","Arena",7,"Enter_Zone",2
2358.669,"Info","Arena",5,"Exit_Zone",4
2358.669,"Info","Arena",5,"Enter_Zone",2
2358.669,"Info","Arena",7,"Exit_Zone",2
2358.669,"Info","Arena",7,"Enter_Zone",1
2358.704,"Info","Arena",2,"Exit_Zone",2
2358.704,"Info","Arena",2,"Enter_Zone",3
2358.704,"Info","Arena",7,"Exit_Zone",1
2358.704,"Info","Arena",7,"Enter_Zone",2
2358.737,"Info","Arena",2,"Exit_Zone",3
2358.737,"Info","Arena",2,"Enter_Zone",2
2358.913,"Info","Arena",7,"Exit_Zone",2
2358.913,"Info","Arena",7,"Enter_Zone",1
2358.980,"Info","Arena",7,"Exit_Zone",1
2358.980,"Info","Arena",7,"Enter_Zone",2
2359.079,"Info","Arena",8,"Exit_Zone",1
2359.079,"Info","Arena",8,"Enter_Zone",4
2359.182,"Info","Arena",6,"Exit_Zone",2
2359.182,"Info","Arena",6,"Enter_Zone",4
2359.557,"Info","Arena",7,"Exit_Zone",2
2359.557,"Info","Arena",7,"Enter_Zone",1
2359.823,"Info","Arena",7,"Exit_Zone",1
2359.823,"Info","Arena",7,"Enter_Zone",2
2359.991,"Info","Arena",7,"Exit_Zone",2
2359.991,"Info","Arena",7,"Enter_Zone",1
2360.025,"Info","Arena",7,"Exit_Zone",1
2360.025,"Info","Arena",7,"Enter_Zone",2
2360.059,"Info","Arena",6,"Exit_Zone",4
2360.059,"Info","Arena",6,"Enter_Zone",3
2360.091,"Info","Arena",2,"Exit_Zone",2
2360.091,"Info","Arena",2,"Enter_Zone",3
2360.129,"Info","Arena",2,"Exit_Zone",3
2360.129,"Info","Arena",2,"Enter_Zone",2
2360.197,"Info","Arena",7,"Exit_Zone",2
2360.197,"Info","Arena",7,"Enter_Zone",1
2360.242,"Info","Arena",8,"Exit_Zone",4
2360.242,"Info","Arena",8,"Enter_Zone",3
2360.279,"Info","Arena",1,"Exit_Zone",1
2360.279,"Info","Arena",1,"Enter_Zone",4
2360.583,"Info","Arena",7,"Exit_Zone",1
2360.583,"Info","Arena",7,"Enter_Zone",2
2360.762,"Info","Arena",1,"Exit_Zone",4
2360.762,"Info","Arena",1,"Enter_Zone",3
2360.762,"Info","Arena",7,"Exit_Zone",2
2360.762,"Info","Arena",7,"Enter_Zone",1
2360.863,"Info","Arena",7,"Exit_Zone",1
2360.863,"Info","Arena",7,"Enter_Zone",2
2360.933,"Info","Arena",7,"Exit_Zone",2
2360.933,"Info","Arena",7,"Enter_Zone",4
2361.078,"Info","Arena",7,"Exit_Zone",4
2361.078,"Info","Arena",7,"Enter_Zone",1
2362.502,"Info","Arena",8,"Exit_Zone",3
2362.502,"Info","Arena",8,"Enter_Zone",4
2362.738,"Info","Arena",2,"Exit_Zone",2
2362.738,"Info","Arena",2,"Enter_Zone",3
2362.938,"Info","Arena",1,"Exit_Zone",3
2362.938,"Info","Arena",1,"Enter_Zone",4
2363.169,"Info","Arena",1,"Exit_Zone",4
2363.169,"Info","Arena",1,"Enter_Zone",2
2363.445,"Info","Arena",2,"Exit_Zone",3
2363.445,"Info","Arena",2,"Enter_Zone",2
2363.922,"Info","Arena",8,"Exit_Zone",4
2363.922,"Info","Arena",8,"Enter_Zone",2
2364.274,"Info","Arena",5,"Exit_Zone",2
2364.274,"Info","Arena",5,"Enter_Zone",4
2364.680,"Info","Arena",5,"Exit_Zone",4
2364.680,"Info","Arena",5,"Enter_Zone",1
2365.457,"Info","Arena",2,"Exit_Zone",2
2365.457,"Info","Arena",2,"Enter_Zone",4
2365.765,"Info","Arena",7,"Exit_Zone",1
2365.765,"Info","Arena",7,"Enter_Zone",4
2365.970,"Info","Arena",7,"Exit_Zone",4
2365.970,"Info","Arena",7,"Enter_Zone",2
2366.178,"Info","Arena",2,"Exit_Zone",4
2366.178,"Info","Arena",2,"Enter_Zone",1
2366.293,"Info","Arena",7,"Exit_Zone",2
2366.293,"Info","Arena",7,"Enter_Zone",1
2367.161,"Info","Arena",7,"Exit_Zone",1
2367.161,"Info","Arena",7,"Enter_Zone",2
2367.334,"Info","Arena",1,"Exit_Zone",2
2367.334,"Info","Arena",1,"Enter_Zone",4
2367.558,"Info","Arena",7,"Exit_Zone",2
2367.558,"Info","Arena",7,"Enter_Zone",1
2367.621,"Info","Arena",1,"Exit_Zone",4
2367.621,"Info","Arena",1,"Enter_Zone",1
2367.656,"Info","Arena",7,"Exit_Zone",1
2367.656,"Info","Arena",7,"Enter_Zone",2
2367.719,"Info","Arena",7,"Exit_Zone",2
2367.719,"Info","Arena",7,"Enter_Zone",1
2367.943,"Info","Arena",5,"Exit_Zone",1
2367.943,"Info","Arena",5,"Enter_Zone",4
2368.073,"Info","Arena",7,"Exit_Zone",1
2368.073,"Info","Arena",7,"Enter_Zone",2
2368.249,"Info","Arena",2,"Exit_Zone",1
2368.249,"Info","Arena",2,"Enter_Zone",3
2368.280,"Info","Arena",7,"Exit_Zone",2
2368.280,"Info","Arena",7,"Enter_Zone",1
2368.312,"Info","Arena",7,"Exit_Zone",1
2368.312,"Info","Arena",7,"Enter_Zone",2
2368.343,"Info","Arena",7,"Exit_Zone",2
2368.343,"Info","Arena",7,"Enter_Zone",1
2368.436,"Info","Arena",7,"Exit_Zone",1
2368.436,"Info","Arena",7,"Enter_Zone",2
2368.500,"Info","Arena",2,"Exit_Zone",3
2368.500,"Info","Arena",2,"Enter_Zone",1
2368.565,"Info","Arena",2,"Exit_Zone",1
2368.565,"Info","Arena",2,"Enter_Zone",3
2368.597,"Info","Arena",2,"Exit_Zone",3
2368.597,"Info","Arena",2,"Enter_Zone",1
2368.631,"Info","Arena",7,"Exit_Zone",2
2368.631,"Info","Arena",7,"Enter_Zone",1
2368.897,"Info","Arena",7,"Exit_Zone",1
2368.897,"Info","Arena",7,"Enter_Zone",2
2369.003,"Info","Arena",5,"Exit_Zone",4
2369.003,"Info","Arena",5,"Enter_Zone",3
2369.110,"Info","Arena",7,"Exit_Zone",2
2369.110,"Info","Arena",7,"Enter_Zone",1
2369.219,"Info","Arena",7,"Exit_Zone",1
2369.219,"Info","Arena",7,"Enter_Zone",2
2369.289,"Info","Arena",7,"Exit_Zone",2
2369.289,"Info","Arena",7,"Enter_Zone",4
2369.359,"Info","Arena",2,"Exit_Zone",1
2369.359,"Info","Arena",2,"Enter_Zone",4
2369.430,"Info","Arena",7,"Exit_Zone",4
2369.430,"Info","Arena",7,"Enter_Zone",1
2369.714,"Info","Arena",2,"Exit_Zone",4
2369.714,"Info","Arena",2,"Enter_Zone",2
2369.817,"Info","Arena",6,"Exit_Zone",3
2369.817,"Info","Arena",6,"Enter_Zone",4
2370.411,"Info","Arena",2,"Exit_Zone",2
2370.411,"Info","Arena",2,"Enter_Zone",3
2370.510,"Info","Arena",2,"Exit_Zone",3
2370.510,"Info","Arena",2,"Enter_Zone",2
2371.123,"Info","Arena",8,"Exit_Zone",2
2371.123,"Info","Arena",8,"Enter_Zone",4
2371.236,"Info","Arena",1,"Exit_Zone",1
2371.236,"Info","Arena",1,"Enter_Zone",4
2371.408,"Info","Arena",6,"Exit_Zone",4
2371.408,"Info","Arena",6,"Enter_Zone",1
2371.659,"Info","Arena",2,"Exit_Zone",2
2371.659,"Info","Arena",2,"Enter_Zone",4
2371.842,"Info","Arena",1,"Exit_Zone",4
2371.842,"Info","Arena",1,"Enter_Zone",2
2372.333,"Info","Arena",2,"Exit_Zone",4
2372.333,"Info","Arena",2,"Enter_Zone",3
2372.631,"Info","Arena",7,"Exit_Zone",1
2372.631,"Info","Arena",7,"Enter_Zone",4
2372.927,"Info","Arena",8,"Exit_Zone",4
2372.927,"Info","Arena",8,"Enter_Zone",1
2373.373,"Info","Arena",7,"Exit_Zone",4
2373.373,"Info","Arena",7,"Enter_Zone",3
2373.725,"Info","Arena",5,"Exit_Zone",3
2373.725,"Info","Arena",5,"Enter_Zone",4
2374.143,"Info","Arena",5,"Exit_Zone",4
2374.143,"Info","Arena",5,"Enter_Zone",2
2374.439,"Info","Arena",7,"Exit_Zone",3
2374.439,"Info","Arena",7,"Enter_Zone",1
2374.475,"Info","Arena",7,"Exit_Zone",1
2374.475,"Info","Arena",7,"Enter_Zone",3
2374.969,"Info","Arena",1,"Exit_Zone",2
2374.969,"Info","Arena",1,"Enter_Zone",4
2375.304,"Info","Arena",7,"Exit_Zone",3
2375.304,"Info","Arena",7,"Enter_Zone",1
2375.338,"Info","Arena",7,"Exit_Zone",1
2375.338,"Info","Arena",7,"Enter_Zone",3
2375.711,"Info","Arena",7,"Exit_Zone",3
2375.711,"Info","Arena",7,"Enter_Zone",4
2375.748,"Info","Arena",1,"Exit_Zone",4
2375.748,"Info","Arena",1,"Enter_Zone",3
2375.864,"Info","Arena",2,"Exit_Zone",3
2375.864,"Info","Arena",2,"Enter_Zone",4
2376.077,"Info","Arena",7,"Exit_Zone",4
2376.077,"Info","Arena",7,"Enter_Zone",2
2376.438,"Info","Arena",2,"Exit_Zone",4
2376.438,"Info","Arena",2,"Enter_Zone",1
2377.038,"Info","Arena",6,"Exit_Zone",1
2377.038,"Info","Arena",6,"Enter_Zone",4
2377.292,"Info","Arena",2,"Exit_Zone",1
2377.292,"Info","Arena",2,"Enter_Zone",3
2377.901,"Info","Arena",2,"Exit_Zone",3
2377.901,"Info","Arena",2,"Enter_Zone",1
2378.549,"Info","Arena",6,"Exit_Zone",4
2378.549,"Info","Arena",6,"Enter_Zone",3
2378.790,"Info","Arena",7,"Exit_Zone",2
2378.790,"Info","Arena",7,"Enter_Zone",4
2379.088,"Info","Arena",5,"Exit_Zone",2
2379.088,"Info","Arena",5,"Enter_Zone",4
2379.199,"Info","Arena",1,"Exit_Zone",3
2379.199,"Info","Arena",1,"Enter_Zone",4
2379.199,"Info","Arena",7,"Exit_Zone",4
2379.199,"Info","Arena",7,"Enter_Zone",1
2379.474,"Info","Arena",1,"Exit_Zone",4
2379.474,"Info","Arena",1,"Enter_Zone",2
2379.625,"Info","Arena",5,"Exit_Zone",4
2379.625,"Info","Arena",5,"Enter_Zone",1
2380.221,"Info","Arena",2,"Exit_Zone",1
2380.221,"Info","Arena",2,"Enter_Zone",4
2380.811,"Info","Arena",2,"Exit_Zone",4
2380.811,"Info","Arena",2,"Enter_Zone",2
2381.018,"Info","Arena",2,"Exit_Zone",2
2381.018,"Info","Arena",2,"Enter_Zone",4
2381.122,"Info","Arena",2,"Exit_Zone",4
2381.122,"Info","Arena",2,"Enter_Zone",1
2382.203,"Info","Arena",7,"Exit_Zone",1
2382.203,"Info","Arena",7,"Enter_Zone",4
2382.929,"Info","Arena",1,"Exit_Zone",2
2382.929,"Info","Arena",1,"Enter_Zone",4
2383.003,"Info","Arena",7,"Exit_Zone",4
2383.003,"Info","Arena",7,"Enter_Zone",3
2383.078,"Info","Arena",7,"Exit_Zone",3
2383.078,"Info","Arena",7,"Enter_Zone",1
2383.112,"Info","Arena",7,"Exit_Zone",1
2383.112,"Info","Arena",7,"Enter_Zone",3
2383.236,"Info","Arena",1,"Exit_Zone",4
2383.236,"Info","Arena",1,"Enter_Zone",1
2384.307,"Info","Arena",5,"Exit_Zone",1
2384.307,"Info","Arena",5,"Enter_Zone",4
2384.653,"Info","Arena",5,"Exit_Zone",4
2384.653,"Info","Arena",5,"Enter_Zone",3
2384.728,"Info","Arena",6,"Exit_Zone",3
2384.728,"Info","Arena",6,"Enter_Zone",4
2384.945,"Info","Arena",1,"Exit_Zone",1
2384.945,"Info","Arena",1,"Enter_Zone",4
2385.244,"Info","Arena",7,"Exit_Zone",3
2385.244,"Info","Arena",7,"Enter_Zone",1
2385.614,"Info","Arena",1,"Exit_Zone",4
2385.614,"Info","Arena",1,"Enter_Zone",2
2385.726,"Info","Arena",7,"Exit_Zone",1
2385.726,"Info","Arena",7,"Enter_Zone",3
2386.315,"Info","Arena",7,"Exit_Zone",3
2386.315,"Info","Arena",7,"Enter_Zone",4
2386.470,"Info","Arena",6,"Exit_Zone",4
2386.470,"Info","Arena",6,"Enter_Zone",3
2386.543,"Info","Arena",7,"Exit_Zone",4
2386.543,"Info","Arena",7,"Enter_Zone",2
2386.617,"Info","Arena",2,"Exit_Zone",1
2386.617,"Info","Arena",2,"Enter_Zone",4
2387.156,"Info","Arena",2,"Exit_Zone",4
2387.156,"Info","Arena",2,"Enter_Zone",2
2387.241,"Info","Arena",3,"Exit_Zone",2
2387.241,"Info","Arena",3,"Enter_Zone",4
2387.390,"Info","Arena",5,"Exit_Zone",3
2387.390,"Info","Arena",5,"Enter_Zone",4
2387.426,"Info","Arena",2,"Exit_Zone",2
2387.426,"Info","Arena",2,"Enter_Zone",4
2387.618,"Info","Arena",2,"Exit_Zone",4
2387.618,"Info","Arena",2,"Enter_Zone",1
2387.655,"Info","Arena",5,"Exit_Zone",4
2387.655,"Info","Arena",5,"Enter_Zone",2
2387.769,"Info","Arena",1,"Exit_Zone",2
2387.769,"Info","Arena",1,"Enter_Zone",4
2388.140,"Info","Arena",3,"Exit_Zone",4
2388.140,"Info","Arena",3,"Enter_Zone",1
2388.223,"Info","Arena",1,"Exit_Zone",4
2388.223,"Info","Arena",1,"Enter_Zone",3
2388.621,"Info","Arena",2,"Exit_Zone",1
2388.621,"Info","Arena",2,"Enter_Zone",3
2388.760,"Info","Arena",6,"Exit_Zone",3
2388.760,"Info","Arena",6,"Enter_Zone",4
2388.895,"Info","Arena",2,"Exit_Zone",3
2388.895,"Info","Arena",2,"Enter_Zone",1
2388.895,"Info","Arena",8,"Exit_Zone",1
2388.895,"Info","Arena",8,"Enter_Zone",4
2389.143,"Info","Arena",7,"Exit_Zone",2
2389.143,"Info","Arena",7,"Enter_Zone",1
2389.175,"Info","Arena",7,"Exit_Zone",1
2389.175,"Info","Arena",7,"Enter_Zone",2
2389.357,"Info","Arena",7,"Exit_Zone",2
2389.357,"Info","Arena",7,"Enter_Zone",1
2389.552,"Info","Arena",7,"Exit_Zone",1
2389.552,"Info","Arena",7,"Enter_Zone",2
2390.118,"Info","Arena",7,"Exit_Zone",2
2390.118,"Info","Arena",7,"Enter_Zone",4
2390.459,"Info","Arena",7,"Exit_Zone",4
2390.459,"Info","Arena",7,"Enter_Zone",1
2390.459,"Info","Arena",8,"Exit_Zone",4
2390.459,"Info","Arena",8,"Enter_Zone",1
2391.034,"Info","Arena",1,"Exit_Zone",3
2391.034,"Info","Arena",1,"Enter_Zone",4
2391.388,"Info","Arena",1,"Exit_Zone",4
2391.388,"Info","Arena",1,"Enter_Zone",2
2392.333,"Info","Arena",6,"Exit_Zone",4
2392.333,"Info","Arena",6,"Enter_Zone",1
2392.727,"Info","Arena",7,"Exit_Zone",1
2392.727,"Info","Arena",7,"Enter_Zone",4
2393.355,"Info","Arena",7,"Exit_Zone",4
2393.355,"Info","Arena",7,"Enter_Zone",3
2393.426,"Info","Arena",2,"Exit_Zone",1
2393.426,"Info","Arena",2,"Enter_Zone",4
2393.806,"Info","Arena",2,"Exit_Zone",4
2393.806,"Info","Arena",2,"Enter_Zone",2
2393.806,"Info","Arena",7,"Exit_Zone",3
2393.806,"Info","Arena",7,"Enter_Zone",1
2393.877,"Info","Arena",5,"Exit_Zone",2
2393.877,"Info","Arena",5,"Enter_Zone",4
2394.241,"Info","Arena",2,"Exit_Zone",2
2394.241,"Info","Arena",2,"Enter_Zone",4
2394.375,"Info","Arena",7,"Exit_Zone",1
2394.375,"Info","Arena",7,"Enter_Zone",3
2394.444,"Info","Arena",2,"Exit_Zone",4
2394.444,"Info","Arena",2,"Enter_Zone",1
2395.205,"Info","Arena",5,"Exit_Zone",4
2395.205,"Info","Arena",5,"Enter_Zone",1
2395.514,"Info","Arena",2,"Exit_Zone",1
2395.514,"Info","Arena",2,"Enter_Zone",3
2395.585,"Info","Arena",2,"Exit_Zone",3
2395.585,"Info","Arena",2,"Enter_Zone",1
2395.585,"Info","Arena",7,"Exit_Zone",3
2395.585,"Info","Arena",7,"Enter_Zone",1
2396.013,"Info","Arena",7,"Exit_Zone",1
2396.013,"Info","Arena",7,"Enter_Zone",3
2396.482,"Info","Arena",7,"Exit_Zone",3
2396.482,"Info","Arena",7,"Enter_Zone",1
2396.609,"Info","Arena",7,"Exit_Zone",1
2396.609,"Info","Arena",7,"Enter_Zone",3
2396.742,"Info","Arena",7,"Exit_Zone",3
2396.742,"Info","Arena",7,"Enter_Zone",1
2397.289,"Info","Arena",7,"Exit_Zone",1
2397.289,"Info","Arena",7,"Enter_Zone",3
2397.398,"Info","Arena",7,"Exit_Zone",3
2397.398,"Info","Arena",7,"Enter_Zone",1
2397.429,"Info","Arena",7,"Exit_Zone",1
2397.429,"Info","Arena",7,"Enter_Zone",3
2397.767,"Info","Arena",2,"Exit_Zone",1
2397.767,"Info","Arena",2,"Enter_Zone",3
2397.838,"Info","Arena",7,"Exit_Zone",3
2397.838,"Info","Arena",7,"Enter_Zone",1
2398.090,"Info","Arena",1,"Exit_Zone",2
2398.090,"Info","Arena",1,"Enter_Zone",4
2398.241,"Info","Arena",2,"Exit_Zone",3
2398.241,"Info","Arena",2,"Enter_Zone",1
2398.274,"Info","Arena",1,"Exit_Zone",4
2398.274,"Info","Arena",1,"Enter_Zone",3
2398.412,"Info","Arena",7,"Exit_Zone",1
2398.412,"Info","Arena",7,"Enter_Zone",3
2398.447,"Info","Arena",7,"Exit_Zone",3
2398.447,"Info","Arena",7,"Enter_Zone",1
2398.483,"Info","Arena",7,"Exit_Zone",1
2398.483,"Info","Arena",7,"Enter_Zone",3
2398.555,"Info","Arena",7,"Exit_Zone",3
2398.555,"Info","Arena",7,"Enter_Zone",1
2398.767,"Info","Arena",7,"Exit_Zone",1
2398.767,"Info","Arena",7,"Enter_Zone",3
2398.997,"Info","Arena",6,"Exit_Zone",1
2398.997,"Info","Arena",6,"Enter_Zone",4
2399.275,"Info","Arena",7,"Exit_Zone",3
2399.275,"Info","Arena",7,"Enter_Zone",1
2399.311,"Info","Arena",7,"Exit_Zone",1
2399.311,"Info","Arena",7,"Enter_Zone",3
2399.575,"Info","Arena",7,"Exit_Zone",3
2399.575,"Info","Arena",7,"Enter_Zone",1
2399.905,"Info","Arena",7,"Exit_Zone",1
2399.905,"Info","Arena",7,"Enter_Zone",3
2399.980,"Info","Arena",6,"Exit_Zone",4
2399.980,"Info","Arena",6,"Enter_Zone",2
2400.505,"Info","Arena",2,"Exit_Zone",1
2400.505,"Info","Arena",2,"Enter_Zone",4
2400.505,"Info","Arena",7,"Exit_Zone",3
2400.505,"Info","Arena",7,"Enter_Zone",1
2400.540,"Info","Arena",7,"Exit_Zone",1
2400.540,"Info","Arena",7,"Enter_Zone",3
2400.653,"Info","Arena",7,"Exit_Zone",3
2400.653,"Info","Arena",7,"Enter_Zone",1
2400.829,"Info","Arena",2,"Exit_Zone",4
2400.829,"Info","Arena",2,"Enter_Zone",2
2400.966,"Info","Arena",7,"Exit_Zone",1
2400.966,"Info","Arena",7,"Enter_Zone",3
2401.077,"Info","Arena",7,"Exit_Zone",3
2401.077,"Info","Arena",7,"Enter_Zone",1
2401.183,"Info","Arena",2,"Exit_Zone",2
2401.183,"Info","Arena",2,"Enter_Zone",4
2401.262,"Info","Arena",7,"Exit_Zone",1
2401.262,"Info","Arena",7,"Enter_Zone",3
2401.442,"Info","Arena",2,"Exit_Zone",4
2401.442,"Info","Arena",2,"Enter_Zone",1
2401.550,"Info","Arena",7,"Exit_Zone",3
2401.550,"Info","Arena",7,"Enter_Zone",4
2402.285,"Info","Arena",7,"Exit_Zone",4
2402.285,"Info","Arena",7,"Enter_Zone",2
2402.323,"Info","Arena",7,"Exit_Zone",2
2402.323,"Info","Arena",7,"Enter_Zone",1
2402.356,"Info","Arena",8,"Exit_Zone",1
2402.356,"Info","Arena",8,"Enter_Zone",4
2402.464,"Info","Arena",1,"Exit_Zone",3
2402.464,"Info","Arena",1,"Enter_Zone",4
2402.464,"Info","Arena",8,"Exit_Zone",4
2402.464,"Info","Arena",8,"Enter_Zone",1
2402.495,"Info","Arena",7,"Exit_Zone",1
2402.495,"Info","Arena",7,"Enter_Zone",2
2402.639,"Info","Arena",1,"Exit_Zone",4
2402.639,"Info","Arena",1,"Enter_Zone",2
2402.712,"Info","Arena",7,"Exit_Zone",2
2402.712,"Info","Arena",7,"Enter_Zone",1
2403.646,"Info","Arena",7,"Exit_Zone",1
2403.646,"Info","Arena",7,"Enter_Zone",2
2403.717,"Info","Arena",7,"Exit_Zone",2
2403.717,"Info","Arena",7,"Enter_Zone",1
2403.751,"Info","Arena",7,"Exit_Zone",1
2403.751,"Info","Arena",7,"Enter_Zone",2
2404.203,"Info","Arena",7,"Exit_Zone",2
2404.203,"Info","Arena",7,"Enter_Zone",1
2404.516,"Info","Arena",7,"Exit_Zone",1
2404.516,"Info","Arena",7,"Enter_Zone",2
2405.517,"Info","Arena",7,"Exit_Zone",2
2405.517,"Info","Arena",7,"Enter_Zone",1
2405.722,"Info","Arena",7,"Exit_Zone",1
2405.722,"Info","Arena",7,"Enter_Zone",2
2405.793,"Info","Arena",7,"Exit_Zone",2
2405.793,"Info","Arena",7,"Enter_Zone",4
2405.904,"Info","Arena",7,"Exit_Zone",4
2405.904,"Info","Arena",7,"Enter_Zone",1
2407.624,"Info","Arena",1,"Exit_Zone",2
2407.624,"Info","Arena",1,"Enter_Zone",4
2408.076,"Info","Arena",1,"Exit_Zone",4
2408.076,"Info","Arena",1,"Enter_Zone",3
2409.136,"Info","Arena",7,"Exit_Zone",1
2409.136,"Info","Arena",7,"Enter_Zone",4
2409.282,"Info","Arena",7,"Exit_Zone",4
2409.282,"Info","Arena",7,"Enter_Zone",2
2410.047,"Info","Arena",7,"Exit_Zone",2
2410.047,"Info","Arena",7,"Enter_Zone",1
2410.253,"Info","Arena",7,"Exit_Zone",1
2410.253,"Info","Arena",7,"Enter_Zone",2
2410.319,"Info","Arena",2,"Exit_Zone",1
2410.319,"Info","Arena",2,"Enter_Zone",3
2410.749,"Info","Arena",2,"Exit_Zone",3
2410.749,"Info","Arena",2,"Enter_Zone",1
2411.137,"Info","Arena",7,"Exit_Zone",2
2411.137,"Info","Arena",7,"Enter_Zone",1
2411.255,"Info","Arena",7,"Exit_Zone",1
2411.255,"Info","Arena",7,"Enter_Zone",2
2411.696,"Info","Arena",5,"Exit_Zone",1
2411.696,"Info","Arena",5,"Enter_Zone",4
2411.733,"Info","Arena",2,"Exit_Zone",1
2411.733,"Info","Arena",2,"Enter_Zone",4
2411.842,"Info","Arena",6,"Exit_Zone",2
2411.842,"Info","Arena",6,"Enter_Zone",4
2411.842,"Info","Arena",7,"Exit_Zone",2
2411.842,"Info","Arena",7,"Enter_Zone",4
2412.063,"Info","Arena",2,"Exit_Zone",4
2412.063,"Info","Arena",2,"Enter_Zone",2
2412.175,"Info","Arena",6,"Exit_Zone",4
2412.175,"Info","Arena",6,"Enter_Zone",3
2412.258,"Info","Arena",7,"Exit_Zone",4
2412.258,"Info","Arena",7,"Enter_Zone",1
2412.441,"Info","Arena",5,"Exit_Zone",4
2412.441,"Info","Arena",5,"Enter_Zone",3
2412.513,"Info","Arena",2,"Exit_Zone",2
2412.513,"Info","Arena",2,"Enter_Zone",4
2412.623,"Info","Arena",2,"Exit_Zone",4
2412.623,"Info","Arena",2,"Enter_Zone",1
2413.579,"Info","Arena",2,"Exit_Zone",1
2413.579,"Info","Arena",2,"Enter_Zone",3
2413.705,"Info","Arena",2,"Exit_Zone",3
2413.705,"Info","Arena",2,"Enter_Zone",1
2413.842,"Info","Arena",2,"Exit_Zone",1
2413.842,"Info","Arena",2,"Enter_Zone",3
2413.909,"Info","Arena",2,"Exit_Zone",3
2413.909,"Info","Arena",2,"Enter_Zone",1
2413.909,"Info","Arena",6,"Exit_Zone",3
2413.909,"Info","Arena",6,"Enter_Zone",2
2414.008,"Info","Arena",6,"Exit_Zone",2
2414.008,"Info","Arena",6,"Enter_Zone",3
2414.042,"Info","Arena",6,"Exit_Zone",3
2414.042,"Info","Arena",6,"Enter_Zone",2
2414.221,"Info","Arena",6,"Exit_Zone",2
2414.221,"Info","Arena",6,"Enter_Zone",3
2414.255,"Info","Arena",6,"Exit_Zone",3
2414.255,"Info","Arena",6,"Enter_Zone",2
2414.322,"Info","Arena",6,"Exit_Zone",2
2414.322,"Info","Arena",6,"Enter_Zone",3
2414.392,"Info","Arena",6,"Exit_Zone",3
2414.392,"Info","Arena",6,"Enter_Zone",2
2414.426,"Info","Arena",6,"Exit_Zone",2
2414.426,"Info","Arena",6,"Enter_Zone",3
2414.711,"Info","Arena",3,"Exit_Zone",1
2414.711,"Info","Arena",3,"Enter_Zone",4
2414.856,"Info","Arena",3,"Exit_Zone",4
2414.856,"Info","Arena",3,"Enter_Zone",2
2415.370,"Info","Arena",7,"Exit_Zone",1
2415.370,"Info","Arena",7,"Enter_Zone",4
2415.477,"Info","Arena",7,"Exit_Zone",4
2415.477,"Info","Arena",7,"Enter_Zone",1
2415.694,"Info","Arena",2,"Exit_Zone",1
2415.694,"Info","Arena",2,"Enter_Zone",3
2415.694,"Info","Arena",3,"Exit_Zone",2
2415.694,"Info","Arena",3,"Enter_Zone",1
2415.729,"Info","Arena",3,"Exit_Zone",1
2415.729,"Info","Arena",3,"Enter_Zone",2
2416.008,"Info","Arena",2,"Exit_Zone",3
2416.008,"Info","Arena",2,"Enter_Zone",1
2416.043,"Info","Arena",2,"Exit_Zone",1
2416.043,"Info","Arena",2,"Enter_Zone",3
2416.079,"Info","Arena",1,"Exit_Zone",3
2416.079,"Info","Arena",1,"Enter_Zone",2
2416.146,"Info","Arena",1,"Exit_Zone",2
2416.146,"Info","Arena",1,"Enter_Zone",3
2416.182,"Info","Arena",2,"Exit_Zone",3
2416.182,"Info","Arena",2,"Enter_Zone",1
2416.300,"Info","Arena",6,"Exit_Zone",3
2416.300,"Info","Arena",6,"Enter_Zone",4
2416.730,"Info","Arena",5,"Exit_Zone",3
2416.730,"Info","Arena",5,"Enter_Zone",4
2417.314,"Info","Arena",6,"Exit_Zone",4
2417.314,"Info","Arena",6,"Enter_Zone",1
2417.781,"Info","Arena",5,"Exit_Zone",4
2417.781,"Info","Arena",5,"Enter_Zone",1
2417.999,"Info","Arena",4,"Exit_Zone",3
2417.999,"Info","Arena",4,"Enter_Zone",4
2418.036,"Info","Arena",2,"Exit_Zone",1
2418.036,"Info","Arena",2,"Enter_Zone",4
2418.549,"Info","Arena",2,"Exit_Zone",4
2418.549,"Info","Arena",2,"Enter_Zone",2
2419.296,"Info","Arena",2,"Exit_Zone",2
2419.296,"Info","Arena",2,"Enter_Zone",3
2419.331,"Info","Arena",1,"Exit_Zone",3
2419.331,"Info","Arena",1,"Enter_Zone",2
2419.331,"Info","Arena",2,"Exit_Zone",3
2419.331,"Info","Arena",2,"Enter_Zone",2
2419.763,"Info","Arena",1,"Exit_Zone",2
2419.763,"Info","Arena",1,"Enter_Zone",3
2420.628,"Info","Arena",4,"Exit_Zone",4
2420.628,"Info","Arena",4,"Enter_Zone",3
2420.695,"Info","Arena",4,"Exit_Zone",3
2420.695,"Info","Arena",4,"Enter_Zone",4
2420.728,"Info","Arena",4,"Exit_Zone",4
2420.728,"Info","Arena",4,"Enter_Zone",3
2421.096,"Info","Arena",2,"Exit_Zone",2
2421.096,"Info","Arena",2,"Enter_Zone",3
2421.367,"Info","Arena",2,"Exit_Zone",3
2421.367,"Info","Arena",2,"Enter_Zone",2
2421.468,"Info","Arena",2,"Exit_Zone",2
2421.468,"Info","Arena",2,"Enter_Zone",3
2421.635,"Info","Arena",2,"Exit_Zone",3
2421.635,"Info","Arena",2,"Enter_Zone",2
2421.877,"Info","Arena",8,"Exit_Zone",1
2421.877,"Info","Arena",8,"Enter_Zone",4
2422.502,"Info","Arena",1,"Exit_Zone",3
2422.502,"Info","Arena",1,"Enter_Zone",4
2422.770,"Info","Arena",2,"Exit_Zone",2
2422.770,"Info","Arena",2,"Enter_Zone",4
2422.844,"Info","Arena",1,"Exit_Zone",4
2422.844,"Info","Arena",1,"Enter_Zone",1
2423.072,"Info","Arena",2,"Exit_Zone",4
2423.072,"Info","Arena",2,"Enter_Zone",1
2423.423,"Info","Arena",2,"Exit_Zone",1
2423.423,"Info","Arena",2,"Enter_Zone",3
2423.423,"Info","Arena",6,"Exit_Zone",1
2423.423,"Info","Arena",6,"Enter_Zone",4
2423.815,"Info","Arena",2,"Exit_Zone",3
2423.815,"Info","Arena",2,"Enter_Zone",1
2424.024,"Info","Arena",1,"Exit_Zone",1
2424.024,"Info","Arena",1,"Enter_Zone",4
2424.357,"Info","Arena",1,"Exit_Zone",4
2424.357,"Info","Arena",1,"Enter_Zone",3
2424.357,"Info","Arena",5,"Exit_Zone",1
2424.357,"Info","Arena",5,"Enter_Zone",4
2424.357,"Info","Arena",6,"Exit_Zone",4
2424.357,"Info","Arena",6,"Enter_Zone",3
2424.819,"Info","Arena",3,"Exit_Zone",2
2424.819,"Info","Arena",3,"Enter_Zone",4
2424.889,"Info","Arena",5,"Exit_Zone",4
2424.889,"Info","Arena",5,"Enter_Zone",3
2424.996,"Info","Arena",8,"Exit_Zone",4
2424.996,"Info","Arena",8,"Enter_Zone",2
2425.279,"Info","Arena",3,"Exit_Zone",4
2425.279,"Info","Arena",3,"Enter_Zone",1
2425.376,"Info","Arena",2,"Exit_Zone",1
2425.376,"Info","Arena",2,"Enter_Zone",3
2425.729,"Info","Arena",2,"Exit_Zone",3
2425.729,"Info","Arena",2,"Enter_Zone",1
2427.457,"Info","Arena",2,"Exit_Zone",1
2427.457,"Info","Arena",2,"Enter_Zone",4
2427.491,"Info","Arena",7,"Exit_Zone",1
2427.491,"Info","Arena",7,"Enter_Zone",4
2427.720,"Info","Arena",7,"Exit_Zone",4
2427.720,"Info","Arena",7,"Enter_Zone",3
2427.849,"Info","Arena",2,"Exit_Zone",4
2427.849,"Info","Arena",2,"Enter_Zone",1
2428.179,"Info","Arena",7,"Exit_Zone",3
2428.179,"Info","Arena",7,"Enter_Zone",1
2428.283,"Info","Arena",7,"Exit_Zone",1
2428.283,"Info","Arena",7,"Enter_Zone",3
2428.546,"Info","Arena",7,"Exit_Zone",3
2428.546,"Info","Arena",7,"Enter_Zone",1
2428.575,"Info","Arena",7,"Exit_Zone",1
2428.575,"Info","Arena",7,"Enter_Zone",3
2429.442,"Info","Arena",7,"Exit_Zone",3
2429.442,"Info","Arena",7,"Enter_Zone",1
2429.475,"Info","Arena",4,"Exit_Zone",3
2429.475,"Info","Arena",4,"Enter_Zone",4
2429.758,"Info","Arena",7,"Exit_Zone",1
2429.758,"Info","Arena",7,"Enter_Zone",3
2430.257,"Info","Arena",7,"Exit_Zone",3
2430.257,"Info","Arena",7,"Enter_Zone",1
2430.364,"Info","Arena",7,"Exit_Zone",1
2430.364,"Info","Arena",7,"Enter_Zone",3
2430.620,"Info","Arena",7,"Exit_Zone",3
2430.620,"Info","Arena",7,"Enter_Zone",4
2430.693,"Info","Arena",7,"Exit_Zone",4
2430.693,"Info","Arena",7,"Enter_Zone",3
2430.838,"Info","Arena",1,"Exit_Zone",3
2430.838,"Info","Arena",1,"Enter_Zone",2
2430.940,"Info","Arena",1,"Exit_Zone",2
2430.940,"Info","Arena",1,"Enter_Zone",3
2431.314,"Info","Arena",7,"Exit_Zone",3
2431.314,"Info","Arena",7,"Enter_Zone",1
2431.500,"Info","Arena",7,"Exit_Zone",1
2431.500,"Info","Arena",7,"Enter_Zone",3
2431.538,"Info","Arena",1,"Exit_Zone",3
2431.538,"Info","Arena",1,"Enter_Zone",4
2431.690,"Info","Arena",6,"Exit_Zone",3
2431.690,"Info","Arena",6,"Enter_Zone",4
2431.764,"Info","Arena",1,"Exit_Zone",4
2431.764,"Info","Arena",1,"Enter_Zone",1
2431.951,"Info","Arena",4,"Exit_Zone",4
2431.951,"Info","Arena",4,"Enter_Zone",3
2432.297,"Info","Arena",6,"Exit_Zone",4
2432.297,"Info","Arena",6,"Enter_Zone",2
2432.485,"Info","Arena",7,"Exit_Zone",3
2432.485,"Info","Arena",7,"Enter_Zone",1
2432.767,"Info","Arena",2,"Exit_Zone",1
2432.767,"Info","Arena",2,"Enter_Zone",3
2432.835,"Info","Arena",7,"Exit_Zone",1
2432.835,"Info","Arena",7,"Enter_Zone",3
2433.004,"Info","Arena",2,"Exit_Zone",3
2433.004,"Info","Arena",2,"Enter_Zone",1
2433.373,"Info","Arena",7,"Exit_Zone",3
2433.373,"Info","Arena",7,"Enter_Zone",1
2433.408,"Info","Arena",7,"Exit_Zone",1
2433.408,"Info","Arena",7,"Enter_Zone",3
2433.918,"Info","Arena",1,"Exit_Zone",1
2433.918,"Info","Arena",1,"Enter_Zone",4
2433.918,"Info","Arena",8,"Exit_Zone",2
2433.918,"Info","Arena",8,"Enter_Zone",4
2434.019,"Info","Arena",5,"Exit_Zone",3
2434.019,"Info","Arena",5,"Enter_Zone",4
2434.233,"Info","Arena",2,"Exit_Zone",1
2434.233,"Info","Arena",2,"Enter_Zone",3
2434.266,"Info","Arena",7,"Exit_Zone",3
2434.266,"Info","Arena",7,"Enter_Zone",1
2434.363,"Info","Arena",1,"Exit_Zone",4
2434.363,"Info","Arena",1,"Enter_Zone",3
2434.427,"Info","Arena",2,"Exit_Zone",3
2434.427,"Info","Arena",2,"Enter_Zone",1
2434.427,"Info","Arena",7,"Exit_Zone",1
2434.427,"Info","Arena",7,"Enter_Zone",3
2434.664,"Info","Arena",7,"Exit_Zone",3
2434.664,"Info","Arena",7,"Enter_Zone",1
2434.933,"Info","Arena",7,"Exit_Zone",1
2434.933,"Info","Arena",7,"Enter_Zone",3
2435.107,"Info","Arena",2,"Exit_Zone",1
2435.107,"Info","Arena",2,"Enter_Zone",4
2435.107,"Info","Arena",5,"Exit_Zone",4
2435.107,"Info","Arena",5,"Enter_Zone",2
2435.178,"Info","Arena",8,"Exit_Zone",4
2435.178,"Info","Arena",8,"Enter_Zone",1
2435.424,"Info","Arena",7,"Exit_Zone",3
2435.424,"Info","Arena",7,"Enter_Zone",1
2435.588,"Info","Arena",7,"Exit_Zone",1
2435.588,"Info","Arena",7,"Enter_Zone",3
2435.622,"Info","Arena",2,"Exit_Zone",4
2435.622,"Info","Arena",2,"Enter_Zone",3
2435.858,"Info","Arena",7,"Exit_Zone",3
2435.858,"Info","Arena",7,"Enter_Zone",1
2436.114,"Info","Arena",7,"Exit_Zone",1
2436.114,"Info","Arena",7,"Enter_Zone",3
2436.889,"Info","Arena",7,"Exit_Zone",3
2436.889,"Info","Arena",7,"Enter_Zone",1
2437.118,"Info","Arena",7,"Exit_Zone",1
2437.118,"Info","Arena",7,"Enter_Zone",3
2437.393,"Info","Arena",6,"Exit_Zone",2
2437.393,"Info","Arena",6,"Enter_Zone",4
2437.459,"Info","Arena",7,"Exit_Zone",3
2437.459,"Info","Arena",7,"Enter_Zone",1
2437.521,"Info","Arena",7,"Exit_Zone",1
2437.521,"Info","Arena",7,"Enter_Zone",3
2437.584,"Info","Arena",7,"Exit_Zone",3
2437.584,"Info","Arena",7,"Enter_Zone",1
2437.615,"Info","Arena",7,"Exit_Zone",1
2437.615,"Info","Arena",7,"Enter_Zone",3
2437.705,"Info","Arena",7,"Exit_Zone",3
2437.705,"Info","Arena",7,"Enter_Zone",1
2437.764,"Info","Arena",7,"Exit_Zone",1
2437.764,"Info","Arena",7,"Enter_Zone",3
2437.852,"Info","Arena",7,"Exit_Zone",3
2437.852,"Info","Arena",7,"Enter_Zone",1
2437.910,"Info","Arena",7,"Exit_Zone",1
2437.910,"Info","Arena",7,"Enter_Zone",3
2438.024,"Info","Arena",6,"Exit_Zone",4
2438.024,"Info","Arena",6,"Enter_Zone",1
2439.063,"Info","Arena",7,"Exit_Zone",3
2439.063,"Info","Arena",7,"Enter_Zone",1
2439.296,"Info","Arena",7,"Exit_Zone",1
2439.296,"Info","Arena",7,"Enter_Zone",3
2439.565,"Info","Arena",7,"Exit_Zone",3
2439.565,"Info","Arena",7,"Enter_Zone",1
2439.697,"Info","Arena",7,"Exit_Zone",1
2439.697,"Info","Arena",7,"Enter_Zone",3
2439.898,"Info","Arena",7,"Exit_Zone",3
2439.898,"Info","Arena",7,"Enter_Zone",1
2439.932,"Info","Arena",7,"Exit_Zone",1
2439.932,"Info","Arena",7,"Enter_Zone",3
2440.669,"Info","Arena",5,"Exit_Zone",2
2440.669,"Info","Arena",5,"Enter_Zone",4
2441.044,"Info","Arena",1,"Exit_Zone",3
2441.044,"Info","Arena",1,"Enter_Zone",4
2441.044,"Info","Arena",5,"Exit_Zone",4
2441.044,"Info","Arena",5,"Enter_Zone",1
2441.044,"Info","Arena",7,"Exit_Zone",3
2441.044,"Info","Arena",7,"Enter_Zone",1
2441.273,"Info","Arena",1,"Exit_Zone",4
2441.273,"Info","Arena",1,"Enter_Zone",1
2441.613,"Info","Arena",7,"Exit_Zone",1
2441.613,"Info","Arena",7,"Enter_Zone",3
2441.853,"Info","Arena",7,"Exit_Zone",3
2441.853,"Info","Arena",7,"Enter_Zone",1
2441.886,"Info","Arena",7,"Exit_Zone",1
2441.886,"Info","Arena",7,"Enter_Zone",3
2441.957,"Info","Arena",7,"Exit_Zone",3
2441.957,"Info","Arena",7,"Enter_Zone",1
2442.064,"Info","Arena",7,"Exit_Zone",1
2442.064,"Info","Arena",7,"Enter_Zone",3
2442.363,"Info","Arena",7,"Exit_Zone",3
2442.363,"Info","Arena",7,"Enter_Zone",1
2442.397,"Info","Arena",7,"Exit_Zone",1
2442.397,"Info","Arena",7,"Enter_Zone",3
2442.433,"Info","Arena",1,"Exit_Zone",1
2442.433,"Info","Arena",1,"Enter_Zone",4
2442.654,"Info","Arena",1,"Exit_Zone",4
2442.654,"Info","Arena",1,"Enter_Zone",3
2442.726,"Info","Arena",7,"Exit_Zone",3
2442.726,"Info","Arena",7,"Enter_Zone",1
2442.762,"Info","Arena",7,"Exit_Zone",1
2442.762,"Info","Arena",7,"Enter_Zone",3
2443.200,"Info","Arena",7,"Exit_Zone",3
2443.200,"Info","Arena",7,"Enter_Zone",1
2443.316,"Info","Arena",7,"Exit_Zone",1
2443.316,"Info","Arena",7,"Enter_Zone",3
2443.353,"Info","Arena",7,"Exit_Zone",3
2443.353,"Info","Arena",7,"Enter_Zone",1
2443.424,"Info","Arena",7,"Exit_Zone",1
2443.424,"Info","Arena",7,"Enter_Zone",3
2443.495,"Info","Arena",7,"Exit_Zone",3
2443.495,"Info","Arena",7,"Enter_Zone",1
2443.564,"Info","Arena",7,"Exit_Zone",1
2443.564,"Info","Arena",7,"Enter_Zone",3
2444.387,"Info","Arena",7,"Exit_Zone",3
2444.387,"Info","Arena",7,"Enter_Zone",1
2444.423,"Info","Arena",1,"Exit_Zone",3
2444.423,"Info","Arena",1,"Enter_Zone",2
2444.459,"Info","Arena",1,"Exit_Zone",2
2444.459,"Info","Arena",1,"Enter_Zone",3
2444.633,"Info","Arena",7,"Exit_Zone",1
2444.633,"Info","Arena",7,"Enter_Zone",3
2444.885,"Info","Arena",7,"Exit_Zone",3
2444.885,"Info","Arena",7,"Enter_Zone",1
2444.991,"Info","Arena",6,"Exit_Zone",1
2444.991,"Info","Arena",6,"Enter_Zone",4
2445.202,"Info","Arena",7,"Exit_Zone",1
2445.202,"Info","Arena",7,"Enter_Zone",3
2445.247,"Info","Arena",7,"Exit_Zone",3
2445.247,"Info","Arena",7,"Enter_Zone",1
2445.422,"Info","Arena",4,"Exit_Zone",3
2445.422,"Info","Arena",4,"Enter_Zone",4
2445.458,"Info","Arena",2,"Exit_Zone",3
2445.458,"Info","Arena",2,"Enter_Zone",4
2445.458,"Info","Arena",7,"Exit_Zone",1
2445.458,"Info","Arena",7,"Enter_Zone",3
2445.711,"Info","Arena",7,"Exit_Zone",3
2445.711,"Info","Arena",7,"Enter_Zone",1
2445.891,"Info","Arena",2,"Exit_Zone",4
2445.891,"Info","Arena",2,"Enter_Zone",1
2445.891,"Info","Arena",7,"Exit_Zone",1
2445.891,"Info","Arena",7,"Enter_Zone",3
2446.106,"Info","Arena",7,"Exit_Zone",3
2446.106,"Info","Arena",7,"Enter_Zone",1
2446.178,"Info","Arena",7,"Exit_Zone",1
2446.178,"Info","Arena",7,"Enter_Zone",3
2446.261,"Info","Arena",7,"Exit_Zone",3
2446.261,"Info","Arena",7,"Enter_Zone",1
2446.296,"Info","Arena",4,"Exit_Zone",4
2446.296,"Info","Arena",4,"Enter_Zone",2
2446.439,"Info","Arena",6,"Exit_Zone",4
2446.439,"Info","Arena",6,"Enter_Zone",2
2446.796,"Info","Arena",7,"Exit_Zone",1
2446.796,"Info","Arena",7,"Enter_Zone",3
2446.904,"Info","Arena",5,"Exit_Zone",1
2446.904,"Info","Arena",5,"Enter_Zone",4
2447.231,"Info","Arena",7,"Exit_Zone",3
2447.231,"Info","Arena",7,"Enter_Zone",1
2447.265,"Info","Arena",7,"Exit_Zone",1
2447.265,"Info","Arena",7,"Enter_Zone",3
2447.823,"Info","Arena",5,"Exit_Zone",4
2447.823,"Info","Arena",5,"Enter_Zone",3
2447.892,"Info","Arena",7,"Exit_Zone",3
2447.892,"Info","Arena",7,"Enter_Zone",1
2448.127,"Info","Arena",7,"Exit_Zone",1
2448.127,"Info","Arena",7,"Enter_Zone",3
2448.243,"Info","Arena",7,"Exit_Zone",3
2448.243,"Info","Arena",7,"Enter_Zone",1
2448.726,"Info","Arena",7,"Exit_Zone",1
2448.726,"Info","Arena",7,"Enter_Zone",3
2448.760,"Info","Arena",2,"Exit_Zone",1
2448.760,"Info","Arena",2,"Enter_Zone",3
2448.859,"Info","Arena",2,"Exit_Zone",3
2448.859,"Info","Arena",2,"Enter_Zone",1
2448.890,"Info","Arena",2,"Exit_Zone",1
2448.890,"Info","Arena",2,"Enter_Zone",3
2448.953,"Info","Arena",7,"Exit_Zone",3
2448.953,"Info","Arena",7,"Enter_Zone",1
2449.052,"Info","Arena",2,"Exit_Zone",3
2449.052,"Info","Arena",2,"Enter_Zone",1
2449.052,"Info","Arena",7,"Exit_Zone",1
2449.052,"Info","Arena",7,"Enter_Zone",3
2449.293,"Info","Arena",8,"Exit_Zone",1
2449.293,"Info","Arena",8,"Enter_Zone",4
2449.524,"Info","Arena",7,"Exit_Zone",3
2449.524,"Info","Arena",7,"Enter_Zone",1
2449.685,"Info","Arena",7,"Exit_Zone",1
2449.685,"Info","Arena",7,"Enter_Zone",3
2450.115,"Info","Arena",2,"Exit_Zone",1
2450.115,"Info","Arena",2,"Enter_Zone",4
2450.557,"Info","Arena",4,"Exit_Zone",2
2450.557,"Info","Arena",4,"Enter_Zone",4
2450.622,"Info","Arena",2,"Exit_Zone",4
2450.622,"Info","Arena",2,"Enter_Zone",3
2451.061,"Info","Arena",7,"Exit_Zone",3
2451.061,"Info","Arena",7,"Enter_Zone",1
2451.298,"Info","Arena",7,"Exit_Zone",1
2451.298,"Info","Arena",7,"Enter_Zone",3
2451.533,"Info","Arena",7,"Exit_Zone",3
2451.533,"Info","Arena",7,"Enter_Zone",1
2451.565,"Info","Arena",7,"Exit_Zone",1
2451.565,"Info","Arena",7,"Enter_Zone",3
2451.763,"Info","Arena",4,"Exit_Zone",4
2451.763,"Info","Arena",4,"Enter_Zone",3
2451.925,"Info","Arena",8,"Exit_Zone",4
2451.925,"Info","Arena",8,"Enter_Zone",3
2452.502,"Info","Arena",6,"Exit_Zone",2
2452.502,"Info","Arena",6,"Enter_Zone",4
2452.502,"Info","Arena",7,"Exit_Zone",3
2452.502,"Info","Arena",7,"Enter_Zone",1
2452.673,"Info","Arena",7,"Exit_Zone",1
2452.673,"Info","Arena",7,"Enter_Zone",3
2453.008,"Info","Arena",1,"Exit_Zone",3
2453.008,"Info","Arena",1,"Enter_Zone",4
2453.079,"Info","Arena",5,"Exit_Zone",3
2453.079,"Info","Arena",5,"Enter_Zone",4
2453.260,"Info","Arena",7,"Exit_Zone",3
2453.260,"Info","Arena",7,"Enter_Zone",1
2453.364,"Info","Arena",1,"Exit_Zone",4
2453.364,"Info","Arena",1,"Enter_Zone",1
2453.562,"Info","Arena",5,"Exit_Zone",4
2453.562,"Info","Arena",5,"Enter_Zone",1
2453.596,"Info","Arena",7,"Exit_Zone",1
2453.596,"Info","Arena",7,"Enter_Zone",3
2453.631,"Info","Arena",7,"Exit_Zone",3
2453.631,"Info","Arena",7,"Enter_Zone",1
2453.875,"Info","Arena",7,"Exit_Zone",1
2453.875,"Info","Arena",7,"Enter_Zone",3
2454.128,"Info","Arena",2,"Exit_Zone",3
2454.128,"Info","Arena",2,"Enter_Zone",4
2454.161,"Info","Arena",2,"Exit_Zone",4
2454.161,"Info","Arena",2,"Enter_Zone",2
2454.493,"Info","Arena",7,"Exit_Zone",3
2454.493,"Info","Arena",7,"Enter_Zone",1
2454.558,"Info","Arena",4,"Exit_Zone",3
2454.558,"Info","Arena",4,"Enter_Zone",4
2454.558,"Info","Arena",6,"Exit_Zone",4
2454.558,"Info","Arena",6,"Enter_Zone",1
2454.624,"Info","Arena",7,"Exit_Zone",1
2454.624,"Info","Arena",7,"Enter_Zone",3
2454.918,"Info","Arena",7,"Exit_Zone",3
2454.918,"Info","Arena",7,"Enter_Zone",1
2455.106,"Info","Arena",7,"Exit_Zone",1
2455.106,"Info","Arena",7,"Enter_Zone",3
2455.857,"Info","Arena",2,"Exit_Zone",2
2455.857,"Info","Arena",2,"Enter_Zone",3
2455.857,"Info","Arena",7,"Exit_Zone",3
2455.857,"Info","Arena",7,"Enter_Zone",1
2456.030,"Info","Arena",2,"Exit_Zone",3
2456.030,"Info","Arena",2,"Enter_Zone",2
2456.030,"Info","Arena",7,"Exit_Zone",1
2456.030,"Info","Arena",7,"Enter_Zone",3
2456.183,"Info","Arena",1,"Exit_Zone",1
2456.183,"Info","Arena",1,"Enter_Zone",4
2456.796,"Info","Arena",1,"Exit_Zone",4
2456.796,"Info","Arena",1,"Enter_Zone",3
2457.119,"Info","Arena",8,"Exit_Zone",3
2457.119,"Info","Arena",8,"Enter_Zone",4
2457.382,"Info","Arena",7,"Exit_Zone",3
2457.382,"Info","Arena",7,"Enter_Zone",1
2457.416,"Info","Arena",7,"Exit_Zone",1
2457.416,"Info","Arena",7,"Enter_Zone",3
2457.691,"Info","Arena",7,"Exit_Zone",3
2457.691,"Info","Arena",7,"Enter_Zone",1
2457.864,"Info","Arena",7,"Exit_Zone",1
2457.864,"Info","Arena",7,"Enter_Zone",3
2457.933,"Info","Arena",7,"Exit_Zone",3
2457.933,"Info","Arena",7,"Enter_Zone",1
2458.001,"Info","Arena",7,"Exit_Zone",1
2458.001,"Info","Arena",7,"Enter_Zone",3
2458.001,"Info","Arena",8,"Exit_Zone",4
2458.001,"Info","Arena",8,"Enter_Zone",1
2458.196,"Info","Arena",4,"Exit_Zone",4
2458.196,"Info","Arena",4,"Enter_Zone",3
2458.237,"Info","Arena",4,"Exit_Zone",3
2458.237,"Info","Arena",4,"Enter_Zone",4
2458.303,"Info","Arena",4,"Exit_Zone",4
2458.303,"Info","Arena",4,"Enter_Zone",3
2458.549,"Info","Arena",7,"Exit_Zone",3
2458.549,"Info","Arena",7,"Enter_Zone",1
2458.649,"Info","Arena",4,"Exit_Zone",3
2458.649,"Info","Arena",4,"Enter_Zone",4
2458.686,"Info","Arena",4,"Exit_Zone",4
2458.686,"Info","Arena",4,"Enter_Zone",3
2459.095,"Info","Arena",7,"Exit_Zone",1
2459.095,"Info","Arena",7,"Enter_Zone",3
2459.397,"Info","Arena",7,"Exit_Zone",3
2459.397,"Info","Arena",7,"Enter_Zone",4
2459.468,"Info","Arena",7,"Exit_Zone",4
2459.468,"Info","Arena",7,"Enter_Zone",1
2459.503,"Info","Arena",2,"Exit_Zone",2
2459.503,"Info","Arena",2,"Enter_Zone",3
2459.503,"Info","Arena",7,"Exit_Zone",1
2459.503,"Info","Arena",7,"Enter_Zone",4
2459.540,"Info","Arena",6,"Exit_Zone",1
2459.540,"Info","Arena",6,"Enter_Zone",4
2459.540,"Info","Arena",7,"Exit_Zone",4
2459.540,"Info","Arena",7,"Enter_Zone",2
2460.097,"Info","Arena",4,"Exit_Zone",3
2460.097,"Info","Arena",4,"Enter_Zone",4
2460.167,"Info","Arena",2,"Exit_Zone",3
2460.167,"Info","Arena",2,"Enter_Zone",2
2460.283,"Info","Arena",6,"Exit_Zone",4
2460.283,"Info","Arena",6,"Enter_Zone",3
2460.605,"Info","Arena",7,"Exit_Zone",2
2460.605,"Info","Arena",7,"Enter_Zone",1
2460.710,"Info","Arena",7,"Exit_Zone",1
2460.710,"Info","Arena",7,"Enter_Zone",2
2461.205,"Info","Arena",5,"Exit_Zone",1
2461.205,"Info","Arena",5,"Enter_Zone",4
2461.359,"Info","Arena",4,"Exit_Zone",4
2461.359,"Info","Arena",4,"Enter_Zone",2
2461.394,"Info","Arena",3,"Exit_Zone",1
2461.394,"Info","Arena",3,"Enter_Zone",4
2461.668,"Info","Arena",5,"Exit_Zone",4
2461.668,"Info","Arena",5,"Enter_Zone",3
2461.838,"Info","Arena",7,"Exit_Zone",2
2461.838,"Info","Arena",7,"Enter_Zone",1
2462.140,"Info","Arena",7,"Exit_Zone",1
2462.140,"Info","Arena",7,"Enter_Zone",2
2462.218,"Info","Arena",3,"Exit_Zone",4
2462.218,"Info","Arena",3,"Enter_Zone",2
2463.085,"Info","Arena",7,"Exit_Zone",2
2463.085,"Info","Arena",7,"Enter_Zone",1
2463.231,"Info","Arena",7,"Exit_Zone",1
2463.231,"Info","Arena",7,"Enter_Zone",2
2463.368,"Info","Arena",2,"Exit_Zone",2
2463.368,"Info","Arena",2,"Enter_Zone",3
2463.644,"Info","Arena",2,"Exit_Zone",3
2463.644,"Info","Arena",2,"Enter_Zone",2
2464.221,"Info","Arena",5,"Exit_Zone",3
2464.221,"Info","Arena",5,"Enter_Zone",4
2464.621,"Info","Arena",1,"Exit_Zone",3
2464.621,"Info","Arena",1,"Enter_Zone",4
2464.843,"Info","Arena",1,"Exit_Zone",4
2464.843,"Info","Arena",1,"Enter_Zone",2
2465.064,"Info","Arena",7,"Exit_Zone",2
2465.064,"Info","Arena",7,"Enter_Zone",4
2465.376,"Info","Arena",7,"Exit_Zone",4
2465.376,"Info","Arena",7,"Enter_Zone",1
2465.525,"Info","Arena",5,"Exit_Zone",4
2465.525,"Info","Arena",5,"Enter_Zone",2
2465.741,"Info","Arena",7,"Exit_Zone",1
2465.741,"Info","Arena",7,"Enter_Zone",4
2465.813,"Info","Arena",7,"Exit_Zone",4
2465.813,"Info","Arena",7,"Enter_Zone",2
2466.000,"Info","Arena",2,"Exit_Zone",2
2466.000,"Info","Arena",2,"Enter_Zone",3
2466.182,"Info","Arena",1,"Exit_Zone",2
2466.182,"Info","Arena",1,"Enter_Zone",4
2466.458,"Info","Arena",2,"Exit_Zone",3
2466.458,"Info","Arena",2,"Enter_Zone",2
2466.533,"Info","Arena",1,"Exit_Zone",4
2466.533,"Info","Arena",1,"Enter_Zone",3
2466.571,"Info","Arena",6,"Exit_Zone",3
2466.571,"Info","Arena",6,"Enter_Zone",2
2466.609,"Info","Arena",6,"Exit_Zone",2
2466.609,"Info","Arena",6,"Enter_Zone",3
2466.949,"Info","Arena",7,"Exit_Zone",2
2466.949,"Info","Arena",7,"Enter_Zone",1
2467.028,"Info","Arena",7,"Exit_Zone",1
2467.028,"Info","Arena",7,"Enter_Zone",2
2467.174,"Info","Arena",2,"Exit_Zone",2
2467.174,"Info","Arena",2,"Enter_Zone",3
2467.229,"Info","Arena",2,"Exit_Zone",3
2467.229,"Info","Arena",2,"Enter_Zone",2
2467.482,"Info","Arena",7,"Exit_Zone",2
2467.482,"Info","Arena",7,"Enter_Zone",1
2467.518,"Info","Arena",7,"Exit_Zone",1
2467.518,"Info","Arena",7,"Enter_Zone",2
2467.696,"Info","Arena",7,"Exit_Zone",2
2467.696,"Info","Arena",7,"Enter_Zone",1
2468.009,"Info","Arena",7,"Exit_Zone",1
2468.009,"Info","Arena",7,"Enter_Zone",2
2468.042,"Info","Arena",7,"Exit_Zone",2
2468.042,"Info","Arena",7,"Enter_Zone",1
2468.256,"Info","Arena",7,"Exit_Zone",1
2468.256,"Info","Arena",7,"Enter_Zone",2
2468.396,"Info","Arena",2,"Exit_Zone",2
2468.396,"Info","Arena",2,"Enter_Zone",3
2468.431,"Info","Arena",2,"Exit_Zone",3
2468.431,"Info","Arena",2,"Enter_Zone",2
2468.785,"Info","Arena",7,"Exit_Zone",2
2468.785,"Info","Arena",7,"Enter_Zone",4
2468.933,"Info","Arena",7,"Exit_Zone",4
2468.933,"Info","Arena",7,"Enter_Zone",1
2469.006,"Info","Arena",7,"Exit_Zone",1
2469.006,"Info","Arena",7,"Enter_Zone",4
2469.160,"Info","Arena",1,"Exit_Zone",3
2469.160,"Info","Arena",1,"Enter_Zone",4
2469.242,"Info","Arena",7,"Exit_Zone",4
2469.242,"Info","Arena",7,"Enter_Zone",3
2469.386,"Info","Arena",7,"Exit_Zone",3
2469.386,"Info","Arena",7,"Enter_Zone",1
2469.458,"Info","Arena",7,"Exit_Zone",1
2469.458,"Info","Arena",7,"Enter_Zone",3
2469.563,"Info","Arena",7,"Exit_Zone",3
2469.563,"Info","Arena",7,"Enter_Zone",1
2469.668,"Info","Arena",1,"Exit_Zone",4
2469.668,"Info","Arena",1,"Enter_Zone",2
2469.703,"Info","Arena",1,"Exit_Zone",2
2469.703,"Info","Arena",1,"Enter_Zone",4
2469.703,"Info","Arena",7,"Exit_Zone",1
2469.703,"Info","Arena",7,"Enter_Zone",3
2469.918,"Info","Arena",5,"Exit_Zone",2
2469.918,"Info","Arena",5,"Enter_Zone",4
2469.954,"Info","Arena",7,"Exit_Zone",3
2469.954,"Info","Arena",7,"Enter_Zone",1
2470.276,"Info","Arena",3,"Exit_Zone",2
2470.276,"Info","Arena",3,"Enter_Zone",4
2470.310,"Info","Arena",5,"Exit_Zone",4
2470.310,"Info","Arena",5,"Enter_Zone",3
2470.381,"Info","Arena",1,"Exit_Zone",4
2470.381,"Info","Arena",1,"Enter_Zone",3
2470.381,"Info","Arena",3,"Exit_Zone",4
2470.381,"Info","Arena",3,"Enter_Zone",3
2470.381,"Info","Arena",7,"Exit_Zone",1
2470.381,"Info","Arena",7,"Enter_Zone",3
2470.451,"Info","Arena",7,"Exit_Zone",3
2470.451,"Info","Arena",7,"Enter_Zone",1
2470.827,"Info","Arena",7,"Exit_Zone",1
2470.827,"Info","Arena",7,"Enter_Zone",3
2470.897,"Info","Arena",7,"Exit_Zone",3
2470.897,"Info","Arena",7,"Enter_Zone",1
2470.934,"Info","Arena",7,"Exit_Zone",1
2470.934,"Info","Arena",7,"Enter_Zone",3
2471.004,"Info","Arena",7,"Exit_Zone",3
2471.004,"Info","Arena",7,"Enter_Zone",4
2471.226,"Info","Arena",7,"Exit_Zone",4
2471.226,"Info","Arena",7,"Enter_Zone",2
2471.465,"Info","Arena",8,"Exit_Zone",1
2471.465,"Info","Arena",8,"Enter_Zone",4
2471.566,"Info","Arena",2,"Exit_Zone",2
2471.566,"Info","Arena",2,"Enter_Zone",3
2471.633,"Info","Arena",2,"Exit_Zone",3
2471.633,"Info","Arena",2,"Enter_Zone",2
2472.010,"Info","Arena",7,"Exit_Zone",2
2472.010,"Info","Arena",7,"Enter_Zone",1
2472.363,"Info","Arena",7,"Exit_Zone",1
2472.363,"Info","Arena",7,"Enter_Zone",2
2472.669,"Info","Arena",7,"Exit_Zone",2
2472.669,"Info","Arena",7,"Enter_Zone",1
2472.669,"Info","Arena",8,"Exit_Zone",4
2472.669,"Info","Arena",8,"Enter_Zone",3
2472.703,"Info","Arena",7,"Exit_Zone",1
2472.703,"Info","Arena",7,"Enter_Zone",2
2472.804,"Info","Arena",7,"Exit_Zone",2
2472.804,"Info","Arena",7,"Enter_Zone",1
2473.074,"Info","Arena",7,"Exit_Zone",1
2473.074,"Info","Arena",7,"Enter_Zone",2
2473.458,"Info","Arena",1,"Exit_Zone",3
2473.458,"Info","Arena",1,"Enter_Zone",4
2473.739,"Info","Arena",1,"Exit_Zone",4
2473.739,"Info","Arena",1,"Enter_Zone",2
2473.776,"Info","Arena",7,"Exit_Zone",2
2473.776,"Info","Arena",7,"Enter_Zone",1
2473.811,"Info","Arena",6,"Exit_Zone",3
2473.811,"Info","Arena",6,"Enter_Zone",4
2473.991,"Info","Arena",7,"Exit_Zone",1
2473.991,"Info","Arena",7,"Enter_Zone",2
2474.202,"Info","Arena",2,"Exit_Zone",2
2474.202,"Info","Arena",2,"Enter_Zone",3
2474.245,"Info","Arena",7,"Exit_Zone",2
2474.245,"Info","Arena",7,"Enter_Zone",1
2474.348,"Info","Arena",1,"Exit_Zone",2
2474.348,"Info","Arena",1,"Enter_Zone",4
2474.515,"Info","Arena",1,"Exit_Zone",4
2474.515,"Info","Arena",1,"Enter_Zone",1
2474.515,"Info","Arena",7,"Exit_Zone",1
2474.515,"Info","Arena",7,"Enter_Zone",2
2474.728,"Info","Arena",1,"Exit_Zone",1
2474.728,"Info","Arena",1,"Enter_Zone",4
2474.728,"Info","Arena",2,"Exit_Zone",3
2474.728,"Info","Arena",2,"Enter_Zone",2
2474.800,"Info","Arena",6,"Exit_Zone",4
2474.800,"Info","Arena",6,"Enter_Zone",2
2475.094,"Info","Arena",4,"Exit_Zone",2
2475.094,"Info","Arena",4,"Enter_Zone",4
2475.486,"Info","Arena",7,"Exit_Zone",2
2475.486,"Info","Arena",7,"Enter_Zone",1
2475.526,"Info","Arena",7,"Exit_Zone",1
2475.526,"Info","Arena",7,"Enter_Zone",2
2475.633,"Info","Arena",7,"Exit_Zone",2
2475.633,"Info","Arena",7,"Enter_Zone",1
2475.706,"Info","Arena",2,"Exit_Zone",2
2475.706,"Info","Arena",2,"Enter_Zone",4
2475.706,"Info","Arena",4,"Exit_Zone",4
2475.706,"Info","Arena",4,"Enter_Zone",2
2475.706,"Info","Arena",7,"Exit_Zone",1
2475.706,"Info","Arena",7,"Enter_Zone",2
2475.743,"Info","Arena",7,"Exit_Zone",2
2475.743,"Info","Arena",7,"Enter_Zone",1
2475.892,"Info","Arena",8,"Exit_Zone",3
2475.892,"Info","Arena",8,"Enter_Zone",4
2475.927,"Info","Arena",2,"Exit_Zone",4
2475.927,"Info","Arena",2,"Enter_Zone",1
2476.077,"Info","Arena",7,"Exit_Zone",1
2476.077,"Info","Arena",7,"Enter_Zone",2
2476.230,"Info","Arena",1,"Exit_Zone",4
2476.230,"Info","Arena",1,"Enter_Zone",2
2476.266,"Info","Arena",7,"Exit_Zone",2
2476.266,"Info","Arena",7,"Enter_Zone",1
2476.301,"Info","Arena",7,"Exit_Zone",1
2476.301,"Info","Arena",7,"Enter_Zone",2
2476.660,"Info","Arena",5,"Exit_Zone",3
2476.660,"Info","Arena",5,"Enter_Zone",4
2476.730,"Info","Arena",7,"Exit_Zone",2
2476.730,"Info","Arena",7,"Enter_Zone",1
2476.798,"Info","Arena",1,"Exit_Zone",2
2476.798,"Info","Arena",1,"Enter_Zone",4
2476.902,"Info","Arena",8,"Exit_Zone",4
2476.902,"Info","Arena",8,"Enter_Zone",2
2477.176,"Info","Arena",7,"Exit_Zone",1
2477.176,"Info","Arena",7,"Enter_Zone",2
2477.555,"Info","Arena",1,"Exit_Zone",4
2477.555,"Info","Arena",1,"Enter_Zone",2
2477.627,"Info","Arena",1,"Exit_Zone",2
2477.627,"Info","Arena",1,"Enter_Zone",4
2478.332,"Info","Arena",2,"Exit_Zone",1
2478.332,"Info","Arena",2,"Enter_Zone",3
2478.366,"Info","Arena",1,"Exit_Zone",4
2478.366,"Info","Arena",1,"Enter_Zone",1
2478.366,"Info","Arena",5,"Exit_Zone",4
2478.366,"Info","Arena",5,"Enter_Zone",1
2478.464,"Info","Arena",2,"Exit_Zone",3
2478.464,"Info","Arena",2,"Enter_Zone",1
2478.500,"Info","Arena",2,"Exit_Zone",1
2478.500,"Info","Arena",2,"Enter_Zone",3
2478.532,"Info","Arena",2,"Exit_Zone",3
2478.532,"Info","Arena",2,"Enter_Zone",1
2479.371,"Info","Arena",7,"Exit_Zone",2
2479.371,"Info","Arena",7,"Enter_Zone",1
2479.440,"Info","Arena",7,"Exit_Zone",1
2479.440,"Info","Arena",7,"Enter_Zone",2
2479.942,"Info","Arena",2,"Exit_Zone",1
2479.942,"Info","Arena",2,"Enter_Zone",3
2479.942,"Info","Arena",3,"Exit_Zone",3
2479.942,"Info","Arena",3,"Enter_Zone",4
2480.085,"Info","Arena",6,"Exit_Zone",2
2480.085,"Info","Arena",6,"Enter_Zone",4
2480.160,"Info","Arena",2,"Exit_Zone",3
2480.160,"Info","Arena",2,"Enter_Zone",1
2480.197,"Info","Arena",2,"Exit_Zone",1
2480.197,"Info","Arena",2,"Enter_Zone",3
2480.240,"Info","Arena",2,"Exit_Zone",3
2480.240,"Info","Arena",2,"Enter_Zone",1
2480.277,"Info","Arena",2,"Exit_Zone",1
2480.277,"Info","Arena",2,"Enter_Zone",3
2480.348,"Info","Arena",2,"Exit_Zone",3
2480.348,"Info","Arena",2,"Enter_Zone",1
2480.419,"Info","Arena",2,"Exit_Zone",1
2480.419,"Info","Arena",2,"Enter_Zone",3
2480.451,"Info","Arena",2,"Exit_Zone",3
2480.451,"Info","Arena",2,"Enter_Zone",1
2480.636,"Info","Arena",3,"Exit_Zone",4
2480.636,"Info","Arena",3,"Enter_Zone",1
2480.707,"Info","Arena",8,"Exit_Zone",2
2480.707,"Info","Arena",8,"Enter_Zone",4
2480.741,"Info","Arena",2,"Exit_Zone",1
2480.741,"Info","Arena",2,"Enter_Zone",4
2481.204,"Info","Arena",2,"Exit_Zone",4
2481.204,"Info","Arena",2,"Enter_Zone",3
2482.109,"Info","Arena",6,"Exit_Zone",4
2482.109,"Info","Arena",6,"Enter_Zone",1
2482.301,"Info","Arena",7,"Exit_Zone",2
2482.301,"Info","Arena",7,"Enter_Zone",1
2482.335,"Info","Arena",7,"Exit_Zone",1
2482.335,"Info","Arena",7,"Enter_Zone",2
2482.582,"Info","Arena",7,"Exit_Zone",2
2482.582,"Info","Arena",7,"Enter_Zone",1
2482.684,"Info","Arena",7,"Exit_Zone",1
2482.684,"Info","Arena",7,"Enter_Zone",2
2483.098,"Info","Arena",1,"Exit_Zone",1
2483.098,"Info","Arena",1,"Enter_Zone",4
2483.354,"Info","Arena",8,"Exit_Zone",4
2483.354,"Info","Arena",8,"Enter_Zone",3
2483.711,"Info","Arena",1,"Exit_Zone",4
2483.711,"Info","Arena",1,"Enter_Zone",3
2483.711,"Info","Arena",4,"Exit_Zone",2
2483.711,"Info","Arena",4,"Enter_Zone",4
2483.747,"Info","Arena",4,"Exit_Zone",4
2483.747,"Info","Arena",4,"Enter_Zone",2
2483.926,"Info","Arena",7,"Exit_Zone",2
2483.926,"Info","Arena",7,"Enter_Zone",1
2484.028,"Info","Arena",7,"Exit_Zone",1
2484.028,"Info","Arena",7,"Enter_Zone",2
2484.065,"Info","Arena",5,"Exit_Zone",1
2484.065,"Info","Arena",5,"Enter_Zone",4
2484.955,"Info","Arena",5,"Exit_Zone",4
2484.955,"Info","Arena",5,"Enter_Zone",2
2485.061,"Info","Arena",7,"Exit_Zone",2
2485.061,"Info","Arena",7,"Enter_Zone",1
2485.252,"Info","Arena",7,"Exit_Zone",1
2485.252,"Info","Arena",7,"Enter_Zone",2
2485.429,"Info","Arena",7,"Exit_Zone",2
2485.429,"Info","Arena",7,"Enter_Zone",1
2485.499,"Info","Arena",7,"Exit_Zone",1
2485.499,"Info","Arena",7,"Enter_Zone",2
2485.740,"Info","Arena",7,"Exit_Zone",2
2485.740,"Info","Arena",7,"Enter_Zone",1
2485.933,"Info","Arena",7,"Exit_Zone",1
2485.933,"Info","Arena",7,"Enter_Zone",2
2486.671,"Info","Arena",7,"Exit_Zone",2
2486.671,"Info","Arena",7,"Enter_Zone",4
2486.914,"Info","Arena",7,"Exit_Zone",4
2486.914,"Info","Arena",7,"Enter_Zone",3
2487.189,"Info","Arena",7,"Exit_Zone",3
2487.189,"Info","Arena",7,"Enter_Zone",1
2487.266,"Info","Arena",7,"Exit_Zone",1
2487.266,"Info","Arena",7,"Enter_Zone",4
2487.371,"Info","Arena",7,"Exit_Zone",4
2487.371,"Info","Arena",7,"Enter_Zone",2
2488.042,"Info","Arena",8,"Exit_Zone",3
2488.042,"Info","Arena",8,"Enter_Zone",4
2488.079,"Info","Arena",5,"Exit_Zone",2
2488.079,"Info","Arena",5,"Enter_Zone",4
2488.380,"Info","Arena",7,"Exit_Zone",2
2488.380,"Info","Arena",7,"Enter_Zone",1
2488.413,"Info","Arena",7,"Exit_Zone",1
2488.413,"Info","Arena",7,"Enter_Zone",2
2488.803,"Info","Arena",1,"Exit_Zone",3
2488.803,"Info","Arena",1,"Enter_Zone",4
2488.876,"Info","Arena",5,"Exit_Zone",4
2488.876,"Info","Arena",5,"Enter_Zone",3
2489.364,"Info","Arena",7,"Exit_Zone",2
2489.364,"Info","Arena",7,"Enter_Zone",4
2489.561,"Info","Arena",1,"Exit_Zone",4
2489.561,"Info","Arena",1,"Enter_Zone",1
2489.640,"Info","Arena",7,"Exit_Zone",4
2489.640,"Info","Arena",7,"Enter_Zone",1
2490.305,"Info","Arena",5,"Exit_Zone",3
2490.305,"Info","Arena",5,"Enter_Zone",4
2490.654,"Info","Arena",4,"Exit_Zone",2
2490.654,"Info","Arena",4,"Enter_Zone",4
2490.873,"Info","Arena",8,"Exit_Zone",4
2490.873,"Info","Arena",8,"Enter_Zone",2
2490.908,"Info","Arena",2,"Exit_Zone",3
2490.908,"Info","Arena",2,"Enter_Zone",4
2491.318,"Info","Arena",2,"Exit_Zone",4
2491.318,"Info","Arena",2,"Enter_Zone",2
2491.395,"Info","Arena",5,"Exit_Zone",4
2491.395,"Info","Arena",5,"Enter_Zone",2
2491.925,"Info","Arena",4,"Exit_Zone",4
2491.925,"Info","Arena",4,"Enter_Zone",2
2491.958,"Info","Arena",4,"Exit_Zone",2
2491.958,"Info","Arena",4,"Enter_Zone",4
2492.132,"Info","Arena",1,"Exit_Zone",1
2492.132,"Info","Arena",1,"Enter_Zone",4
2492.317,"Info","Arena",2,"Exit_Zone",2
2492.317,"Info","Arena",2,"Enter_Zone",3
2492.588,"Info","Arena",2,"Exit_Zone",3
2492.588,"Info","Arena",2,"Enter_Zone",2
2492.588,"Info","Arena",4,"Exit_Zone",4
2492.588,"Info","Arena",4,"Enter_Zone",2
2492.657,"Info","Arena",4,"Exit_Zone",2
2492.657,"Info","Arena",4,"Enter_Zone",4
2492.798,"Info","Arena",4,"Exit_Zone",4
2492.798,"Info","Arena",4,"Enter_Zone",2
2492.835,"Info","Arena",1,"Exit_Zone",4
2492.835,"Info","Arena",1,"Enter_Zone",3
2493.798,"Info","Arena",7,"Exit_Zone",1
2493.798,"Info","Arena",7,"Enter_Zone",4
2494.715,"Info","Arena",7,"Exit_Zone",4
2494.715,"Info","Arena",7,"Enter_Zone",3
2495.119,"Info","Arena",7,"Exit_Zone",3
2495.119,"Info","Arena",7,"Enter_Zone",1
2495.497,"Info","Arena",2,"Exit_Zone",2
2495.497,"Info","Arena",2,"Enter_Zone",4
2495.567,"Info","Arena",7,"Exit_Zone",1
2495.567,"Info","Arena",7,"Enter_Zone",3
2495.888,"Info","Arena",2,"Exit_Zone",4
2495.888,"Info","Arena",2,"Enter_Zone",3
2495.922,"Info","Arena",7,"Exit_Zone",3
2495.922,"Info","Arena",7,"Enter_Zone",1
2496.137,"Info","Arena",1,"Exit_Zone",3
2496.137,"Info","Arena",1,"Enter_Zone",4
2496.395,"Info","Arena",7,"Exit_Zone",1
2496.395,"Info","Arena",7,"Enter_Zone",3
2496.878,"Info","Arena",7,"Exit_Zone",3
2496.878,"Info","Arena",7,"Enter_Zone",4
2496.914,"Info","Arena",1,"Exit_Zone",4
2496.914,"Info","Arena",1,"Enter_Zone",2
2497.298,"Info","Arena",1,"Exit_Zone",2
2497.298,"Info","Arena",1,"Enter_Zone",4
2497.298,"Info","Arena",5,"Exit_Zone",2
2497.298,"Info","Arena",5,"Enter_Zone",4
2497.449,"Info","Arena",7,"Exit_Zone",4
2497.449,"Info","Arena",7,"Enter_Zone",2
2497.594,"Info","Arena",1,"Exit_Zone",4
2497.594,"Info","Arena",1,"Enter_Zone",3
2497.732,"Info","Arena",4,"Exit_Zone",2
2497.732,"Info","Arena",4,"Enter_Zone",4
2498.238,"Info","Arena",5,"Exit_Zone",4
2498.238,"Info","Arena",5,"Enter_Zone",1
2498.597,"Info","Arena",7,"Exit_Zone",2
2498.597,"Info","Arena",7,"Enter_Zone",1
2498.666,"Info","Arena",4,"Exit_Zone",4
2498.666,"Info","Arena",4,"Enter_Zone",3
2498.737,"Info","Arena",7,"Exit_Zone",1
2498.737,"Info","Arena",7,"Enter_Zone",2
2499.162,"Info","Arena",6,"Exit_Zone",1
2499.162,"Info","Arena",6,"Enter_Zone",4
2499.198,"Info","Arena",1,"Exit_Zone",3
2499.198,"Info","Arena",1,"Enter_Zone",4
2499.280,"Info","Arena",1,"Exit_Zone",4
2499.280,"Info","Arena",1,"Enter_Zone",2
2499.636,"Info","Arena",7,"Exit_Zone",2
2499.636,"Info","Arena",7,"Enter_Zone",1
2499.671,"Info","Arena",7,"Exit_Zone",1
2499.671,"Info","Arena",7,"Enter_Zone",2
2499.707,"Info","Arena",7,"Exit_Zone",2
2499.707,"Info","Arena",7,"Enter_Zone",1
2499.985,"Info","Arena",7,"Exit_Zone",1
2499.985,"Info","Arena",7,"Enter_Zone",2
2500.127,"Info","Arena",6,"Exit_Zone",4
2500.127,"Info","Arena",6,"Enter_Zone",3
2500.312,"Info","Arena",3,"Exit_Zone",1
2500.312,"Info","Arena",3,"Enter_Zone",4
2500.349,"Info","Arena",2,"Exit_Zone",3
2500.349,"Info","Arena",2,"Enter_Zone",4
2500.419,"Info","Arena",2,"Exit_Zone",4
2500.419,"Info","Arena",2,"Enter_Zone",2
2500.793,"Info","Arena",7,"Exit_Zone",2
2500.793,"Info","Arena",7,"Enter_Zone",4
2501.146,"Info","Arena",7,"Exit_Zone",4
2501.146,"Info","Arena",7,"Enter_Zone",1
2501.300,"Info","Arena",3,"Exit_Zone",4
2501.300,"Info","Arena",3,"Enter_Zone",2
2501.623,"Info","Arena",5,"Exit_Zone",1
2501.623,"Info","Arena",5,"Enter_Zone",4
2501.867,"Info","Arena",5,"Exit_Zone",4
2501.867,"Info","Arena",5,"Enter_Zone",2
2502.240,"Info","Arena",3,"Exit_Zone",2
2502.240,"Info","Arena",3,"Enter_Zone",4
2502.635,"Info","Arena",4,"Exit_Zone",3
2502.635,"Info","Arena",4,"Enter_Zone",4
2502.928,"Info","Arena",2,"Exit_Zone",2
2502.928,"Info","Arena",2,"Enter_Zone",3
2503.225,"Info","Arena",3,"Exit_Zone",4
2503.225,"Info","Arena",3,"Enter_Zone",1
2503.329,"Info","Arena",2,"Exit_Zone",3
2503.329,"Info","Arena",2,"Enter_Zone",2
2503.367,"Info","Arena",1,"Exit_Zone",2
2503.367,"Info","Arena",1,"Enter_Zone",4
2503.783,"Info","Arena",8,"Exit_Zone",2
2503.783,"Info","Arena",8,"Enter_Zone",4
2503.938,"Info","Arena",1,"Exit_Zone",4
2503.938,"Info","Arena",1,"Enter_Zone",1
2504.407,"Info","Arena",2,"Exit_Zone",2
2504.407,"Info","Arena",2,"Enter_Zone",4
2504.443,"Info","Arena",7,"Exit_Zone",1
2504.443,"Info","Arena",7,"Enter_Zone",4
2504.514,"Info","Arena",2,"Exit_Zone",4
2504.514,"Info","Arena",2,"Enter_Zone",3
2504.801,"Info","Arena",4,"Exit_Zone",4
2504.801,"Info","Arena",4,"Enter_Zone",3
2504.986,"Info","Arena",7,"Exit_Zone",4
2504.986,"Info","Arena",7,"Enter_Zone",3
2505.020,"Info","Arena",8,"Exit_Zone",4
2505.020,"Info","Arena",8,"Enter_Zone",1
2506.119,"Info","Arena",7,"Exit_Zone",3
2506.119,"Info","Arena",7,"Enter_Zone",1
2506.266,"Info","Arena",7,"Exit_Zone",1
2506.266,"Info","Arena",7,"Enter_Zone",3
2506.934,"Info","Arena",6,"Exit_Zone",3
2506.934,"Info","Arena",6,"Enter_Zone",4
2506.934,"Info","Arena",7,"Exit_Zone",3
2506.934,"Info","Arena",7,"Enter_Zone",1
2506.999,"Info","Arena",7,"Exit_Zone",1
2506.999,"Info","Arena",7,"Enter_Zone",3
2507.656,"Info","Arena",7,"Exit_Zone",3
2507.656,"Info","Arena",7,"Enter_Zone",4
2507.844,"Info","Arena",1,"Exit_Zone",1
2507.844,"Info","Arena",1,"Enter_Zone",4
2507.955,"Info","Arena",7,"Exit_Zone",4
2507.955,"Info","Arena",7,"Enter_Zone",2
2508.443,"Info","Arena",1,"Exit_Zone",4
2508.443,"Info","Arena",1,"Enter_Zone",2
2508.721,"Info","Arena",6,"Exit_Zone",4
2508.721,"Info","Arena",6,"Enter_Zone",2
2510.352,"Info","Arena",7,"Exit_Zone",2
2510.352,"Info","Arena",7,"Enter_Zone",1
2510.387,"Info","Arena",7,"Exit_Zone",1
2510.387,"Info","Arena",7,"Enter_Zone",2
2510.776,"Info","Arena",1,"Exit_Zone",2
2510.776,"Info","Arena",1,"Enter_Zone",4
2510.885,"Info","Arena",7,"Exit_Zone",2
2510.885,"Info","Arena",7,"Enter_Zone",1
2510.919,"Info","Arena",7,"Exit_Zone",1
2510.919,"Info","Arena",7,"Enter_Zone",2
2511.066,"Info","Arena",2,"Exit_Zone",3
2511.066,"Info","Arena",2,"Enter_Zone",4
2511.297,"Info","Arena",2,"Exit_Zone",4
2511.297,"Info","Arena",2,"Enter_Zone",1
2511.371,"Info","Arena",1,"Exit_Zone",4
2511.371,"Info","Arena",1,"Enter_Zone",3
2511.560,"Info","Arena",7,"Exit_Zone",2
2511.560,"Info","Arena",7,"Enter_Zone",4
2511.670,"Info","Arena",7,"Exit_Zone",4
2511.670,"Info","Arena",7,"Enter_Zone",1
2512.271,"Info","Arena",5,"Exit_Zone",2
2512.271,"Info","Arena",5,"Enter_Zone",4
2512.808,"Info","Arena",5,"Exit_Zone",4
2512.808,"Info","Arena",5,"Enter_Zone",1
2513.275,"Info","Arena",2,"Exit_Zone",1
2513.275,"Info","Arena",2,"Enter_Zone",3
2513.477,"Info","Arena",2,"Exit_Zone",3
2513.477,"Info","Arena",2,"Enter_Zone",1
2513.650,"Info","Arena",2,"Exit_Zone",1
2513.650,"Info","Arena",2,"Enter_Zone",3
2513.718,"Info","Arena",2,"Exit_Zone",3
2513.718,"Info","Arena",2,"Enter_Zone",1
2513.966,"Info","Arena",7,"Exit_Zone",1
2513.966,"Info","Arena",7,"Enter_Zone",4
2514.527,"Info","Arena",1,"Exit_Zone",3
2514.527,"Info","Arena",1,"Enter_Zone",4
2514.527,"Info","Arena",2,"Exit_Zone",1
2514.527,"Info","Arena",2,"Enter_Zone",4
2514.602,"Info","Arena",7,"Exit_Zone",4
2514.602,"Info","Arena",7,"Enter_Zone",3
2514.678,"Info","Arena",2,"Exit_Zone",4
2514.678,"Info","Arena",2,"Enter_Zone",2
2514.940,"Info","Arena",1,"Exit_Zone",4
2514.940,"Info","Arena",1,"Enter_Zone",2
2514.978,"Info","Arena",7,"Exit_Zone",3
2514.978,"Info","Arena",7,"Enter_Zone",1
2515.015,"Info","Arena",6,"Exit_Zone",2
2515.015,"Info","Arena",6,"Enter_Zone",4
2515.122,"Info","Arena",7,"Exit_Zone",1
2515.122,"Info","Arena",7,"Enter_Zone",3
2515.318,"Info","Arena",1,"Exit_Zone",2
2515.318,"Info","Arena",1,"Enter_Zone",4
2515.634,"Info","Arena",1,"Exit_Zone",4
2515.634,"Info","Arena",1,"Enter_Zone",1
2516.081,"Info","Arena",6,"Exit_Zone",4
2516.081,"Info","Arena",6,"Enter_Zone",1
2516.182,"Info","Arena",7,"Exit_Zone",3
2516.182,"Info","Arena",7,"Enter_Zone",1
2516.507,"Info","Arena",7,"Exit_Zone",1
2516.507,"Info","Arena",7,"Enter_Zone",3
2517.243,"Info","Arena",7,"Exit_Zone",3
2517.243,"Info","Arena",7,"Enter_Zone",4
2517.422,"Info","Arena",2,"Exit_Zone",2
2517.422,"Info","Arena",2,"Enter_Zone",3
2517.556,"Info","Arena",5,"Exit_Zone",1
2517.556,"Info","Arena",5,"Enter_Zone",4
2517.841,"Info","Arena",2,"Exit_Zone",3
2517.841,"Info","Arena",2,"Enter_Zone",2
2517.880,"Info","Arena",7,"Exit_Zone",4
2517.880,"Info","Arena",7,"Enter_Zone",1
2518.020,"Info","Arena",7,"Exit_Zone",1
2518.020,"Info","Arena",7,"Enter_Zone",4
2518.054,"Info","Arena",5,"Exit_Zone",4
2518.054,"Info","Arena",5,"Enter_Zone",2
2518.054,"Info","Arena",7,"Exit_Zone",4
2518.054,"Info","Arena",7,"Enter_Zone",3
2518.354,"Info","Arena",2,"Exit_Zone",2
2518.354,"Info","Arena",2,"Enter_Zone",4
2518.392,"Info","Arena",2,"Exit_Zone",4
2518.392,"Info","Arena",2,"Enter_Zone",1
2518.892,"Info","Arena",7,"Exit_Zone",3
2518.892,"Info","Arena",7,"Enter_Zone",1
2519.063,"Info","Arena",1,"Exit_Zone",1
2519.063,"Info","Arena",1,"Enter_Zone",4
2519.319,"Info","Arena",1,"Exit_Zone",4
2519.319,"Info","Arena",1,"Enter_Zone",2
2519.319,"Info","Arena",7,"Exit_Zone",1
2519.319,"Info","Arena",7,"Enter_Zone",3
2519.559,"Info","Arena",1,"Exit_Zone",2
2519.559,"Info","Arena",1,"Enter_Zone",4
2519.697,"Info","Arena",1,"Exit_Zone",4
2519.697,"Info","Arena",1,"Enter_Zone",3
2519.867,"Info","Arena",7,"Exit_Zone",3
2519.867,"Info","Arena",7,"Enter_Zone",1
2519.899,"Info","Arena",7,"Exit_Zone",1
2519.899,"Info","Arena",7,"Enter_Zone",3
2520.137,"Info","Arena",2,"Exit_Zone",1
2520.137,"Info","Arena",2,"Enter_Zone",3
2520.171,"Info","Arena",2,"Exit_Zone",3
2520.171,"Info","Arena",2,"Enter_Zone",1
2520.488,"Info","Arena",7,"Exit_Zone",3
2520.488,"Info","Arena",7,"Enter_Zone",1
2520.624,"Info","Arena",7,"Exit_Zone",1
2520.624,"Info","Arena",7,"Enter_Zone",3
2521.287,"Info","Arena",7,"Exit_Zone",3
2521.287,"Info","Arena",7,"Enter_Zone",1
2521.454,"Info","Arena",7,"Exit_Zone",1
2521.454,"Info","Arena",7,"Enter_Zone",3
2522.007,"Info","Arena",7,"Exit_Zone",3
2522.007,"Info","Arena",7,"Enter_Zone",4
2522.230,"Info","Arena",1,"Exit_Zone",3
2522.230,"Info","Arena",1,"Enter_Zone",4
2522.303,"Info","Arena",2,"Exit_Zone",1
2522.303,"Info","Arena",2,"Enter_Zone",3
2522.408,"Info","Arena",2,"Exit_Zone",3
2522.408,"Info","Arena",2,"Enter_Zone",1
2522.448,"Info","Arena",1,"Exit_Zone",4
2522.448,"Info","Arena",1,"Enter_Zone",1
2522.483,"Info","Arena",7,"Exit_Zone",4
2522.483,"Info","Arena",7,"Enter_Zone",2
2522.989,"Info","Arena",2,"Exit_Zone",1
2522.989,"Info","Arena",2,"Enter_Zone",4
2523.432,"Info","Arena",2,"Exit_Zone",4
2523.432,"Info","Arena",2,"Enter_Zone",3
2523.432,"Info","Arena",7,"Exit_Zone",2
2523.432,"Info","Arena",7,"Enter_Zone",1
2523.540,"Info","Arena",7,"Exit_Zone",1
2523.540,"Info","Arena",7,"Enter_Zone",2
2524.437,"Info","Arena",7,"Exit_Zone",2
2524.437,"Info","Arena",7,"Enter_Zone",1
2524.472,"Info","Arena",6,"Exit_Zone",1
2524.472,"Info","Arena",6,"Enter_Zone",4
2524.541,"Info","Arena",1,"Exit_Zone",1
2524.541,"Info","Arena",1,"Enter_Zone",4
2524.541,"Info","Arena",7,"Exit_Zone",1
2524.541,"Info","Arena",7,"Enter_Zone",2
2524.760,"Info","Arena",7,"Exit_Zone",2
2524.760,"Info","Arena",7,"Enter_Zone",1
2524.979,"Info","Arena",7,"Exit_Zone",1
2524.979,"Info","Arena",7,"Enter_Zone",2
2525.290,"Info","Arena",8,"Exit_Zone",1
2525.290,"Info","Arena",8,"Enter_Zone",4
2525.328,"Info","Arena",1,"Exit_Zone",4
2525.328,"Info","Arena",1,"Enter_Zone",3
2525.367,"Info","Arena",6,"Exit_Zone",4
2525.367,"Info","Arena",6,"Enter_Zone",3
2525.592,"Info","Arena",7,"Exit_Zone",2
2525.592,"Info","Arena",7,"Enter_Zone",4
2525.966,"Info","Arena",5,"Exit_Zone",2
2525.966,"Info","Arena",5,"Enter_Zone",4
2526.157,"Info","Arena",5,"Exit_Zone",4
2526.157,"Info","Arena",5,"Enter_Zone",1
2526.242,"Info","Arena",7,"Exit_Zone",4
2526.242,"Info","Arena",7,"Enter_Zone",1
2526.242,"Info","Arena",8,"Exit_Zone",4
2526.242,"Info","Arena",8,"Enter_Zone",3
2526.844,"Info","Arena",2,"Exit_Zone",3
2526.844,"Info","Arena",2,"Enter_Zone",4
2527.172,"Info","Arena",2,"Exit_Zone",4
2527.172,"Info","Arena",2,"Enter_Zone",1
2527.964,"Info","Arena",2,"Exit_Zone",1
2527.964,"Info","Arena",2,"Enter_Zone",3
2528.239,"Info","Arena",2,"Exit_Zone",3
2528.239,"Info","Arena",2,"Enter_Zone",1
2528.273,"Info","Arena",2,"Exit_Zone",1
2528.273,"Info","Arena",2,"Enter_Zone",3
2528.305,"Info","Arena",2,"Exit_Zone",3
2528.305,"Info","Arena",2,"Enter_Zone",1
2528.877,"Info","Arena",1,"Exit_Zone",3
2528.877,"Info","Arena",1,"Enter_Zone",4
2529.266,"Info","Arena",1,"Exit_Zone",4
2529.266,"Info","Arena",1,"Enter_Zone",2
2529.555,"Info","Arena",6,"Exit_Zone",3
2529.555,"Info","Arena",6,"Enter_Zone",2
2529.591,"Info","Arena",6,"Exit_Zone",2
2529.591,"Info","Arena",6,"Enter_Zone",3
2529.880,"Info","Arena",6,"Exit_Zone",3
2529.880,"Info","Arena",6,"Enter_Zone",2
2529.950,"Info","Arena",6,"Exit_Zone",2
2529.950,"Info","Arena",6,"Enter_Zone",3
2530.615,"Info","Arena",2,"Exit_Zone",1
2530.615,"Info","Arena",2,"Enter_Zone",3
2530.857,"Info","Arena",2,"Exit_Zone",3
2530.857,"Info","Arena",2,"Enter_Zone",1
2530.964,"Info","Arena",8,"Exit_Zone",3
2530.964,"Info","Arena",8,"Enter_Zone",4
2531.000,"Info","Arena",2,"Exit_Zone",1
2531.000,"Info","Arena",2,"Enter_Zone",3
2531.034,"Info","Arena",2,"Exit_Zone",3
2531.034,"Info","Arena",2,"Enter_Zone",1
2531.141,"Info","Arena",1,"Exit_Zone",2
2531.141,"Info","Arena",1,"Enter_Zone",4
2531.542,"Info","Arena",2,"Exit_Zone",1
2531.542,"Info","Arena",2,"Enter_Zone",4
2531.614,"Info","Arena",1,"Exit_Zone",4
2531.614,"Info","Arena",1,"Enter_Zone",1
2532.015,"Info","Arena",2,"Exit_Zone",4
2532.015,"Info","Arena",2,"Enter_Zone",3
2532.015,"Info","Arena",8,"Exit_Zone",4
2532.015,"Info","Arena",8,"Enter_Zone",1
2533.518,"Info","Arena",5,"Exit_Zone",1
2533.518,"Info","Arena",5,"Enter_Zone",4
2533.746,"Info","Arena",5,"Exit_Zone",4
2533.746,"Info","Arena",5,"Enter_Zone",2
2534.003,"Info","Arena",6,"Exit_Zone",3
2534.003,"Info","Arena",6,"Enter_Zone",4
2534.041,"Info","Arena",8,"Exit_Zone",1
2534.041,"Info","Arena",8,"Enter_Zone",4
2534.343,"Info","Arena",2,"Exit_Zone",3
2534.343,"Info","Arena",2,"Enter_Zone",4
2534.379,"Info","Arena",8,"Exit_Zone",4
2534.379,"Info","Arena",8,"Enter_Zone",2
2534.595,"Info","Arena",2,"Exit_Zone",4
2534.595,"Info","Arena",2,"Enter_Zone",2
2534.773,"Info","Arena",6,"Exit_Zone",4
2534.773,"Info","Arena",6,"Enter_Zone",1
2535.818,"Info","Arena",4,"Exit_Zone",3
2535.818,"Info","Arena",4,"Enter_Zone",4
2535.919,"Info","Arena",4,"Exit_Zone",4
2535.919,"Info","Arena",4,"Enter_Zone",3
2536.023,"Info","Arena",4,"Exit_Zone",3
2536.023,"Info","Arena",4,"Enter_Zone",4
2536.129,"Info","Arena",4,"Exit_Zone",4
2536.129,"Info","Arena",4,"Enter_Zone",3
2536.165,"Info","Arena",4,"Exit_Zone",3
2536.165,"Info","Arena",4,"Enter_Zone",4
2536.198,"Info","Arena",4,"Exit_Zone",4
2536.198,"Info","Arena",4,"Enter_Zone",3
2536.283,"Info","Arena",4,"Exit_Zone",3
2536.283,"Info","Arena",4,"Enter_Zone",4
2537.020,"Info","Arena",4,"Exit_Zone",4
2537.020,"Info","Arena",4,"Enter_Zone",1
2537.448,"Info","Arena",2,"Exit_Zone",2
2537.448,"Info","Arena",2,"Enter_Zone",3
2537.725,"Info","Arena",5,"Exit_Zone",2
2537.725,"Info","Arena",5,"Enter_Zone",1
2537.865,"Info","Arena",2,"Exit_Zone",3
2537.865,"Info","Arena",2,"Enter_Zone",2
2538.114,"Info","Arena",7,"Exit_Zone",1
2538.114,"Info","Arena",7,"Enter_Zone",4
2538.375,"Info","Arena",7,"Exit_Zone",4
2538.375,"Info","Arena",7,"Enter_Zone",1
2538.508,"Info","Arena",7,"Exit_Zone",1
2538.508,"Info","Arena",7,"Enter_Zone",4
2538.542,"Info","Arena",7,"Exit_Zone",4
2538.542,"Info","Arena",7,"Enter_Zone",3
2539.036,"Info","Arena",2,"Exit_Zone",2
2539.036,"Info","Arena",2,"Enter_Zone",4
2539.071,"Info","Arena",7,"Exit_Zone",3
2539.071,"Info","Arena",7,"Enter_Zone",1
2539.137,"Info","Arena",7,"Exit_Zone",1
2539.137,"Info","Arena",7,"Enter_Zone",3
2539.319,"Info","Arena",2,"Exit_Zone",4
2539.319,"Info","Arena",2,"Enter_Zone",1
2539.851,"Info","Arena",2,"Exit_Zone",1
2539.851,"Info","Arena",2,"Enter_Zone",3
2539.886,"Info","Arena",2,"Exit_Zone",3
2539.886,"Info","Arena",2,"Enter_Zone",1
2539.989,"Info","Arena",7,"Exit_Zone",3
2539.989,"Info","Arena",7,"Enter_Zone",1
2540.092,"Info","Arena",1,"Exit_Zone",1
2540.092,"Info","Arena",1,"Enter_Zone",4
2540.092,"Info","Arena",4,"Exit_Zone",1
2540.092,"Info","Arena",4,"Enter_Zone",4
2540.480,"Info","Arena",4,"Exit_Zone",4
2540.480,"Info","Arena",4,"Enter_Zone",2
2540.549,"Info","Arena",7,"Exit_Zone",1
2540.549,"Info","Arena",7,"Enter_Zone",3
2540.586,"Info","Arena",1,"Exit_Zone",4
2540.586,"Info","Arena",1,"Enter_Zone",3
2540.975,"Info","Arena",7,"Exit_Zone",3
2540.975,"Info","Arena",7,"Enter_Zone",4
2541.364,"Info","Arena",7,"Exit_Zone",4
2541.364,"Info","Arena",7,"Enter_Zone",2
2541.434,"Info","Arena",7,"Exit_Zone",2
2541.434,"Info","Arena",7,"Enter_Zone",4
2541.607,"Info","Arena",7,"Exit_Zone",4
2541.607,"Info","Arena",7,"Enter_Zone",1
2541.678,"Info","Arena",2,"Exit_Zone",1
2541.678,"Info","Arena",2,"Enter_Zone",3
2541.742,"Info","Arena",2,"Exit_Zone",3
2541.742,"Info","Arena",2,"Enter_Zone",1
2542.598,"Info","Arena",2,"Exit_Zone",1
2542.598,"Info","Arena",2,"Enter_Zone",4
2542.997,"Info","Arena",2,"Exit_Zone",4
2542.997,"Info","Arena",2,"Enter_Zone",3
2543.034,"Info","Arena",8,"Exit_Zone",2
2543.034,"Info","Arena",8,"Enter_Zone",4
2543.485,"Info","Arena",5,"Exit_Zone",1
2543.485,"Info","Arena",5,"Enter_Zone",4
2543.747,"Info","Arena",6,"Exit_Zone",1
2543.747,"Info","Arena",6,"Enter_Zone",4
2543.896,"Info","Arena",6,"Exit_Zone",4
2543.896,"Info","Arena",6,"Enter_Zone",1
2544.303,"Info","Arena",5,"Exit_Zone",4
2544.303,"Info","Arena",5,"Enter_Zone",2
2544.417,"Info","Arena",8,"Exit_Zone",4
2544.417,"Info","Arena",8,"Enter_Zone",3
2545.538,"Info","Arena",7,"Exit_Zone",1
2545.538,"Info","Arena",7,"Enter_Zone",4
2545.853,"Info","Arena",7,"Exit_Zone",4
2545.853,"Info","Arena",7,"Enter_Zone",1
2545.887,"Info","Arena",7,"Exit_Zone",1
2545.887,"Info","Arena",7,"Enter_Zone",4
2546.061,"Info","Arena",7,"Exit_Zone",4
2546.061,"Info","Arena",7,"Enter_Zone",1
2546.130,"Info","Arena",7,"Exit_Zone",1
2546.130,"Info","Arena",7,"Enter_Zone",3
2546.852,"Info","Arena",7,"Exit_Zone",3
2546.852,"Info","Arena",7,"Enter_Zone",1
2547.068,"Info","Arena",1,"Exit_Zone",3
2547.068,"Info","Arena",1,"Enter_Zone",4
2547.174,"Info","Arena",7,"Exit_Zone",1
2547.174,"Info","Arena",7,"Enter_Zone",3
2547.259,"Info","Arena",2,"Exit_Zone",3
2547.259,"Info","Arena",2,"Enter_Zone",4
2547.369,"Info","Arena",1,"Exit_Zone",4
2547.369,"Info","Arena",1,"Enter_Zone",2
2547.406,"Info","Arena",2,"Exit_Zone",4
2547.406,"Info","Arena",2,"Enter_Zone",2
2548.034,"Info","Arena",7,"Exit_Zone",3
2548.034,"Info","Arena",7,"Enter_Zone",1
2548.141,"Info","Arena",8,"Exit_Zone",3
2548.141,"Info","Arena",8,"Enter_Zone",4
2548.365,"Info","Arena",6,"Exit_Zone",1
2548.365,"Info","Arena",6,"Enter_Zone",4
2548.468,"Info","Arena",4,"Exit_Zone",2
2548.468,"Info","Arena",4,"Enter_Zone",4
2548.573,"Info","Arena",6,"Exit_Zone",4
2548.573,"Info","Arena",6,"Enter_Zone",1
2548.673,"Info","Arena",7,"Exit_Zone",1
2548.673,"Info","Arena",7,"Enter_Zone",3
2548.890,"Info","Arena",7,"Exit_Zone",3
2548.890,"Info","Arena",7,"Enter_Zone",1
2548.927,"Info","Arena",2,"Exit_Zone",2
2548.927,"Info","Arena",2,"Enter_Zone",3
2549.032,"Info","Arena",7,"Exit_Zone",1
2549.032,"Info","Arena",7,"Enter_Zone",4
2549.263,"Info","Arena",2,"Exit_Zone",3
2549.263,"Info","Arena",2,"Enter_Zone",2
2549.263,"Info","Arena",8,"Exit_Zone",4
2549.263,"Info","Arena",8,"Enter_Zone",2
2549.613,"Info","Arena",7,"Exit_Zone",4
2549.613,"Info","Arena",7,"Enter_Zone",1
2550.245,"Info","Arena",4,"Exit_Zone",4
2550.245,"Info","Arena",4,"Enter_Zone",1
2550.317,"Info","Arena",5,"Exit_Zone",2
2550.317,"Info","Arena",5,"Enter_Zone",4
2550.351,"Info","Arena",3,"Exit_Zone",1
2550.351,"Info","Arena",3,"Enter_Zone",4
2550.785,"Info","Arena",1,"Exit_Zone",2
2550.785,"Info","Arena",1,"Enter_Zone",4
2550.929,"Info","Arena",5,"Exit_Zone",4
2550.929,"Info","Arena",5,"Enter_Zone",3
2550.966,"Info","Arena",1,"Exit_Zone",4
2550.966,"Info","Arena",1,"Enter_Zone",3
2551.000,"Info","Arena",3,"Exit_Zone",4
2551.000,"Info","Arena",3,"Enter_Zone",2
2551.037,"Info","Arena",2,"Exit_Zone",2
2551.037,"Info","Arena",2,"Enter_Zone",3
2551.071,"Info","Arena",2,"Exit_Zone",3
2551.071,"Info","Arena",2,"Enter_Zone",2
2551.146,"Info","Arena",2,"Exit_Zone",2
2551.146,"Info","Arena",2,"Enter_Zone",3
2551.225,"Info","Arena",2,"Exit_Zone",3
2551.225,"Info","Arena",2,"Enter_Zone",2
2552.926,"Info","Arena",2,"Exit_Zone",2
2552.926,"Info","Arena",2,"Enter_Zone",4
2553.221,"Info","Arena",2,"Exit_Zone",4
2553.221,"Info","Arena",2,"Enter_Zone",3
2553.407,"Info","Arena",7,"Exit_Zone",1
2553.407,"Info","Arena",7,"Enter_Zone",4
2553.704,"Info","Arena",7,"Exit_Zone",4
2553.704,"Info","Arena",7,"Enter_Zone",3
2553.921,"Info","Arena",4,"Exit_Zone",1
2553.921,"Info","Arena",4,"Enter_Zone",4
2553.991,"Info","Arena",7,"Exit_Zone",3
2553.991,"Info","Arena",7,"Enter_Zone",1
2554.024,"Info","Arena",7,"Exit_Zone",1
2554.024,"Info","Arena",7,"Enter_Zone",3
2554.290,"Info","Arena",7,"Exit_Zone",3
2554.290,"Info","Arena",7,"Enter_Zone",1
2554.321,"Info","Arena",7,"Exit_Zone",1
2554.321,"Info","Arena",7,"Enter_Zone",3
2554.358,"Info","Arena",7,"Exit_Zone",3
2554.358,"Info","Arena",7,"Enter_Zone",1
2554.394,"Info","Arena",7,"Exit_Zone",1
2554.394,"Info","Arena",7,"Enter_Zone",3
2554.751,"Info","Arena",7,"Exit_Zone",3
2554.751,"Info","Arena",7,"Enter_Zone",4
2555.107,"Info","Arena",7,"Exit_Zone",4
2555.107,"Info","Arena",7,"Enter_Zone",2
2555.226,"Info","Arena",7,"Exit_Zone",2
2555.226,"Info","Arena",7,"Enter_Zone",1
2555.257,"Info","Arena",7,"Exit_Zone",1
2555.257,"Info","Arena",7,"Enter_Zone",2
2555.369,"Info","Arena",6,"Exit_Zone",1
2555.369,"Info","Arena",6,"Enter_Zone",4
2555.817,"Info","Arena",4,"Exit_Zone",4
2555.817,"Info","Arena",4,"Enter_Zone",1
2556.238,"Info","Arena",7,"Exit_Zone",2
2556.238,"Info","Arena",7,"Enter_Zone",1
2556.352,"Info","Arena",6,"Exit_Zone",4
2556.352,"Info","Arena",6,"Enter_Zone",3
2556.455,"Info","Arena",7,"Exit_Zone",1
2556.455,"Info","Arena",7,"Enter_Zone",2
2556.879,"Info","Arena",7,"Exit_Zone",2
2556.879,"Info","Arena",7,"Enter_Zone",1
2556.912,"Info","Arena",7,"Exit_Zone",1
2556.912,"Info","Arena",7,"Enter_Zone",2
2557.043,"Info","Arena",5,"Exit_Zone",3
2557.043,"Info","Arena",5,"Enter_Zone",4
2557.110,"Info","Arena",7,"Exit_Zone",2
2557.110,"Info","Arena",7,"Enter_Zone",1
2557.142,"Info","Arena",7,"Exit_Zone",1
2557.142,"Info","Arena",7,"Enter_Zone",2
2557.324,"Info","Arena",8,"Exit_Zone",2
2557.324,"Info","Arena",8,"Enter_Zone",4
2557.358,"Info","Arena",7,"Exit_Zone",2
2557.358,"Info","Arena",7,"Enter_Zone",1
2557.499,"Info","Arena",7,"Exit_Zone",1
2557.499,"Info","Arena",7,"Enter_Zone",2
2557.896,"Info","Arena",7,"Exit_Zone",2
2557.896,"Info","Arena",7,"Enter_Zone",4
2557.968,"Info","Arena",5,"Exit_Zone",4
2557.968,"Info","Arena",5,"Enter_Zone",1
2558.262,"Info","Arena",8,"Exit_Zone",4
2558.262,"Info","Arena",8,"Enter_Zone",1
2558.557,"Info","Arena",7,"Exit_Zone",4
2558.557,"Info","Arena",7,"Enter_Zone",1
2560.973,"Info","Arena",1,"Exit_Zone",3
2560.973,"Info","Arena",1,"Enter_Zone",4
2561.007,"Info","Arena",2,"Exit_Zone",3
2561.007,"Info","Arena",2,"Enter_Zone",4
2561.038,"Info","Arena",1,"Exit_Zone",4
2561.038,"Info","Arena",1,"Enter_Zone",2
2561.038,"Info","Arena",2,"Exit_Zone",4
2561.038,"Info","Arena",2,"Enter_Zone",2
2561.650,"Info","Arena",6,"Exit_Zone",3
2561.650,"Info","Arena",6,"Enter_Zone",4
2561.994,"Info","Arena",2,"Exit_Zone",2
2561.994,"Info","Arena",2,"Enter_Zone",3
2562.095,"Info","Arena",6,"Exit_Zone",4
2562.095,"Info","Arena",6,"Enter_Zone",1
2562.196,"Info","Arena",7,"Exit_Zone",1
2562.196,"Info","Arena",7,"Enter_Zone",4
2562.436,"Info","Arena",7,"Exit_Zone",4
2562.436,"Info","Arena",7,"Enter_Zone",1
2562.533,"Info","Arena",7,"Exit_Zone",1
2562.533,"Info","Arena",7,"Enter_Zone",4
2562.872,"Info","Arena",2,"Exit_Zone",3
2562.872,"Info","Arena",2,"Enter_Zone",2
2563.083,"Info","Arena",7,"Exit_Zone",4
2563.083,"Info","Arena",7,"Enter_Zone",3
2563.747,"Info","Arena",5,"Exit_Zone",1
2563.747,"Info","Arena",5,"Enter_Zone",4
2563.821,"Info","Arena",3,"Exit_Zone",2
2563.821,"Info","Arena",3,"Enter_Zone",4
2563.965,"Info","Arena",4,"Exit_Zone",1
2563.965,"Info","Arena",4,"Enter_Zone",4
2564.000,"Info","Arena",7,"Exit_Zone",3
2564.000,"Info","Arena",7,"Enter_Zone",1
2564.140,"Info","Arena",7,"Exit_Zone",1
2564.140,"Info","Arena",7,"Enter_Zone",3
2564.179,"Info","Arena",2,"Exit_Zone",2
2564.179,"Info","Arena",2,"Enter_Zone",4
2564.436,"Info","Arena",3,"Exit_Zone",4
2564.436,"Info","Arena",3,"Enter_Zone",1
2564.541,"Info","Arena",2,"Exit_Zone",4
2564.541,"Info","Arena",2,"Enter_Zone",3
2564.990,"Info","Arena",7,"Exit_Zone",3
2564.990,"Info","Arena",7,"Enter_Zone",1
2565.057,"Info","Arena",7,"Exit_Zone",1
2565.057,"Info","Arena",7,"Enter_Zone",3
2565.239,"Info","Arena",5,"Exit_Zone",4
2565.239,"Info","Arena",5,"Enter_Zone",3
2565.373,"Info","Arena",7,"Exit_Zone",3
2565.373,"Info","Arena",7,"Enter_Zone",1
2565.444,"Info","Arena",7,"Exit_Zone",1
2565.444,"Info","Arena",7,"Enter_Zone",3
2565.832,"Info","Arena",7,"Exit_Zone",3
2565.832,"Info","Arena",7,"Enter_Zone",1
2565.867,"Info","Arena",7,"Exit_Zone",1
2565.867,"Info","Arena",7,"Enter_Zone",3
2565.900,"Info","Arena",4,"Exit_Zone",4
2565.900,"Info","Arena",4,"Enter_Zone",2
2567.073,"Info","Arena",1,"Exit_Zone",2
2567.073,"Info","Arena",1,"Enter_Zone",4
2567.142,"Info","Arena",1,"Exit_Zone",4
2567.142,"Info","Arena",1,"Enter_Zone",3
2567.252,"Info","Arena",7,"Exit_Zone",3
2567.252,"Info","Arena",7,"Enter_Zone",1
2567.288,"Info","Arena",7,"Exit_Zone",1
2567.288,"Info","Arena",7,"Enter_Zone",3
2567.457,"Info","Arena",7,"Exit_Zone",3
2567.457,"Info","Arena",7,"Enter_Zone",1
2567.599,"Info","Arena",7,"Exit_Zone",1
2567.599,"Info","Arena",7,"Enter_Zone",3
2567.892,"Info","Arena",4,"Exit_Zone",2
2567.892,"Info","Arena",4,"Enter_Zone",4
2567.966,"Info","Arena",7,"Exit_Zone",3
2567.966,"Info","Arena",7,"Enter_Zone",4
2568.007,"Info","Arena",1,"Exit_Zone",3
2568.007,"Info","Arena",1,"Enter_Zone",4
2568.081,"Info","Arena",7,"Exit_Zone",4
2568.081,"Info","Arena",7,"Enter_Zone",1
2568.154,"Info","Arena",1,"Exit_Zone",4
2568.154,"Info","Arena",1,"Enter_Zone",2
2568.188,"Info","Arena",6,"Exit_Zone",1
2568.188,"Info","Arena",6,"Enter_Zone",4
2568.188,"Info","Arena",7,"Exit_Zone",1
2568.188,"Info","Arena",7,"Enter_Zone",4
2568.314,"Info","Arena",7,"Exit_Zone",4
2568.314,"Info","Arena",7,"Enter_Zone",1
2568.417,"Info","Arena",7,"Exit_Zone",1
2568.417,"Info","Arena",7,"Enter_Zone",2
2568.846,"Info","Arena",4,"Exit_Zone",4
2568.846,"Info","Arena",4,"Enter_Zone",3
2568.846,"Info","Arena",7,"Exit_Zone",2
2568.846,"Info","Arena",7,"Enter_Zone",1
2569.086,"Info","Arena",6,"Exit_Zone",4
2569.086,"Info","Arena",6,"Enter_Zone",3
2569.086,"Info","Arena",7,"Exit_Zone",1
2569.086,"Info","Arena",7,"Enter_Zone",2
2569.306,"Info","Arena",7,"Exit_Zone",2
2569.306,"Info","Arena",7,"Enter_Zone",1
2569.633,"Info","Arena",7,"Exit_Zone",1
2569.633,"Info","Arena",7,"Enter_Zone",2
2569.889,"Info","Arena",7,"Exit_Zone",2
2569.889,"Info","Arena",7,"Enter_Zone",1
2569.951,"Info","Arena",7,"Exit_Zone",1
2569.951,"Info","Arena",7,"Enter_Zone",2
2569.983,"Info","Arena",7,"Exit_Zone",2
2569.983,"Info","Arena",7,"Enter_Zone",1
2570.077,"Info","Arena",7,"Exit_Zone",1
2570.077,"Info","Arena",7,"Enter_Zone",2
2570.199,"Info","Arena",7,"Exit_Zone",2
2570.199,"Info","Arena",7,"Enter_Zone",1
2570.242,"Info","Arena",7,"Exit_Zone",1
2570.242,"Info","Arena",7,"Enter_Zone",2
2570.710,"Info","Arena",7,"Exit_Zone",2
2570.710,"Info","Arena",7,"Enter_Zone",1
2571.115,"Info","Arena",2,"Exit_Zone",3
2571.115,"Info","Arena",2,"Enter_Zone",4
2571.217,"Info","Arena",2,"Exit_Zone",4
2571.217,"Info","Arena",2,"Enter_Zone",2
2571.217,"Info","Arena",7,"Exit_Zone",1
2571.217,"Info","Arena",7,"Enter_Zone",2
2571.706,"Info","Arena",7,"Exit_Zone",2
2571.706,"Info","Arena",7,"Enter_Zone",1
2571.829,"Info","Arena",7,"Exit_Zone",1
2571.829,"Info","Arena",7,"Enter_Zone",2
2571.926,"Info","Arena",7,"Exit_Zone",2
2571.926,"Info","Arena",7,"Enter_Zone",4
2572.197,"Info","Arena",7,"Exit_Zone",4
2572.197,"Info","Arena",7,"Enter_Zone",3
2572.465,"Info","Arena",7,"Exit_Zone",3
2572.465,"Info","Arena",7,"Enter_Zone",1
2572.568,"Info","Arena",7,"Exit_Zone",1
2572.568,"Info","Arena",7,"Enter_Zone",3
2572.639,"Info","Arena",7,"Exit_Zone",3
2572.639,"Info","Arena",7,"Enter_Zone",1
2572.777,"Info","Arena",7,"Exit_Zone",1
2572.777,"Info","Arena",7,"Enter_Zone",3
2572.985,"Info","Arena",4,"Exit_Zone",3
2572.985,"Info","Arena",4,"Enter_Zone",4
2572.985,"Info","Arena",7,"Exit_Zone",3
2572.985,"Info","Arena",7,"Enter_Zone",1
2573.300,"Info","Arena",2,"Exit_Zone",2
2573.300,"Info","Arena",2,"Enter_Zone",4
2573.332,"Info","Arena",7,"Exit_Zone",1
2573.332,"Info","Arena",7,"Enter_Zone",3
2573.367,"Info","Arena",7,"Exit_Zone",3
2573.367,"Info","Arena",7,"Enter_Zone",1
2573.672,"Info","Arena",4,"Exit_Zone",4
2573.672,"Info","Arena",4,"Enter_Zone",1
2573.739,"Info","Arena",7,"Exit_Zone",1
2573.739,"Info","Arena",7,"Enter_Zone",3
2573.810,"Info","Arena",2,"Exit_Zone",4
2573.810,"Info","Arena",2,"Enter_Zone",3
2574.062,"Info","Arena",7,"Exit_Zone",3
2574.062,"Info","Arena",7,"Enter_Zone",1
2574.248,"Info","Arena",7,"Exit_Zone",1
2574.248,"Info","Arena",7,"Enter_Zone",4
2574.459,"Info","Arena",7,"Exit_Zone",4
2574.459,"Info","Arena",7,"Enter_Zone",2
2574.783,"Info","Arena",7,"Exit_Zone",2
2574.783,"Info","Arena",7,"Enter_Zone",1
2574.820,"Info","Arena",7,"Exit_Zone",1
2574.820,"Info","Arena",7,"Enter_Zone",2
2575.255,"Info","Arena",7,"Exit_Zone",2
2575.255,"Info","Arena",7,"Enter_Zone",1
2575.393,"Info","Arena",6,"Exit_Zone",3
2575.393,"Info","Arena",6,"Enter_Zone",4
2575.607,"Info","Arena",3,"Exit_Zone",1
2575.607,"Info","Arena",3,"Enter_Zone",4
2575.607,"Info","Arena",7,"Exit_Zone",1
2575.607,"Info","Arena",7,"Enter_Zone",2
2575.643,"Info","Arena",6,"Exit_Zone",4
2575.643,"Info","Arena",6,"Enter_Zone",1
2575.751,"Info","Arena",7,"Exit_Zone",2
2575.751,"Info","Arena",7,"Enter_Zone",1
2576.737,"Info","Arena",8,"Exit_Zone",1
2576.737,"Info","Arena",8,"Enter_Zone",4
2576.773,"Info","Arena",7,"Exit_Zone",1
2576.773,"Info","Arena",7,"Enter_Zone",2
2576.941,"Info","Arena",3,"Exit_Zone",4
2576.941,"Info","Arena",3,"Enter_Zone",2
2577.010,"Info","Arena",7,"Exit_Zone",2
2577.010,"Info","Arena",7,"Enter_Zone",1
2577.122,"Info","Arena",8,"Exit_Zone",4
2577.122,"Info","Arena",8,"Enter_Zone",1
2577.559,"Info","Arena",5,"Exit_Zone",3
2577.559,"Info","Arena",5,"Enter_Zone",4
2577.593,"Info","Arena",8,"Exit_Zone",1
2577.593,"Info","Arena",8,"Enter_Zone",4
2577.737,"Info","Arena",1,"Exit_Zone",2
2577.737,"Info","Arena",1,"Enter_Zone",4
2577.845,"Info","Arena",7,"Exit_Zone",1
2577.845,"Info","Arena",7,"Enter_Zone",2
2577.879,"Info","Arena",1,"Exit_Zone",4
2577.879,"Info","Arena",1,"Enter_Zone",3
2578.049,"Info","Arena",7,"Exit_Zone",2
2578.049,"Info","Arena",7,"Enter_Zone",1
2578.611,"Info","Arena",7,"Exit_Zone",1
2578.611,"Info","Arena",7,"Enter_Zone",2
2578.784,"Info","Arena",5,"Exit_Zone",4
2578.784,"Info","Arena",5,"Enter_Zone",1
2578.784,"Info","Arena",7,"Exit_Zone",2
2578.784,"Info","Arena",7,"Enter_Zone",1
2578.819,"Info","Arena",7,"Exit_Zone",1
2578.819,"Info","Arena",7,"Enter_Zone",2
2578.991,"Info","Arena",8,"Exit_Zone",4
2578.991,"Info","Arena",8,"Enter_Zone",3
2579.347,"Info","Arena",7,"Exit_Zone",2
2579.347,"Info","Arena",7,"Enter_Zone",1
2579.411,"Info","Arena",7,"Exit_Zone",1
2579.411,"Info","Arena",7,"Enter_Zone",2
2580.133,"Info","Arena",7,"Exit_Zone",2
2580.133,"Info","Arena",7,"Enter_Zone",1
2580.166,"Info","Arena",7,"Exit_Zone",1
2580.166,"Info","Arena",7,"Enter_Zone",2
2580.203,"Info","Arena",1,"Exit_Zone",3
2580.203,"Info","Arena",1,"Enter_Zone",4
2580.429,"Info","Arena",7,"Exit_Zone",2
2580.429,"Info","Arena",7,"Enter_Zone",1
2580.739,"Info","Arena",7,"Exit_Zone",1
2580.739,"Info","Arena",7,"Enter_Zone",2
2580.774,"Info","Arena",7,"Exit_Zone",2
2580.774,"Info","Arena",7,"Enter_Zone",1
2580.842,"Info","Arena",1,"Exit_Zone",4
2580.842,"Info","Arena",1,"Enter_Zone",3
2581.106,"Info","Arena",7,"Exit_Zone",1
2581.106,"Info","Arena",7,"Enter_Zone",2
2581.275,"Info","Arena",7,"Exit_Zone",2
2581.275,"Info","Arena",7,"Enter_Zone",1
2581.553,"Info","Arena",7,"Exit_Zone",1
2581.553,"Info","Arena",7,"Enter_Zone",2
2581.740,"Info","Arena",7,"Exit_Zone",2
2581.740,"Info","Arena",7,"Enter_Zone",1
2581.993,"Info","Arena",7,"Exit_Zone",1
2581.993,"Info","Arena",7,"Enter_Zone",2
2582.236,"Info","Arena",7,"Exit_Zone",2
2582.236,"Info","Arena",7,"Enter_Zone",1
2582.302,"Info","Arena",7,"Exit_Zone",1
2582.302,"Info","Arena",7,"Enter_Zone",2
2582.653,"Info","Arena",6,"Exit_Zone",1
2582.653,"Info","Arena",6,"Enter_Zone",4
2582.845,"Info","Arena",7,"Exit_Zone",2
2582.845,"Info","Arena",7,"Enter_Zone",4
2582.995,"Info","Arena",8,"Exit_Zone",3
2582.995,"Info","Arena",8,"Enter_Zone",4
2583.071,"Info","Arena",1,"Exit_Zone",3
2583.071,"Info","Arena",1,"Enter_Zone",4
2583.185,"Info","Arena",6,"Exit_Zone",4
2583.185,"Info","Arena",6,"Enter_Zone",3
2583.185,"Info","Arena",7,"Exit_Zone",4
2583.185,"Info","Arena",7,"Enter_Zone",1
2583.386,"Info","Arena",1,"Exit_Zone",4
2583.386,"Info","Arena",1,"Enter_Zone",2
2583.839,"Info","Arena",8,"Exit_Zone",4
2583.839,"Info","Arena",8,"Enter_Zone",2
2584.141,"Info","Arena",2,"Exit_Zone",3
2584.141,"Info","Arena",2,"Enter_Zone",4
2584.225,"Info","Arena",2,"Exit_Zone",4
2584.225,"Info","Arena",2,"Enter_Zone",2
2584.446,"Info","Arena",5,"Exit_Zone",1
2584.446,"Info","Arena",5,"Enter_Zone",4
2584.619,"Info","Arena",5,"Exit_Zone",4
2584.619,"Info","Arena",5,"Enter_Zone",2
2584.658,"Info","Arena",2,"Exit_Zone",2
2584.658,"Info","Arena",2,"Enter_Zone",3
2584.759,"Info","Arena",2,"Exit_Zone",3
2584.759,"Info","Arena",2,"Enter_Zone",2
2585.666,"Info","Arena",8,"Exit_Zone",2
2585.666,"Info","Arena",8,"Enter_Zone",1
2585.698,"Info","Arena",8,"Exit_Zone",1
2585.698,"Info","Arena",8,"Enter_Zone",2
2586.104,"Info","Arena",2,"Exit_Zone",2
2586.104,"Info","Arena",2,"Enter_Zone",4
2586.453,"Info","Arena",2,"Exit_Zone",4
2586.453,"Info","Arena",2,"Enter_Zone",3
2587.027,"Info","Arena",6,"Exit_Zone",3
2587.027,"Info","Arena",6,"Enter_Zone",4
2587.400,"Info","Arena",6,"Exit_Zone",4
2587.400,"Info","Arena",6,"Enter_Zone",1
2588.287,"Info","Arena",7,"Exit_Zone",1
2588.287,"Info","Arena",7,"Enter_Zone",4
2588.579,"Info","Arena",7,"Exit_Zone",4
2588.579,"Info","Arena",7,"Enter_Zone",1
2589.047,"Info","Arena",2,"Exit_Zone",3
2589.047,"Info","Arena",2,"Enter_Zone",4
2589.327,"Info","Arena",2,"Exit_Zone",4
2589.327,"Info","Arena",2,"Enter_Zone",2
2589.498,"Info","Arena",1,"Exit_Zone",2
2589.498,"Info","Arena",1,"Enter_Zone",4
2590.318,"Info","Arena",1,"Exit_Zone",4
2590.318,"Info","Arena",1,"Enter_Zone",2
2590.738,"Info","Arena",2,"Exit_Zone",2
2590.738,"Info","Arena",2,"Enter_Zone",3
2591.148,"Info","Arena",3,"Exit_Zone",2
2591.148,"Info","Arena",3,"Enter_Zone",4
2591.527,"Info","Arena",2,"Exit_Zone",3
2591.527,"Info","Arena",2,"Enter_Zone",2
2592.026,"Info","Arena",7,"Exit_Zone",1
2592.026,"Info","Arena",7,"Enter_Zone",4
2592.179,"Info","Arena",7,"Exit_Zone",4
2592.179,"Info","Arena",7,"Enter_Zone",2
2592.225,"Info","Arena",3,"Exit_Zone",4
2592.225,"Info","Arena",3,"Enter_Zone",3
2592.439,"Info","Arena",5,"Exit_Zone",2
2592.439,"Info","Arena",5,"Enter_Zone",4
2592.685,"Info","Arena",7,"Exit_Zone",2
2592.685,"Info","Arena",7,"Enter_Zone",1
2592.939,"Info","Arena",7,"Exit_Zone",1
2592.939,"Info","Arena",7,"Enter_Zone",2
2593.112,"Info","Arena",5,"Exit_Zone",4
2593.112,"Info","Arena",5,"Enter_Zone",3
2593.232,"Info","Arena",7,"Exit_Zone",2
2593.232,"Info","Arena",7,"Enter_Zone",1
2593.342,"Info","Arena",2,"Exit_Zone",2
2593.342,"Info","Arena",2,"Enter_Zone",4
2593.342,"Info","Arena",7,"Exit_Zone",1
2593.342,"Info","Arena",7,"Enter_Zone",2
2593.490,"Info","Arena",7,"Exit_Zone",2
2593.490,"Info","Arena",7,"Enter_Zone",1
2593.529,"Info","Arena",7,"Exit_Zone",1
2593.529,"Info","Arena",7,"Enter_Zone",2
2593.568,"Info","Arena",7,"Exit_Zone",2
2593.568,"Info","Arena",7,"Enter_Zone",1
2593.605,"Info","Arena",7,"Exit_Zone",1
2593.605,"Info","Arena",7,"Enter_Zone",2
2593.863,"Info","Arena",2,"Exit_Zone",4
2593.863,"Info","Arena",2,"Enter_Zone",3
2594.084,"Info","Arena",7,"Exit_Zone",2
2594.084,"Info","Arena",7,"Enter_Zone",1
2594.194,"Info","Arena",7,"Exit_Zone",1
2594.194,"Info","Arena",7,"Enter_Zone",2
2594.311,"Info","Arena",7,"Exit_Zone",2
2594.311,"Info","Arena",7,"Enter_Zone",1
2594.642,"Info","Arena",1,"Exit_Zone",2
2594.642,"Info","Arena",1,"Enter_Zone",4
2594.676,"Info","Arena",1,"Exit_Zone",4
2594.676,"Info","Arena",1,"Enter_Zone",3
2594.676,"Info","Arena",7,"Exit_Zone",1
2594.676,"Info","Arena",7,"Enter_Zone",2
2594.714,"Info","Arena",7,"Exit_Zone",2
2594.714,"Info","Arena",7,"Enter_Zone",1
2594.823,"Info","Arena",7,"Exit_Zone",1
2594.823,"Info","Arena",7,"Enter_Zone",2
2595.085,"Info","Arena",7,"Exit_Zone",2
2595.085,"Info","Arena",7,"Enter_Zone",1
2595.152,"Info","Arena",7,"Exit_Zone",1
2595.152,"Info","Arena",7,"Enter_Zone",2
2595.445,"Info","Arena",7,"Exit_Zone",2
2595.445,"Info","Arena",7,"Enter_Zone",4
2595.744,"Info","Arena",7,"Exit_Zone",4
2595.744,"Info","Arena",7,"Enter_Zone",1
2596.079,"Info","Arena",1,"Exit_Zone",3
2596.079,"Info","Arena",1,"Enter_Zone",2
2596.116,"Info","Arena",6,"Exit_Zone",1
2596.116,"Info","Arena",6,"Enter_Zone",4
2596.309,"Info","Arena",1,"Exit_Zone",2
2596.309,"Info","Arena",1,"Enter_Zone",3
2596.526,"Info","Arena",5,"Exit_Zone",3
2596.526,"Info","Arena",5,"Enter_Zone",4
2596.526,"Info","Arena",6,"Exit_Zone",4
2596.526,"Info","Arena",6,"Enter_Zone",2
2596.671,"Info","Arena",3,"Exit_Zone",3
2596.671,"Info","Arena",3,"Enter_Zone",4
2596.671,"Info","Arena",8,"Exit_Zone",2
2596.671,"Info","Arena",8,"Enter_Zone",4
2597.140,"Info","Arena",1,"Exit_Zone",3
2597.140,"Info","Arena",1,"Enter_Zone",4
2597.411,"Info","Arena",1,"Exit_Zone",4
2597.411,"Info","Arena",1,"Enter_Zone",2
2597.411,"Info","Arena",5,"Exit_Zone",4
2597.411,"Info","Arena",5,"Enter_Zone",1
2597.411,"Info","Arena",8,"Exit_Zone",4
2597.411,"Info","Arena",8,"Enter_Zone",3
2597.945,"Info","Arena",3,"Exit_Zone",4
2597.945,"Info","Arena",3,"Enter_Zone",1
2598.055,"Info","Arena",2,"Exit_Zone",3
2598.055,"Info","Arena",2,"Enter_Zone",4
2598.420,"Info","Arena",2,"Exit_Zone",4
2598.420,"Info","Arena",2,"Enter_Zone",2
2600.288,"Info","Arena",6,"Exit_Zone",2
2600.288,"Info","Arena",6,"Enter_Zone",4
2600.805,"Info","Arena",6,"Exit_Zone",4
2600.805,"Info","Arena",6,"Enter_Zone",1
2602.382,"Info","Arena",8,"Exit_Zone",3
2602.382,"Info","Arena",8,"Enter_Zone",4
2602.626,"Info","Arena",5,"Exit_Zone",1
2602.626,"Info","Arena",5,"Enter_Zone",4
2603.069,"Info","Arena",2,"Exit_Zone",2
2603.069,"Info","Arena",2,"Enter_Zone",3
2603.181,"Info","Arena",2,"Exit_Zone",3
2603.181,"Info","Arena",2,"Enter_Zone",2
2603.181,"Info","Arena",3,"Exit_Zone",1
2603.181,"Info","Arena",3,"Enter_Zone",4
2603.230,"Info","Arena",5,"Exit_Zone",4
2603.230,"Info","Arena",5,"Enter_Zone",3
2603.373,"Info","Arena",8,"Exit_Zone",4
2603.373,"Info","Arena",8,"Enter_Zone",2
2603.638,"Info","Arena",7,"Exit_Zone",1
2603.638,"Info","Arena",7,"Enter_Zone",4
2603.753,"Info","Arena",7,"Exit_Zone",4
2603.753,"Info","Arena",7,"Enter_Zone",1
2604.284,"Info","Arena",3,"Exit_Zone",4
2604.284,"Info","Arena",3,"Enter_Zone",2
2604.645,"Info","Arena",2,"Exit_Zone",2
2604.645,"Info","Arena",2,"Enter_Zone",4
2604.997,"Info","Arena",4,"Exit_Zone",1
2604.997,"Info","Arena",4,"Enter_Zone",4
2605.363,"Info","Arena",2,"Exit_Zone",4
2605.363,"Info","Arena",2,"Enter_Zone",3
2605.720,"Info","Arena",4,"Exit_Zone",4
2605.720,"Info","Arena",4,"Enter_Zone",1
2607.784,"Info","Arena",2,"Exit_Zone",3
2607.784,"Info","Arena",2,"Enter_Zone",4
2607.855,"Info","Arena",2,"Exit_Zone",4
2607.855,"Info","Arena",2,"Enter_Zone",2
2608.411,"Info","Arena",1,"Exit_Zone",2
2608.411,"Info","Arena",1,"Enter_Zone",4
2609.098,"Info","Arena",1,"Exit_Zone",4
2609.098,"Info","Arena",1,"Enter_Zone",3
2609.358,"Info","Arena",2,"Exit_Zone",2
2609.358,"Info","Arena",2,"Enter_Zone",3
2609.896,"Info","Arena",5,"Exit_Zone",3
2609.896,"Info","Arena",5,"Enter_Zone",4
2610.062,"Info","Arena",2,"Exit_Zone",3
2610.062,"Info","Arena",2,"Enter_Zone",2
2610.244,"Info","Arena",2,"Exit_Zone",2
2610.244,"Info","Arena",2,"Enter_Zone",3
2610.279,"Info","Arena",2,"Exit_Zone",3
2610.279,"Info","Arena",2,"Enter_Zone",2
2610.459,"Info","Arena",5,"Exit_Zone",4
2610.459,"Info","Arena",5,"Enter_Zone",2
2610.790,"Info","Arena",3,"Exit_Zone",2
2610.790,"Info","Arena",3,"Enter_Zone",4
2611.124,"Info","Arena",3,"Exit_Zone",4
2611.124,"Info","Arena",3,"Enter_Zone",1
2611.162,"Info","Arena",1,"Exit_Zone",3
2611.162,"Info","Arena",1,"Enter_Zone",2
2611.278,"Info","Arena",1,"Exit_Zone",2
2611.278,"Info","Arena",1,"Enter_Zone",3
2612.179,"Info","Arena",2,"Exit_Zone",2
2612.179,"Info","Arena",2,"Enter_Zone",4
2612.745,"Info","Arena",2,"Exit_Zone",4
2612.745,"Info","Arena",2,"Enter_Zone",1
2614.505,"Info","Arena",7,"Exit_Zone",1
2614.505,"Info","Arena",7,"Enter_Zone",4
2614.739,"Info","Arena",7,"Exit_Zone",4
2614.739,"Info","Arena",7,"Enter_Zone",3
2615.054,"Info","Arena",7,"Exit_Zone",3
2615.054,"Info","Arena",7,"Enter_Zone",1
2615.122,"Info","Arena",7,"Exit_Zone",1
2615.122,"Info","Arena",7,"Enter_Zone",3
2615.197,"Info","Arena",7,"Exit_Zone",3
2615.197,"Info","Arena",7,"Enter_Zone",1
2615.694,"Info","Arena",7,"Exit_Zone",1
2615.694,"Info","Arena",7,"Enter_Zone",3
2615.837,"Info","Arena",6,"Exit_Zone",1
2615.837,"Info","Arena",6,"Enter_Zone",4
2615.837,"Info","Arena",7,"Exit_Zone",3
2615.837,"Info","Arena",7,"Enter_Zone",1
2616.015,"Info","Arena",1,"Exit_Zone",3
2616.015,"Info","Arena",1,"Enter_Zone",4
2616.158,"Info","Arena",6,"Exit_Zone",4
2616.158,"Info","Arena",6,"Enter_Zone",3
2616.240,"Info","Arena",2,"Exit_Zone",1
2616.240,"Info","Arena",2,"Enter_Zone",3
2616.310,"Info","Arena",2,"Exit_Zone",3
2616.310,"Info","Arena",2,"Enter_Zone",1
2616.310,"Info","Arena",7,"Exit_Zone",1
2616.310,"Info","Arena",7,"Enter_Zone",3
2616.898,"Info","Arena",1,"Exit_Zone",4
2616.898,"Info","Arena",1,"Enter_Zone",2
2617.156,"Info","Arena",2,"Exit_Zone",1
2617.156,"Info","Arena",2,"Enter_Zone",4
2617.833,"Info","Arena",2,"Exit_Zone",4
2617.833,"Info","Arena",2,"Enter_Zone",2
2617.906,"Info","Arena",5,"Exit_Zone",2
2617.906,"Info","Arena",5,"Enter_Zone",4
2618.454,"Info","Arena",7,"Exit_Zone",3
2618.454,"Info","Arena",7,"Enter_Zone",1
2618.526,"Info","Arena",5,"Exit_Zone",4
2618.526,"Info","Arena",5,"Enter_Zone",3
2618.526,"Info","Arena",7,"Exit_Zone",1
2618.526,"Info","Arena",7,"Enter_Zone",3
2618.561,"Info","Arena",7,"Exit_Zone",3
2618.561,"Info","Arena",7,"Enter_Zone",1
2618.596,"Info","Arena",7,"Exit_Zone",1
2618.596,"Info","Arena",7,"Enter_Zone",3
2618.702,"Info","Arena",7,"Exit_Zone",3
2618.702,"Info","Arena",7,"Enter_Zone",1
2618.908,"Info","Arena",7,"Exit_Zone",1
2618.908,"Info","Arena",7,"Enter_Zone",3
2619.469,"Info","Arena",7,"Exit_Zone",3
2619.469,"Info","Arena",7,"Enter_Zone",1
2619.962,"Info","Arena",7,"Exit_Zone",1
2619.962,"Info","Arena",7,"Enter_Zone",3
2620.112,"Info","Arena",7,"Exit_Zone",3
2620.112,"Info","Arena",7,"Enter_Zone",1
2620.406,"Info","Arena",7,"Exit_Zone",1
2620.406,"Info","Arena",7,"Enter_Zone",2
2620.441,"Info","Arena",7,"Exit_Zone",2
2620.441,"Info","Arena",7,"Enter_Zone",1
2620.478,"Info","Arena",7,"Exit_Zone",1
2620.478,"Info","Arena",7,"Enter_Zone",2
2620.554,"Info","Arena",6,"Exit_Zone",3
2620.554,"Info","Arena",6,"Enter_Zone",4
2620.667,"Info","Arena",6,"Exit_Zone",4
2620.667,"Info","Arena",6,"Enter_Zone",1
2620.786,"Info","Arena",5,"Exit_Zone",3
2620.786,"Info","Arena",5,"Enter_Zone",4
2620.895,"Info","Arena",7,"Exit_Zone",2
2620.895,"Info","Arena",7,"Enter_Zone",1
2620.933,"Info","Arena",2,"Exit_Zone",2
2620.933,"Info","Arena",2,"Enter_Zone",3
2620.933,"Info","Arena",7,"Exit_Zone",1
2620.933,"Info","Arena",7,"Enter_Zone",2
2621.006,"Info","Arena",1,"Exit_Zone",2
2621.006,"Info","Arena",1,"Enter_Zone",4
2621.078,"Info","Arena",7,"Exit_Zone",2
2621.078,"Info","Arena",7,"Enter_Zone",1
2621.232,"Info","Arena",8,"Exit_Zone",2
2621.232,"Info","Arena",8,"Enter_Zone",4
2621.264,"Info","Arena",2,"Exit_Zone",3
2621.264,"Info","Arena",2,"Enter_Zone",2
2621.300,"Info","Arena",8,"Exit_Zone",4
2621.300,"Info","Arena",8,"Enter_Zone",2
2621.372,"Info","Arena",7,"Exit_Zone",1
2621.372,"Info","Arena",7,"Enter_Zone",2
2621.581,"Info","Arena",1,"Exit_Zone",4
2621.581,"Info","Arena",1,"Enter_Zone",1
2621.655,"Info","Arena",7,"Exit_Zone",2
2621.655,"Info","Arena",7,"Enter_Zone",1
2621.913,"Info","Arena",5,"Exit_Zone",4
2621.913,"Info","Arena",5,"Enter_Zone",2
2621.987,"Info","Arena",8,"Exit_Zone",2
2621.987,"Info","Arena",8,"Enter_Zone",4
2622.178,"Info","Arena",2,"Exit_Zone",2
2622.178,"Info","Arena",2,"Enter_Zone",4
2622.224,"Info","Arena",5,"Exit_Zone",2
2622.224,"Info","Arena",5,"Enter_Zone",4
2622.372,"Info","Arena",7,"Exit_Zone",1
2622.372,"Info","Arena",7,"Enter_Zone",2
2622.581,"Info","Arena",7,"Exit_Zone",2
2622.581,"Info","Arena",7,"Enter_Zone",1
2622.649,"Info","Arena",5,"Exit_Zone",4
2622.649,"Info","Arena",5,"Enter_Zone",1
2622.649,"Info","Arena",7,"Exit_Zone",1
2622.649,"Info","Arena",7,"Enter_Zone",2
2622.717,"Info","Arena",1,"Exit_Zone",1
2622.717,"Info","Arena",1,"Enter_Zone",4
2622.792,"Info","Arena",8,"Exit_Zone",4
2622.792,"Info","Arena",8,"Enter_Zone",3
2622.864,"Info","Arena",1,"Exit_Zone",4
2622.864,"Info","Arena",1,"Enter_Zone",2
2622.936,"Info","Arena",2,"Exit_Zone",4
2622.936,"Info","Arena",2,"Enter_Zone",2
2622.936,"Info","Arena",7,"Exit_Zone",2
2622.936,"Info","Arena",7,"Enter_Zone",1
2623.011,"Info","Arena",7,"Exit_Zone",1
2623.011,"Info","Arena",7,"Enter_Zone",2
2623.121,"Info","Arena",1,"Exit_Zone",2
2623.121,"Info","Arena",1,"Enter_Zone",4
2623.347,"Info","Arena",1,"Exit_Zone",4
2623.347,"Info","Arena",1,"Enter_Zone",3
2623.484,"Info","Arena",7,"Exit_Zone",2
2623.484,"Info","Arena",7,"Enter_Zone",1
2623.693,"Info","Arena",1,"Exit_Zone",3
2623.693,"Info","Arena",1,"Enter_Zone",4
2623.730,"Info","Arena",7,"Exit_Zone",1
2623.730,"Info","Arena",7,"Enter_Zone",2
2623.802,"Info","Arena",7,"Exit_Zone",2
2623.802,"Info","Arena",7,"Enter_Zone",1
2623.940,"Info","Arena",7,"Exit_Zone",1
2623.940,"Info","Arena",7,"Enter_Zone",2
2624.817,"Info","Arena",7,"Exit_Zone",2
2624.817,"Info","Arena",7,"Enter_Zone",4
2624.851,"Info","Arena",1,"Exit_Zone",4
2624.851,"Info","Arena",1,"Enter_Zone",3
2624.999,"Info","Arena",2,"Exit_Zone",2
2624.999,"Info","Arena",2,"Enter_Zone",4
2625.071,"Info","Arena",7,"Exit_Zone",4
2625.071,"Info","Arena",7,"Enter_Zone",3
2625.222,"Info","Arena",7,"Exit_Zone",3
2625.222,"Info","Arena",7,"Enter_Zone",1
2625.251,"Info","Arena",2,"Exit_Zone",4
2625.251,"Info","Arena",2,"Enter_Zone",3
2625.495,"Info","Arena",7,"Exit_Zone",1
2625.495,"Info","Arena",7,"Enter_Zone",3
2625.706,"Info","Arena",7,"Exit_Zone",3
2625.706,"Info","Arena",7,"Enter_Zone",1
2626.095,"Info","Arena",7,"Exit_Zone",1
2626.095,"Info","Arena",7,"Enter_Zone",3
2626.228,"Info","Arena",7,"Exit_Zone",3
2626.228,"Info","Arena",7,"Enter_Zone",1
2626.258,"Info","Arena",7,"Exit_Zone",1
2626.258,"Info","Arena",7,"Enter_Zone",3
2626.814,"Info","Arena",7,"Exit_Zone",3
2626.814,"Info","Arena",7,"Enter_Zone",1
2626.848,"Info","Arena",5,"Exit_Zone",1
2626.848,"Info","Arena",5,"Enter_Zone",4
2627.398,"Info","Arena",5,"Exit_Zone",4
2627.398,"Info","Arena",5,"Enter_Zone",3
2627.536,"Info","Arena",2,"Exit_Zone",3
2627.536,"Info","Arena",2,"Enter_Zone",4
2627.606,"Info","Arena",7,"Exit_Zone",1
2627.606,"Info","Arena",7,"Enter_Zone",3
2627.821,"Info","Arena",7,"Exit_Zone",3
2627.821,"Info","Arena",7,"Enter_Zone",4
2627.858,"Info","Arena",7,"Exit_Zone",4
2627.858,"Info","Arena",7,"Enter_Zone",1
2627.891,"Info","Arena",8,"Exit_Zone",3
2627.891,"Info","Arena",8,"Enter_Zone",4
2627.960,"Info","Arena",7,"Exit_Zone",1
2627.960,"Info","Arena",7,"Enter_Zone",2
2628.033,"Info","Arena",2,"Exit_Zone",4
2628.033,"Info","Arena",2,"Enter_Zone",1
2628.578,"Info","Arena",1,"Exit_Zone",3
2628.578,"Info","Arena",1,"Enter_Zone",4
2628.578,"Info","Arena",7,"Exit_Zone",2
2628.578,"Info","Arena",7,"Enter_Zone",1
2628.613,"Info","Arena",7,"Exit_Zone",1
2628.613,"Info","Arena",7,"Enter_Zone",2
2628.717,"Info","Arena",2,"Exit_Zone",1
2628.717,"Info","Arena",2,"Enter_Zone",3
2628.819,"Info","Arena",7,"Exit_Zone",2
2628.819,"Info","Arena",7,"Enter_Zone",1
2628.883,"Info","Arena",1,"Exit_Zone",4
2628.883,"Info","Arena",1,"Enter_Zone",2
2628.980,"Info","Arena",7,"Exit_Zone",1
2628.980,"Info","Arena",7,"Enter_Zone",2
2629.142,"Info","Arena",2,"Exit_Zone",3
2629.142,"Info","Arena",2,"Enter_Zone",1
2629.369,"Info","Arena",7,"Exit_Zone",2
2629.369,"Info","Arena",7,"Enter_Zone",1
2629.402,"Info","Arena",7,"Exit_Zone",1
2629.402,"Info","Arena",7,"Enter_Zone",2
2629.607,"Info","Arena",7,"Exit_Zone",2
2629.607,"Info","Arena",7,"Enter_Zone",1
2629.830,"Info","Arena",7,"Exit_Zone",1
2629.830,"Info","Arena",7,"Enter_Zone",2
2630.584,"Info","Arena",7,"Exit_Zone",2
2630.584,"Info","Arena",7,"Enter_Zone",1
2630.684,"Info","Arena",7,"Exit_Zone",1
2630.684,"Info","Arena",7,"Enter_Zone",2
2630.979,"Info","Arena",7,"Exit_Zone",2
2630.979,"Info","Arena",7,"Enter_Zone",1
2631.187,"Info","Arena",7,"Exit_Zone",1
2631.187,"Info","Arena",7,"Enter_Zone",2
2631.300,"Info","Arena",7,"Exit_Zone",2
2631.300,"Info","Arena",7,"Enter_Zone",1
2631.572,"Info","Arena",7,"Exit_Zone",1
2631.572,"Info","Arena",7,"Enter_Zone",2
2631.859,"Info","Arena",2,"Exit_Zone",1
2631.859,"Info","Arena",2,"Enter_Zone",3
2631.961,"Info","Arena",2,"Exit_Zone",3
2631.961,"Info","Arena",2,"Enter_Zone",1
2632.033,"Info","Arena",7,"Exit_Zone",2
2632.033,"Info","Arena",7,"Enter_Zone",4
2632.071,"Info","Arena",8,"Exit_Zone",4
2632.071,"Info","Arena",8,"Enter_Zone",2
2632.104,"Info","Arena",8,"Exit_Zone",2
2632.104,"Info","Arena",8,"Enter_Zone",4
2632.225,"Info","Arena",5,"Exit_Zone",3
2632.225,"Info","Arena",5,"Enter_Zone",4
2632.225,"Info","Arena",8,"Exit_Zone",4
2632.225,"Info","Arena",8,"Enter_Zone",2
2632.334,"Info","Arena",7,"Exit_Zone",4
2632.334,"Info","Arena",7,"Enter_Zone",1
2632.444,"Info","Arena",1,"Exit_Zone",2
2632.444,"Info","Arena",1,"Enter_Zone",4
2632.554,"Info","Arena",5,"Exit_Zone",4
2632.554,"Info","Arena",5,"Enter_Zone",2
2633.169,"Info","Arena",2,"Exit_Zone",1
2633.169,"Info","Arena",2,"Enter_Zone",4
2633.393,"Info","Arena",2,"Exit_Zone",4
2633.393,"Info","Arena",2,"Enter_Zone",3
2633.463,"Info","Arena",1,"Exit_Zone",4
2633.463,"Info","Arena",1,"Enter_Zone",3
2635.859,"Info","Arena",7,"Exit_Zone",1
2635.859,"Info","Arena",7,"Enter_Zone",4
2636.041,"Info","Arena",7,"Exit_Zone",4
2636.041,"Info","Arena",7,"Enter_Zone",2
2636.637,"Info","Arena",1,"Exit_Zone",3
2636.637,"Info","Arena",1,"Enter_Zone",4
2636.637,"Info","Arena",7,"Exit_Zone",2
2636.637,"Info","Arena",7,"Enter_Zone",4
2636.747,"Info","Arena",7,"Exit_Zone",4
2636.747,"Info","Arena",7,"Enter_Zone",1
2636.855,"Info","Arena",7,"Exit_Zone",1
2636.855,"Info","Arena",7,"Enter_Zone",3
2636.930,"Info","Arena",8,"Exit_Zone",2
2636.930,"Info","Arena",8,"Enter_Zone",4
2637.007,"Info","Arena",2,"Exit_Zone",3
2637.007,"Info","Arena",2,"Enter_Zone",4
2637.238,"Info","Arena",2,"Exit_Zone",4
2637.238,"Info","Arena",2,"Enter_Zone",2
2637.274,"Info","Arena",5,"Exit_Zone",2
2637.274,"Info","Arena",5,"Enter_Zone",4
2637.490,"Info","Arena",1,"Exit_Zone",4
2637.490,"Info","Arena",1,"Enter_Zone",1
2637.601,"Info","Arena",7,"Exit_Zone",3
2637.601,"Info","Arena",7,"Enter_Zone",1
2638.056,"Info","Arena",7,"Exit_Zone",1
2638.056,"Info","Arena",7,"Enter_Zone",3
2638.276,"Info","Arena",5,"Exit_Zone",4
2638.276,"Info","Arena",5,"Enter_Zone",1
2638.481,"Info","Arena",8,"Exit_Zone",4
2638.481,"Info","Arena",8,"Enter_Zone",3
2638.514,"Info","Arena",7,"Exit_Zone",3
2638.514,"Info","Arena",7,"Enter_Zone",1
2638.619,"Info","Arena",7,"Exit_Zone",1
2638.619,"Info","Arena",7,"Enter_Zone",3
2638.827,"Info","Arena",7,"Exit_Zone",3
2638.827,"Info","Arena",7,"Enter_Zone",1
2638.895,"Info","Arena",7,"Exit_Zone",1
2638.895,"Info","Arena",7,"Enter_Zone",3
2639.366,"Info","Arena",7,"Exit_Zone",3
2639.366,"Info","Arena",7,"Enter_Zone",4
2639.440,"Info","Arena",7,"Exit_Zone",4
2639.440,"Info","Arena",7,"Enter_Zone",1
2640.356,"Info","Arena",7,"Exit_Zone",1
2640.356,"Info","Arena",7,"Enter_Zone",2
2640.425,"Info","Arena",1,"Exit_Zone",1
2640.425,"Info","Arena",1,"Enter_Zone",4
2640.532,"Info","Arena",7,"Exit_Zone",2
2640.532,"Info","Arena",7,"Enter_Zone",1
2640.565,"Info","Arena",1,"Exit_Zone",4
2640.565,"Info","Arena",1,"Enter_Zone",1
2640.565,"Info","Arena",7,"Exit_Zone",1
2640.565,"Info","Arena",7,"Enter_Zone",2
2640.929,"Info","Arena",7,"Exit_Zone",2
2640.929,"Info","Arena",7,"Enter_Zone",1
2640.961,"Info","Arena",7,"Exit_Zone",1
2640.961,"Info","Arena",7,"Enter_Zone",2
2641.096,"Info","Arena",2,"Exit_Zone",2
2641.096,"Info","Arena",2,"Enter_Zone",4
2641.509,"Info","Arena",7,"Exit_Zone",2
2641.509,"Info","Arena",7,"Enter_Zone",1
2641.676,"Info","Arena",2,"Exit_Zone",4
2641.676,"Info","Arena",2,"Enter_Zone",1
2641.803,"Info","Arena",7,"Exit_Zone",1
2641.803,"Info","Arena",7,"Enter_Zone",2
2642.543,"Info","Arena",2,"Exit_Zone",1
2642.543,"Info","Arena",2,"Enter_Zone",3
2642.579,"Info","Arena",2,"Exit_Zone",3
2642.579,"Info","Arena",2,"Enter_Zone",1
2642.648,"Info","Arena",2,"Exit_Zone",1
2642.648,"Info","Arena",2,"Enter_Zone",3
2642.789,"Info","Arena",2,"Exit_Zone",3
2642.789,"Info","Arena",2,"Enter_Zone",1
2642.895,"Info","Arena",1,"Exit_Zone",1
2642.895,"Info","Arena",1,"Enter_Zone",4
2642.970,"Info","Arena",6,"Exit_Zone",1
2642.970,"Info","Arena",6,"Enter_Zone",4
2643.118,"Info","Arena",7,"Exit_Zone",2
2643.118,"Info","Arena",7,"Enter_Zone",4
2643.392,"Info","Arena",1,"Exit_Zone",4
2643.392,"Info","Arena",1,"Enter_Zone",3
2643.429,"Info","Arena",6,"Exit_Zone",4
2643.429,"Info","Arena",6,"Enter_Zone",2
2643.654,"Info","Arena",5,"Exit_Zone",1
2643.654,"Info","Arena",5,"Enter_Zone",4
2643.693,"Info","Arena",7,"Exit_Zone",4
2643.693,"Info","Arena",7,"Enter_Zone",1
2643.984,"Info","Arena",8,"Exit_Zone",3
2643.984,"Info","Arena",8,"Enter_Zone",4
2644.339,"Info","Arena",2,"Exit_Zone",1
2644.339,"Info","Arena",2,"Enter_Zone",3
2644.435,"Info","Arena",5,"Exit_Zone",4
2644.435,"Info","Arena",5,"Enter_Zone",1
2644.732,"Info","Arena",2,"Exit_Zone",3
2644.732,"Info","Arena",2,"Enter_Zone",1
2644.732,"Info","Arena",8,"Exit_Zone",4
2644.732,"Info","Arena",8,"Enter_Zone",1
2645.748,"Info","Arena",2,"Exit_Zone",1
2645.748,"Info","Arena",2,"Enter_Zone",4
2646.387,"Info","Arena",2,"Exit_Zone",4
2646.387,"Info","Arena",2,"Enter_Zone",3
2646.559,"Info","Arena",7,"Exit_Zone",1
2646.559,"Info","Arena",7,"Enter_Zone",4
2646.628,"Info","Arena",1,"Exit_Zone",3
2646.628,"Info","Arena",1,"Enter_Zone",4
2647.168,"Info","Arena",7,"Exit_Zone",4
2647.168,"Info","Arena",7,"Enter_Zone",3
2647.470,"Info","Arena",1,"Exit_Zone",4
2647.470,"Info","Arena",1,"Enter_Zone",1
2647.810,"Info","Arena",7,"Exit_Zone",3
2647.810,"Info","Arena",7,"Enter_Zone",1
2647.939,"Info","Arena",7,"Exit_Zone",1
2647.939,"Info","Arena",7,"Enter_Zone",3
2648.802,"Info","Arena",7,"Exit_Zone",3
2648.802,"Info","Arena",7,"Enter_Zone",1
2648.901,"Info","Arena",7,"Exit_Zone",1
2648.901,"Info","Arena",7,"Enter_Zone",3
2648.901,"Info","Arena",8,"Exit_Zone",1
2648.901,"Info","Arena",8,"Enter_Zone",4
2650.072,"Info","Arena",8,"Exit_Zone",4
2650.072,"Info","Arena",8,"Enter_Zone",3
2650.341,"Info","Arena",7,"Exit_Zone",3
2650.341,"Info","Arena",7,"Enter_Zone",4
2650.449,"Info","Arena",5,"Exit_Zone",1
2650.449,"Info","Arena",5,"Enter_Zone",4
2650.589,"Info","Arena",7,"Exit_Zone",4
2650.589,"Info","Arena",7,"Enter_Zone",2
2650.659,"Info","Arena",2,"Exit_Zone",3
2650.659,"Info","Arena",2,"Enter_Zone",4
2650.659,"Info","Arena",5,"Exit_Zone",4
2650.659,"Info","Arena",5,"Enter_Zone",2
2650.801,"Info","Arena",5,"Exit_Zone",2
2650.801,"Info","Arena",5,"Enter_Zone",4
2650.835,"Info","Arena",5,"Exit_Zone",4
2650.835,"Info","Arena",5,"Enter_Zone",2
2651.310,"Info","Arena",2,"Exit_Zone",4
2651.310,"Info","Arena",2,"Enter_Zone",1
2651.498,"Info","Arena",1,"Exit_Zone",1
2651.498,"Info","Arena",1,"Enter_Zone",4
2652.171,"Info","Arena",2,"Exit_Zone",1
2652.171,"Info","Arena",2,"Enter_Zone",3
2652.485,"Info","Arena",1,"Exit_Zone",4
2652.485,"Info","Arena",1,"Enter_Zone",3
2652.624,"Info","Arena",4,"Exit_Zone",1
2652.624,"Info","Arena",4,"Enter_Zone",4
2652.723,"Info","Arena",2,"Exit_Zone",3
2652.723,"Info","Arena",2,"Enter_Zone",1
2652.793,"Info","Arena",2,"Exit_Zone",1
2652.793,"Info","Arena",2,"Enter_Zone",3
2652.861,"Info","Arena",4,"Exit_Zone",4
2652.861,"Info","Arena",4,"Enter_Zone",2
2652.959,"Info","Arena",2,"Exit_Zone",3
2652.959,"Info","Arena",2,"Enter_Zone",1
2653.763,"Info","Arena",7,"Exit_Zone",2
2653.763,"Info","Arena",7,"Enter_Zone",4
2653.797,"Info","Arena",1,"Exit_Zone",3
2653.797,"Info","Arena",1,"Enter_Zone",4
2654.149,"Info","Arena",7,"Exit_Zone",4
2654.149,"Info","Arena",7,"Enter_Zone",1
2654.857,"Info","Arena",1,"Exit_Zone",4
2654.857,"Info","Arena",1,"Enter_Zone",1
2654.966,"Info","Arena",8,"Exit_Zone",3
2654.966,"Info","Arena",8,"Enter_Zone",4
2655.990,"Info","Arena",6,"Exit_Zone",2
2655.990,"Info","Arena",6,"Enter_Zone",4
2656.173,"Info","Arena",8,"Exit_Zone",4
2656.173,"Info","Arena",8,"Enter_Zone",2
2656.257,"Info","Arena",6,"Exit_Zone",4
2656.257,"Info","Arena",6,"Enter_Zone",3
2656.447,"Info","Arena",5,"Exit_Zone",2
2656.447,"Info","Arena",5,"Enter_Zone",4
2656.521,"Info","Arena",7,"Exit_Zone",1
2656.521,"Info","Arena",7,"Enter_Zone",4
2657.076,"Info","Arena",7,"Exit_Zone",4
2657.076,"Info","Arena",7,"Enter_Zone",3
2657.111,"Info","Arena",7,"Exit_Zone",3
2657.111,"Info","Arena",7,"Enter_Zone",1
2657.146,"Info","Arena",7,"Exit_Zone",1
2657.146,"Info","Arena",7,"Enter_Zone",3
2657.398,"Info","Arena",4,"Exit_Zone",2
2657.398,"Info","Arena",4,"Enter_Zone",4
2657.574,"Info","Arena",7,"Exit_Zone",3
2657.574,"Info","Arena",7,"Enter_Zone",1
2657.748,"Info","Arena",7,"Exit_Zone",1
2657.748,"Info","Arena",7,"Enter_Zone",3
2657.820,"Info","Arena",5,"Exit_Zone",4
2657.820,"Info","Arena",5,"Enter_Zone",3
2657.820,"Info","Arena",7,"Exit_Zone",3
2657.820,"Info","Arena",7,"Enter_Zone",1
2657.856,"Info","Arena",7,"Exit_Zone",1
2657.856,"Info","Arena",7,"Enter_Zone",3
2657.890,"Info","Arena",7,"Exit_Zone",3
2657.890,"Info","Arena",7,"Enter_Zone",1
2657.926,"Info","Arena",4,"Exit_Zone",4
2657.926,"Info","Arena",4,"Enter_Zone",3
2657.960,"Info","Arena",7,"Exit_Zone",1
2657.960,"Info","Arena",7,"Enter_Zone",3
2658.106,"Info","Arena",2,"Exit_Zone",1
2658.106,"Info","Arena",2,"Enter_Zone",4
2658.106,"Info","Arena",4,"Exit_Zone",3
2658.106,"Info","Arena",4,"Enter_Zone",4
2658.595,"Info","Arena",1,"Exit_Zone",1
2658.595,"Info","Arena",1,"Enter_Zone",4
2658.595,"Info","Arena",4,"Exit_Zone",4
2658.595,"Info","Arena",4,"Enter_Zone",2
2658.595,"Info","Arena",6,"Exit_Zone",3
2658.595,"Info","Arena",6,"Enter_Zone",2
2658.595,"Info","Arena",7,"Exit_Zone",3
2658.595,"Info","Arena",7,"Enter_Zone",1
2658.630,"Info","Arena",6,"Exit_Zone",2
2658.630,"Info","Arena",6,"Enter_Zone",3
2658.667,"Info","Arena",6,"Exit_Zone",3
2658.667,"Info","Arena",6,"Enter_Zone",2
2658.701,"Info","Arena",6,"Exit_Zone",2
2658.701,"Info","Arena",6,"Enter_Zone",3
2658.775,"Info","Arena",2,"Exit_Zone",4
2658.775,"Info","Arena",2,"Enter_Zone",3
2659.105,"Info","Arena",7,"Exit_Zone",1
2659.105,"Info","Arena",7,"Enter_Zone",3
2659.335,"Info","Arena",1,"Exit_Zone",4
2659.335,"Info","Arena",1,"Enter_Zone",2
2659.688,"Info","Arena",3,"Exit_Zone",1
2659.688,"Info","Arena",3,"Enter_Zone",4
2660.180,"Info","Arena",7,"Exit_Zone",3
2660.180,"Info","Arena",7,"Enter_Zone",4
2660.224,"Info","Arena",3,"Exit_Zone",4
2660.224,"Info","Arena",3,"Enter_Zone",2
2660.643,"Info","Arena",7,"Exit_Zone",4
2660.643,"Info","Arena",7,"Enter_Zone",2
2660.988,"Info","Arena",8,"Exit_Zone",2
2660.988,"Info","Arena",8,"Enter_Zone",4
2661.596,"Info","Arena",4,"Exit_Zone",2
2661.596,"Info","Arena",4,"Enter_Zone",4
2661.738,"Info","Arena",2,"Exit_Zone",3
2661.738,"Info","Arena",2,"Enter_Zone",4
2661.950,"Info","Arena",2,"Exit_Zone",4
2661.950,"Info","Arena",2,"Enter_Zone",2
2661.950,"Info","Arena",7,"Exit_Zone",2
2661.950,"Info","Arena",7,"Enter_Zone",1
2662.019,"Info","Arena",7,"Exit_Zone",1
2662.019,"Info","Arena",7,"Enter_Zone",2
2662.347,"Info","Arena",6,"Exit_Zone",3
2662.347,"Info","Arena",6,"Enter_Zone",4
2662.417,"Info","Arena",4,"Exit_Zone",4
2662.417,"Info","Arena",4,"Enter_Zone",3
2662.972,"Info","Arena",6,"Exit_Zone",4
2662.972,"Info","Arena",6,"Enter_Zone",2
2663.086,"Info","Arena",7,"Exit_Zone",2
2663.086,"Info","Arena",7,"Enter_Zone",1
2663.124,"Info","Arena",1,"Exit_Zone",2
2663.124,"Info","Arena",1,"Enter_Zone",4
2663.361,"Info","Arena",7,"Exit_Zone",1
2663.361,"Info","Arena",7,"Enter_Zone",2
2663.592,"Info","Arena",7,"Exit_Zone",2
2663.592,"Info","Arena",7,"Enter_Zone",1
2663.629,"Info","Arena",1,"Exit_Zone",4
2663.629,"Info","Arena",1,"Enter_Zone",3
2663.629,"Info","Arena",7,"Exit_Zone",1
2663.629,"Info","Arena",7,"Enter_Zone",2
2663.743,"Info","Arena",8,"Exit_Zone",4
2663.743,"Info","Arena",8,"Enter_Zone",3
2663.969,"Info","Arena",4,"Exit_Zone",3
2663.969,"Info","Arena",4,"Enter_Zone",4
2663.969,"Info","Arena",5,"Exit_Zone",3
2663.969,"Info","Arena",5,"Enter_Zone",4
2664.078,"Info","Arena",2,"Exit_Zone",2
2664.078,"Info","Arena",2,"Enter_Zone",3
2664.078,"Info","Arena",7,"Exit_Zone",2
2664.078,"Info","Arena",7,"Enter_Zone",4
2664.458,"Info","Arena",7,"Exit_Zone",4
2664.458,"Info","Arena",7,"Enter_Zone",1
2664.567,"Info","Arena",4,"Exit_Zone",4
2664.567,"Info","Arena",4,"Enter_Zone",1
2664.848,"Info","Arena",2,"Exit_Zone",3
2664.848,"Info","Arena",2,"Enter_Zone",2
2665.018,"Info","Arena",2,"Exit_Zone",2
2665.018,"Info","Arena",2,"Enter_Zone",3
2665.081,"Info","Arena",2,"Exit_Zone",3
2665.081,"Info","Arena",2,"Enter_Zone",2
2665.355,"Info","Arena",5,"Exit_Zone",4
2665.355,"Info","Arena",5,"Enter_Zone",1
2667.224,"Info","Arena",2,"Exit_Zone",2
2667.224,"Info","Arena",2,"Enter_Zone",4
2667.398,"Info","Arena",2,"Exit_Zone",4
2667.398,"Info","Arena",2,"Enter_Zone",1
2667.537,"Info","Arena",6,"Exit_Zone",2
2667.537,"Info","Arena",6,"Enter_Zone",4
2667.713,"Info","Arena",7,"Exit_Zone",1
2667.713,"Info","Arena",7,"Enter_Zone",4
2667.856,"Info","Arena",7,"Exit_Zone",4
2667.856,"Info","Arena",7,"Enter_Zone",2
2667.890,"Info","Arena",7,"Exit_Zone",2
2667.890,"Info","Arena",7,"Enter_Zone",4
2668.000,"Info","Arena",7,"Exit_Zone",4
2668.000,"Info","Arena",7,"Enter_Zone",1
2668.034,"Info","Arena",6,"Exit_Zone",4
2668.034,"Info","Arena",6,"Enter_Zone",3
2668.067,"Info","Arena",7,"Exit_Zone",1
2668.067,"Info","Arena",7,"Enter_Zone",3
2668.632,"Info","Arena",7,"Exit_Zone",3
2668.632,"Info","Arena",7,"Enter_Zone",1
2668.748,"Info","Arena",7,"Exit_Zone",1
2668.748,"Info","Arena",7,"Enter_Zone",3
2668.896,"Info","Arena",8,"Exit_Zone",3
2668.896,"Info","Arena",8,"Enter_Zone",4
2669.155,"Info","Arena",3,"Exit_Zone",2
2669.155,"Info","Arena",3,"Enter_Zone",4
2669.352,"Info","Arena",1,"Exit_Zone",3
2669.352,"Info","Arena",1,"Enter_Zone",4
2669.466,"Info","Arena",7,"Exit_Zone",3
2669.466,"Info","Arena",7,"Enter_Zone",1
2669.504,"Info","Arena",7,"Exit_Zone",1
2669.504,"Info","Arena",7,"Enter_Zone",3
2669.542,"Info","Arena",6,"Exit_Zone",3
2669.542,"Info","Arena",6,"Enter_Zone",2
2669.581,"Info","Arena",6,"Exit_Zone",2
2669.581,"Info","Arena",6,"Enter_Zone",3
2669.620,"Info","Arena",6,"Exit_Zone",3
2669.620,"Info","Arena",6,"Enter_Zone",2
2669.739,"Info","Arena",6,"Exit_Zone",2
2669.739,"Info","Arena",6,"Enter_Zone",3
2669.775,"Info","Arena",6,"Exit_Zone",3
2669.775,"Info","Arena",6,"Enter_Zone",2
2669.817,"Info","Arena",1,"Exit_Zone",4
2669.817,"Info","Arena",1,"Enter_Zone",2
2669.891,"Info","Arena",6,"Exit_Zone",2
2669.891,"Info","Arena",6,"Enter_Zone",3
2669.969,"Info","Arena",7,"Exit_Zone",3
2669.969,"Info","Arena",7,"Enter_Zone",4
2670.050,"Info","Arena",8,"Exit_Zone",4
2670.050,"Info","Arena",8,"Enter_Zone",2
2670.163,"Info","Arena",3,"Exit_Zone",4
2670.163,"Info","Arena",3,"Enter_Zone",2
2670.523,"Info","Arena",7,"Exit_Zone",4
2670.523,"Info","Arena",7,"Enter_Zone",2
2670.755,"Info","Arena",6,"Exit_Zone",3
2670.755,"Info","Arena",6,"Enter_Zone",4
2671.088,"Info","Arena",5,"Exit_Zone",1
2671.088,"Info","Arena",5,"Enter_Zone",4
2671.163,"Info","Arena",7,"Exit_Zone",2
2671.163,"Info","Arena",7,"Enter_Zone",1
2671.201,"Info","Arena",6,"Exit_Zone",4
2671.201,"Info","Arena",6,"Enter_Zone",2
2671.427,"Info","Arena",7,"Exit_Zone",1
2671.427,"Info","Arena",7,"Enter_Zone",2
2672.576,"Info","Arena",2,"Exit_Zone",1
2672.576,"Info","Arena",2,"Enter_Zone",4
2672.690,"Info","Arena",2,"Exit_Zone",4
2672.690,"Info","Arena",2,"Enter_Zone",3
2672.889,"Info","Arena",5,"Exit_Zone",4
2672.889,"Info","Arena",5,"Enter_Zone",1
2674.122,"Info","Arena",1,"Exit_Zone",2
2674.122,"Info","Arena",1,"Enter_Zone",4
2674.122,"Info","Arena",7,"Exit_Zone",2
2674.122,"Info","Arena",7,"Enter_Zone",4
2674.622,"Info","Arena",1,"Exit_Zone",4
2674.622,"Info","Arena",1,"Enter_Zone",2
2674.622,"Info","Arena",7,"Exit_Zone",4
2674.622,"Info","Arena",7,"Enter_Zone",1
2674.661,"Info","Arena",5,"Exit_Zone",1
2674.661,"Info","Arena",5,"Enter_Zone",4
2674.698,"Info","Arena",5,"Exit_Zone",4
2674.698,"Info","Arena",5,"Enter_Zone",2
2677.002,"Info","Arena",6,"Exit_Zone",2
2677.002,"Info","Arena",6,"Enter_Zone",4
2677.076,"Info","Arena",4,"Exit_Zone",1
2677.076,"Info","Arena",4,"Enter_Zone",4
2677.595,"Info","Arena",7,"Exit_Zone",1
2677.595,"Info","Arena",7,"Enter_Zone",4
2677.669,"Info","Arena",2,"Exit_Zone",3
2677.669,"Info","Arena",2,"Enter_Zone",4
2677.779,"Info","Arena",2,"Exit_Zone",4
2677.779,"Info","Arena",2,"Enter_Zone",2
2677.855,"Info","Arena",6,"Exit_Zone",4
2677.855,"Info","Arena",6,"Enter_Zone",1
2678.193,"Info","Arena",6,"Exit_Zone",1
2678.193,"Info","Arena",6,"Enter_Zone",4
2678.242,"Info","Arena",6,"Exit_Zone",4
2678.242,"Info","Arena",6,"Enter_Zone",2
2678.242,"Info","Arena",7,"Exit_Zone",4
2678.242,"Info","Arena",7,"Enter_Zone",1
2678.282,"Info","Arena",7,"Exit_Zone",1
2678.282,"Info","Arena",7,"Enter_Zone",3
2679.126,"Info","Arena",7,"Exit_Zone",3
2679.126,"Info","Arena",7,"Enter_Zone",1
2679.165,"Info","Arena",4,"Exit_Zone",4
2679.165,"Info","Arena",4,"Enter_Zone",1
2679.165,"Info","Arena",7,"Exit_Zone",1
2679.165,"Info","Arena",7,"Enter_Zone",3
2679.287,"Info","Arena",2,"Exit_Zone",2
2679.287,"Info","Arena",2,"Enter_Zone",3
2679.399,"Info","Arena",8,"Exit_Zone",2
2679.399,"Info","Arena",8,"Enter_Zone",4
2679.435,"Info","Arena",2,"Exit_Zone",3
2679.435,"Info","Arena",2,"Enter_Zone",2
2679.435,"Info","Arena",8,"Exit_Zone",4
2679.435,"Info","Arena",8,"Enter_Zone",2
2679.511,"Info","Arena",8,"Exit_Zone",2
2679.511,"Info","Arena",8,"Enter_Zone",4
2679.583,"Info","Arena",7,"Exit_Zone",3
2679.583,"Info","Arena",7,"Enter_Zone",1
2679.660,"Info","Arena",7,"Exit_Zone",1
2679.660,"Info","Arena",7,"Enter_Zone",3
2679.984,"Info","Arena",7,"Exit_Zone",3
2679.984,"Info","Arena",7,"Enter_Zone",1
2680.319,"Info","Arena",7,"Exit_Zone",1
2680.319,"Info","Arena",7,"Enter_Zone",3
2680.832,"Info","Arena",5,"Exit_Zone",2
2680.832,"Info","Arena",5,"Enter_Zone",4
2681.079,"Info","Arena",7,"Exit_Zone",3
2681.079,"Info","Arena",7,"Enter_Zone",4
2681.414,"Info","Arena",5,"Exit_Zone",4
2681.414,"Info","Arena",5,"Enter_Zone",3
2681.517,"Info","Arena",8,"Exit_Zone",4
2681.517,"Info","Arena",8,"Enter_Zone",1
2681.555,"Info","Arena",2,"Exit_Zone",2
2681.555,"Info","Arena",2,"Enter_Zone",3
2681.555,"Info","Arena",7,"Exit_Zone",4
2681.555,"Info","Arena",7,"Enter_Zone",2
2681.731,"Info","Arena",2,"Exit_Zone",3
2681.731,"Info","Arena",2,"Enter_Zone",2
2682.386,"Info","Arena",2,"Exit_Zone",2
2682.386,"Info","Arena",2,"Enter_Zone",4
2682.856,"Info","Arena",2,"Exit_Zone",4
2682.856,"Info","Arena",2,"Enter_Zone",1
2683.106,"Info","Arena",7,"Exit_Zone",2
2683.106,"Info","Arena",7,"Enter_Zone",1
2683.171,"Info","Arena",7,"Exit_Zone",1
2683.171,"Info","Arena",7,"Enter_Zone",2
2683.204,"Info","Arena",7,"Exit_Zone",2
2683.204,"Info","Arena",7,"Enter_Zone",1
2683.279,"Info","Arena",7,"Exit_Zone",1
2683.279,"Info","Arena",7,"Enter_Zone",2
2683.439,"Info","Arena",7,"Exit_Zone",2
2683.439,"Info","Arena",7,"Enter_Zone",1
2683.597,"Info","Arena",7,"Exit_Zone",1
2683.597,"Info","Arena",7,"Enter_Zone",2
2683.661,"Info","Arena",1,"Exit_Zone",2
2683.661,"Info","Arena",1,"Enter_Zone",4
2683.790,"Info","Arena",7,"Exit_Zone",2
2683.790,"Info","Arena",7,"Enter_Zone",1
2684.391,"Info","Arena",1,"Exit_Zone",4
2684.391,"Info","Arena",1,"Enter_Zone",1
2684.792,"Info","Arena",6,"Exit_Zone",2
2684.792,"Info","Arena",6,"Enter_Zone",4
2684.792,"Info","Arena",7,"Exit_Zone",1
2684.792,"Info","Arena",7,"Enter_Zone",2
2685.293,"Info","Arena",6,"Exit_Zone",4
2685.293,"Info","Arena",6,"Enter_Zone",1
2685.433,"Info","Arena",4,"Exit_Zone",1
2685.433,"Info","Arena",4,"Enter_Zone",4
2685.467,"Info","Arena",5,"Exit_Zone",3
2685.467,"Info","Arena",5,"Enter_Zone",4
2685.537,"Info","Arena",7,"Exit_Zone",2
2685.537,"Info","Arena",7,"Enter_Zone",4
2685.818,"Info","Arena",2,"Exit_Zone",1
2685.818,"Info","Arena",2,"Enter_Zone",3
2685.854,"Info","Arena",4,"Exit_Zone",4
2685.854,"Info","Arena",4,"Enter_Zone",2
2686.023,"Info","Arena",7,"Exit_Zone",4
2686.023,"Info","Arena",7,"Enter_Zone",1
2686.057,"Info","Arena",5,"Exit_Zone",4
2686.057,"Info","Arena",5,"Enter_Zone",1
2686.193,"Info","Arena",2,"Exit_Zone",3
2686.193,"Info","Arena",2,"Enter_Zone",1
2686.993,"Info","Arena",2,"Exit_Zone",1
2686.993,"Info","Arena",2,"Enter_Zone",4
2687.090,"Info","Arena",1,"Exit_Zone",1
2687.090,"Info","Arena",1,"Enter_Zone",2
2687.227,"Info","Arena",1,"Exit_Zone",2
2687.227,"Info","Arena",1,"Enter_Zone",1
2687.437,"Info","Arena",2,"Exit_Zone",4
2687.437,"Info","Arena",2,"Enter_Zone",3
2688.592,"Info","Arena",7,"Exit_Zone",1
2688.592,"Info","Arena",7,"Enter_Zone",4
2689.031,"Info","Arena",7,"Exit_Zone",4
2689.031,"Info","Arena",7,"Enter_Zone",3
2690.336,"Info","Arena",7,"Exit_Zone",3
2690.336,"Info","Arena",7,"Enter_Zone",1
2690.699,"Info","Arena",7,"Exit_Zone",1
2690.699,"Info","Arena",7,"Enter_Zone",3
2691.111,"Info","Arena",2,"Exit_Zone",3
2691.111,"Info","Arena",2,"Enter_Zone",4
2691.226,"Info","Arena",5,"Exit_Zone",1
2691.226,"Info","Arena",5,"Enter_Zone",4
2691.508,"Info","Arena",8,"Exit_Zone",1
2691.508,"Info","Arena",8,"Enter_Zone",4
2691.545,"Info","Arena",7,"Exit_Zone",3
2691.545,"Info","Arena",7,"Enter_Zone",4
2691.686,"Info","Arena",2,"Exit_Zone",4
2691.686,"Info","Arena",2,"Enter_Zone",1
2691.867,"Info","Arena",7,"Exit_Zone",4
2691.867,"Info","Arena",7,"Enter_Zone",2
2692.189,"Info","Arena",1,"Exit_Zone",1
2692.189,"Info","Arena",1,"Enter_Zone",4
2692.189,"Info","Arena",5,"Exit_Zone",4
2692.189,"Info","Arena",5,"Enter_Zone",3
2692.490,"Info","Arena",2,"Exit_Zone",1
2692.490,"Info","Arena",2,"Enter_Zone",3
2692.490,"Info","Arena",7,"Exit_Zone",2
2692.490,"Info","Arena",7,"Enter_Zone",1
2692.525,"Info","Arena",7,"Exit_Zone",1
2692.525,"Info","Arena",7,"Enter_Zone",2
2692.801,"Info","Arena",7,"Exit_Zone",2
2692.801,"Info","Arena",7,"Enter_Zone",1
2692.868,"Info","Arena",7,"Exit_Zone",1
2692.868,"Info","Arena",7,"Enter_Zone",2
2692.936,"Info","Arena",2,"Exit_Zone",3
2692.936,"Info","Arena",2,"Enter_Zone",1
2693.042,"Info","Arena",1,"Exit_Zone",4
2693.042,"Info","Arena",1,"Enter_Zone",3
2693.078,"Info","Arena",1,"Exit_Zone",3
2693.078,"Info","Arena",1,"Enter_Zone",4
2693.112,"Info","Arena",1,"Exit_Zone",4
2693.112,"Info","Arena",1,"Enter_Zone",3
2694.124,"Info","Arena",8,"Exit_Zone",4
2694.124,"Info","Arena",8,"Enter_Zone",1
2694.235,"Info","Arena",4,"Exit_Zone",2
2694.235,"Info","Arena",4,"Enter_Zone",4
2694.266,"Info","Arena",7,"Exit_Zone",2
2694.266,"Info","Arena",7,"Enter_Zone",1
2694.868,"Info","Arena",7,"Exit_Zone",1
2694.868,"Info","Arena",7,"Enter_Zone",2
2695.434,"Info","Arena",7,"Exit_Zone",2
2695.434,"Info","Arena",7,"Enter_Zone",4
2695.571,"Info","Arena",1,"Exit_Zone",3
2695.571,"Info","Arena",1,"Enter_Zone",4
2695.676,"Info","Arena",4,"Exit_Zone",4
2695.676,"Info","Arena",4,"Enter_Zone",2
2695.848,"Info","Arena",2,"Exit_Zone",1
2695.848,"Info","Arena",2,"Enter_Zone",4
2695.918,"Info","Arena",1,"Exit_Zone",4
2695.918,"Info","Arena",1,"Enter_Zone",2
2695.918,"Info","Arena",7,"Exit_Zone",4
2695.918,"Info","Arena",7,"Enter_Zone",1
2696.277,"Info","Arena",1,"Exit_Zone",2
2696.277,"Info","Arena",1,"Enter_Zone",4
2696.348,"Info","Arena",2,"Exit_Zone",4
2696.348,"Info","Arena",2,"Enter_Zone",3
2697.642,"Info","Arena",1,"Exit_Zone",4
2697.642,"Info","Arena",1,"Enter_Zone",3
2697.832,"Info","Arena",1,"Exit_Zone",3
2697.832,"Info","Arena",1,"Enter_Zone",4
2698.463,"Info","Arena",1,"Exit_Zone",4
2698.463,"Info","Arena",1,"Enter_Zone",1
2698.556,"Info","Arena",5,"Exit_Zone",3
2698.556,"Info","Arena",5,"Enter_Zone",4
2698.791,"Info","Arena",5,"Exit_Zone",4
2698.791,"Info","Arena",5,"Enter_Zone",1
2698.890,"Info","Arena",7,"Exit_Zone",1
2698.890,"Info","Arena",7,"Enter_Zone",4
2699.585,"Info","Arena",7,"Exit_Zone",4
2699.585,"Info","Arena",7,"Enter_Zone",3
2699.827,"Info","Arena",7,"Exit_Zone",3
2699.827,"Info","Arena",7,"Enter_Zone",1
2699.892,"Info","Arena",7,"Exit_Zone",1
2699.892,"Info","Arena",7,"Enter_Zone",3
2699.960,"Info","Arena",3,"Exit_Zone",2
2699.960,"Info","Arena",3,"Enter_Zone",4
2700.098,"Info","Arena",7,"Exit_Zone",3
2700.098,"Info","Arena",7,"Enter_Zone",1
2700.732,"Info","Arena",7,"Exit_Zone",1
2700.732,"Info","Arena",7,"Enter_Zone",3
2700.912,"Info","Arena",1,"Exit_Zone",1
2700.912,"Info","Arena",1,"Enter_Zone",4
2700.983,"Info","Arena",2,"Exit_Zone",3
2700.983,"Info","Arena",2,"Enter_Zone",4
2701.055,"Info","Arena",7,"Exit_Zone",3
2701.055,"Info","Arena",7,"Enter_Zone",1
2701.124,"Info","Arena",2,"Exit_Zone",4
2701.124,"Info","Arena",2,"Enter_Zone",2
2701.163,"Info","Arena",1,"Exit_Zone",4
2701.163,"Info","Arena",1,"Enter_Zone",3
2701.346,"Info","Arena",3,"Exit_Zone",4
2701.346,"Info","Arena",3,"Enter_Zone",3
2701.382,"Info","Arena",7,"Exit_Zone",1
2701.382,"Info","Arena",7,"Enter_Zone",3
2701.800,"Info","Arena",7,"Exit_Zone",3
2701.800,"Info","Arena",7,"Enter_Zone",1
2702.277,"Info","Arena",7,"Exit_Zone",1
2702.277,"Info","Arena",7,"Enter_Zone",3
2702.826,"Info","Arena",7,"Exit_Zone",3
2702.826,"Info","Arena",7,"Enter_Zone",1
2703.043,"Info","Arena",7,"Exit_Zone",1
2703.043,"Info","Arena",7,"Enter_Zone",3
2703.294,"Info","Arena",7,"Exit_Zone",3
2703.294,"Info","Arena",7,"Enter_Zone",1
2703.359,"Info","Arena",7,"Exit_Zone",1
2703.359,"Info","Arena",7,"Enter_Zone",3
2703.567,"Info","Arena",4,"Exit_Zone",2
2703.567,"Info","Arena",4,"Enter_Zone",4
2703.567,"Info","Arena",7,"Exit_Zone",3
2703.567,"Info","Arena",7,"Enter_Zone",1
2703.772,"Info","Arena",7,"Exit_Zone",1
2703.772,"Info","Arena",7,"Enter_Zone",3
2703.807,"Info","Arena",1,"Exit_Zone",3
2703.807,"Info","Arena",1,"Enter_Zone",4
2703.807,"Info","Arena",4,"Exit_Zone",4
2703.807,"Info","Arena",4,"Enter_Zone",1
2703.940,"Info","Arena",4,"Exit_Zone",1
2703.940,"Info","Arena",4,"Enter_Zone",4
2703.977,"Info","Arena",2,"Exit_Zone",2
2703.977,"Info","Arena",2,"Enter_Zone",3
2704.046,"Info","Arena",2,"Exit_Zone",3
2704.046,"Info","Arena",2,"Enter_Zone",2
2704.078,"Info","Arena",4,"Exit_Zone",4
2704.078,"Info","Arena",4,"Enter_Zone",3
2704.291,"Info","Arena",3,"Exit_Zone",3
2704.291,"Info","Arena",3,"Enter_Zone",4
2704.291,"Info","Arena",4,"Exit_Zone",3
2704.291,"Info","Arena",4,"Enter_Zone",4
2704.329,"Info","Arena",1,"Exit_Zone",4
2704.329,"Info","Arena",1,"Enter_Zone",2
2704.329,"Info","Arena",7,"Exit_Zone",3
2704.329,"Info","Arena",7,"Enter_Zone",1
2704.568,"Info","Arena",4,"Exit_Zone",4
2704.568,"Info","Arena",4,"Enter_Zone",2
2704.742,"Info","Arena",3,"Exit_Zone",4
2704.742,"Info","Arena",3,"Enter_Zone",1
2705.157,"Info","Arena",7,"Exit_Zone",1
2705.157,"Info","Arena",7,"Enter_Zone",3
2705.342,"Info","Arena",7,"Exit_Zone",3
2705.342,"Info","Arena",7,"Enter_Zone",1
2705.475,"Info","Arena",7,"Exit_Zone",1
2705.475,"Info","Arena",7,"Enter_Zone",2
2705.753,"Info","Arena",4,"Exit_Zone",2
2705.753,"Info","Arena",4,"Enter_Zone",4
2705.791,"Info","Arena",2,"Exit_Zone",2
2705.791,"Info","Arena",2,"Enter_Zone",4
2705.791,"Info","Arena",4,"Exit_Zone",4
2705.791,"Info","Arena",4,"Enter_Zone",1
2706.299,"Info","Arena",7,"Exit_Zone",2
2706.299,"Info","Arena",7,"Enter_Zone",1
2706.402,"Info","Arena",2,"Exit_Zone",4
2706.402,"Info","Arena",2,"Enter_Zone",1
2706.437,"Info","Arena",7,"Exit_Zone",1
2706.437,"Info","Arena",7,"Enter_Zone",2
2706.473,"Info","Arena",1,"Exit_Zone",2
2706.473,"Info","Arena",1,"Enter_Zone",4
2706.693,"Info","Arena",7,"Exit_Zone",2
2706.693,"Info","Arena",7,"Enter_Zone",1
2706.910,"Info","Arena",1,"Exit_Zone",4
2706.910,"Info","Arena",1,"Enter_Zone",1
2706.910,"Info","Arena",5,"Exit_Zone",1
2706.910,"Info","Arena",5,"Enter_Zone",4
2706.910,"Info","Arena",6,"Exit_Zone",1
2706.910,"Info","Arena",6,"Enter_Zone",4
2706.947,"Info","Arena",7,"Exit_Zone",1
2706.947,"Info","Arena",7,"Enter_Zone",2
2706.983,"Info","Arena",7,"Exit_Zone",2
2706.983,"Info","Arena",7,"Enter_Zone",1
2707.169,"Info","Arena",3,"Exit_Zone",1
2707.169,"Info","Arena",3,"Enter_Zone",4
2707.169,"Info","Arena",7,"Exit_Zone",1
2707.169,"Info","Arena",7,"Enter_Zone",2
2707.399,"Info","Arena",5,"Exit_Zone",4
2707.399,"Info","Arena",5,"Enter_Zone",2
2707.434,"Info","Arena",3,"Exit_Zone",4
2707.434,"Info","Arena",3,"Enter_Zone",3
2707.434,"Info","Arena",7,"Exit_Zone",2
2707.434,"Info","Arena",7,"Enter_Zone",1
2707.472,"Info","Arena",7,"Exit_Zone",1
2707.472,"Info","Arena",7,"Enter_Zone",2
2707.544,"Info","Arena",4,"Exit_Zone",1
2707.544,"Info","Arena",4,"Enter_Zone",4
2707.578,"Info","Arena",6,"Exit_Zone",4
2707.578,"Info","Arena",6,"Enter_Zone",1
2707.686,"Info","Arena",4,"Exit_Zone",4
2707.686,"Info","Arena",4,"Enter_Zone",3
2707.903,"Info","Arena",7,"Exit_Zone",2
2707.903,"Info","Arena",7,"Enter_Zone",1
2707.936,"Info","Arena",7,"Exit_Zone",1
2707.936,"Info","Arena",7,"Enter_Zone",2
2708.185,"Info","Arena",7,"Exit_Zone",2
2708.185,"Info","Arena",7,"Enter_Zone",1
2708.507,"Info","Arena",4,"Exit_Zone",3
2708.507,"Info","Arena",4,"Enter_Zone",4
2708.643,"Info","Arena",4,"Exit_Zone",4
2708.643,"Info","Arena",4,"Enter_Zone",2
2709.284,"Info","Arena",7,"Exit_Zone",1
2709.284,"Info","Arena",7,"Enter_Zone",2
2709.692,"Info","Arena",7,"Exit_Zone",2
2709.692,"Info","Arena",7,"Enter_Zone",1
2710.216,"Info","Arena",7,"Exit_Zone",1
2710.216,"Info","Arena",7,"Enter_Zone",2
2710.345,"Info","Arena",7,"Exit_Zone",2
2710.345,"Info","Arena",7,"Enter_Zone",1
2710.540,"Info","Arena",7,"Exit_Zone",1
2710.540,"Info","Arena",7,"Enter_Zone",2
2710.674,"Info","Arena",7,"Exit_Zone",2
2710.674,"Info","Arena",7,"Enter_Zone",1
2710.840,"Info","Arena",7,"Exit_Zone",1
2710.840,"Info","Arena",7,"Enter_Zone",2
2710.873,"Info","Arena",7,"Exit_Zone",2
2710.873,"Info","Arena",7,"Enter_Zone",1
2711.107,"Info","Arena",7,"Exit_Zone",1
2711.107,"Info","Arena",7,"Enter_Zone",2
2711.174,"Info","Arena",7,"Exit_Zone",2
2711.174,"Info","Arena",7,"Enter_Zone",1
2711.248,"Info","Arena",7,"Exit_Zone",1
2711.248,"Info","Arena",7,"Enter_Zone",2
2711.414,"Info","Arena",7,"Exit_Zone",2
2711.414,"Info","Arena",7,"Enter_Zone",1
2711.809,"Info","Arena",7,"Exit_Zone",1
2711.809,"Info","Arena",7,"Enter_Zone",2
2712.049,"Info","Arena",7,"Exit_Zone",2
2712.049,"Info","Arena",7,"Enter_Zone",1
2712.235,"Info","Arena",7,"Exit_Zone",1
2712.235,"Info","Arena",7,"Enter_Zone",2
2712.407,"Info","Arena",7,"Exit_Zone",2
2712.407,"Info","Arena",7,"Enter_Zone",1
2712.476,"Info","Arena",7,"Exit_Zone",1
2712.476,"Info","Arena",7,"Enter_Zone",2
2712.547,"Info","Arena",7,"Exit_Zone",2
2712.547,"Info","Arena",7,"Enter_Zone",1
2712.689,"Info","Arena",2,"Exit_Zone",1
2712.689,"Info","Arena",2,"Enter_Zone",4
2712.761,"Info","Arena",7,"Exit_Zone",1
2712.761,"Info","Arena",7,"Enter_Zone",2
2713.118,"Info","Arena",7,"Exit_Zone",2
2713.118,"Info","Arena",7,"Enter_Zone",1
2713.154,"Info","Arena",7,"Exit_Zone",1
2713.154,"Info","Arena",7,"Enter_Zone",2
2713.309,"Info","Arena",7,"Exit_Zone",2
2713.309,"Info","Arena",7,"Enter_Zone",1
2713.343,"Info","Arena",7,"Exit_Zone",1
2713.343,"Info","Arena",7,"Enter_Zone",2
2713.379,"Info","Arena",5,"Exit_Zone",2
2713.379,"Info","Arena",5,"Enter_Zone",4
2713.452,"Info","Arena",2,"Exit_Zone",4
2713.452,"Info","Arena",2,"Enter_Zone",3
2713.528,"Info","Arena",1,"Exit_Zone",1
2713.528,"Info","Arena",1,"Enter_Zone",4
2713.635,"Info","Arena",7,"Exit_Zone",2
2713.635,"Info","Arena",7,"Enter_Zone",4
2713.820,"Info","Arena",5,"Exit_Zone",4
2713.820,"Info","Arena",5,"Enter_Zone",3
2714.038,"Info","Arena",7,"Exit_Zone",4
2714.038,"Info","Arena",7,"Enter_Zone",1
2714.111,"Info","Arena",1,"Exit_Zone",4
2714.111,"Info","Arena",1,"Enter_Zone",3
2714.516,"Info","Arena",5,"Exit_Zone",3
2714.516,"Info","Arena",5,"Enter_Zone",4
2714.827,"Info","Arena",5,"Exit_Zone",4
2714.827,"Info","Arena",5,"Enter_Zone",3
2714.927,"Info","Arena",5,"Exit_Zone",3
2714.927,"Info","Arena",5,"Enter_Zone",4
2714.995,"Info","Arena",5,"Exit_Zone",4
2714.995,"Info","Arena",5,"Enter_Zone",3
2717.108,"Info","Arena",2,"Exit_Zone",3
2717.108,"Info","Arena",2,"Enter_Zone",4
2717.474,"Info","Arena",2,"Exit_Zone",4
2717.474,"Info","Arena",2,"Enter_Zone",2
2718.115,"Info","Arena",8,"Exit_Zone",1
2718.115,"Info","Arena",8,"Enter_Zone",4
2718.188,"Info","Arena",6,"Exit_Zone",1
2718.188,"Info","Arena",6,"Enter_Zone",4
2718.188,"Info","Arena",8,"Exit_Zone",4
2718.188,"Info","Arena",8,"Enter_Zone",1
2718.315,"Info","Arena",7,"Exit_Zone",1
2718.315,"Info","Arena",7,"Enter_Zone",4
2718.356,"Info","Arena",8,"Exit_Zone",1
2718.356,"Info","Arena",8,"Enter_Zone",4
2718.394,"Info","Arena",8,"Exit_Zone",4
2718.394,"Info","Arena",8,"Enter_Zone",1
2718.476,"Info","Arena",8,"Exit_Zone",1
2718.476,"Info","Arena",8,"Enter_Zone",4
2718.515,"Info","Arena",8,"Exit_Zone",4
2718.515,"Info","Arena",8,"Enter_Zone",1
2718.596,"Info","Arena",8,"Exit_Zone",1
2718.596,"Info","Arena",8,"Enter_Zone",4
2718.633,"Info","Arena",6,"Exit_Zone",4
2718.633,"Info","Arena",6,"Enter_Zone",3
2718.633,"Info","Arena",8,"Exit_Zone",4
2718.633,"Info","Arena",8,"Enter_Zone",1
2718.713,"Info","Arena",7,"Exit_Zone",4
2718.713,"Info","Arena",7,"Enter_Zone",2
2718.755,"Info","Arena",8,"Exit_Zone",1
2718.755,"Info","Arena",8,"Enter_Zone",4
2718.795,"Info","Arena",8,"Exit_Zone",4
2718.795,"Info","Arena",8,"Enter_Zone",1
2718.833,"Info","Arena",8,"Exit_Zone",1
2718.833,"Info","Arena",8,"Enter_Zone",4
2718.874,"Info","Arena",8,"Exit_Zone",4
2718.874,"Info","Arena",8,"Enter_Zone",1
2718.911,"Info","Arena",8,"Exit_Zone",1
2718.911,"Info","Arena",8,"Enter_Zone",4
2718.950,"Info","Arena",7,"Exit_Zone",2
2718.950,"Info","Arena",7,"Enter_Zone",4
2719.027,"Info","Arena",1,"Exit_Zone",3
2719.027,"Info","Arena",1,"Enter_Zone",4
2719.184,"Info","Arena",7,"Exit_Zone",4
2719.184,"Info","Arena",7,"Enter_Zone",1
2719.270,"Info","Arena",7,"Exit_Zone",1
2719.270,"Info","Arena",7,"Enter_Zone",3
2719.309,"Info","Arena",8,"Exit_Zone",4
2719.309,"Info","Arena",8,"Enter_Zone",1
2719.344,"Info","Arena",8,"Exit_Zone",1
2719.344,"Info","Arena",8,"Enter_Zone",4
2719.527,"Info","Arena",8,"Exit_Zone",4
2719.527,"Info","Arena",8,"Enter_Zone",1
2719.744,"Info","Arena",8,"Exit_Zone",1
2719.744,"Info","Arena",8,"Enter_Zone",4
2719.855,"Info","Arena",1,"Exit_Zone",4
2719.855,"Info","Arena",1,"Enter_Zone",1
2720.042,"Info","Arena",8,"Exit_Zone",4
2720.042,"Info","Arena",8,"Enter_Zone",1
2720.302,"Info","Arena",8,"Exit_Zone",1
2720.302,"Info","Arena",8,"Enter_Zone",4
2720.368,"Info","Arena",2,"Exit_Zone",2
2720.368,"Info","Arena",2,"Enter_Zone",3
2720.885,"Info","Arena",2,"Exit_Zone",3
2720.885,"Info","Arena",2,"Enter_Zone",2
2721.151,"Info","Arena",7,"Exit_Zone",3
2721.151,"Info","Arena",7,"Enter_Zone",1
2721.520,"Info","Arena",7,"Exit_Zone",1
2721.520,"Info","Arena",7,"Enter_Zone",3
2722.224,"Info","Arena",7,"Exit_Zone",3
2722.224,"Info","Arena",7,"Enter_Zone",4
2722.399,"Info","Arena",5,"Exit_Zone",3
2722.399,"Info","Arena",5,"Enter_Zone",4
2722.509,"Info","Arena",4,"Exit_Zone",2
2722.509,"Info","Arena",4,"Enter_Zone",4
2722.509,"Info","Arena",8,"Exit_Zone",4
2722.509,"Info","Arena",8,"Enter_Zone",2
2722.543,"Info","Arena",7,"Exit_Zone",4
2722.543,"Info","Arena",7,"Enter_Zone",2
2722.759,"Info","Arena",2,"Exit_Zone",2
2722.759,"Info","Arena",2,"Enter_Zone",4
2722.797,"Info","Arena",2,"Exit_Zone",4
2722.797,"Info","Arena",2,"Enter_Zone",2
2722.832,"Info","Arena",2,"Exit_Zone",2
2722.832,"Info","Arena",2,"Enter_Zone",4
2723.085,"Info","Arena",4,"Exit_Zone",4
2723.085,"Info","Arena",4,"Enter_Zone",3
2723.245,"Info","Arena",5,"Exit_Zone",4
2723.245,"Info","Arena",5,"Enter_Zone",1
2723.578,"Info","Arena",6,"Exit_Zone",3
2723.578,"Info","Arena",6,"Enter_Zone",4
2723.578,"Info","Arena",7,"Exit_Zone",2
2723.578,"Info","Arena",7,"Enter_Zone",1
2723.615,"Info","Arena",2,"Exit_Zone",4
2723.615,"Info","Arena",2,"Enter_Zone",1
2723.615,"Info","Arena",7,"Exit_Zone",1
2723.615,"Info","Arena",7,"Enter_Zone",2
2723.722,"Info","Arena",7,"Exit_Zone",2
2723.722,"Info","Arena",7,"Enter_Zone",1
2723.930,"Info","Arena",7,"Exit_Zone",1
2723.930,"Info","Arena",7,"Enter_Zone",2
2724.039,"Info","Arena",1,"Exit_Zone",1
2724.039,"Info","Arena",1,"Enter_Zone",4
2724.260,"Info","Arena",6,"Exit_Zone",4
2724.260,"Info","Arena",6,"Enter_Zone",1
2724.401,"Info","Arena",1,"Exit_Zone",4
2724.401,"Info","Arena",1,"Enter_Zone",2
2724.917,"Info","Arena",4,"Exit_Zone",3
2724.917,"Info","Arena",4,"Enter_Zone",4
2724.983,"Info","Arena",7,"Exit_Zone",2
2724.983,"Info","Arena",7,"Enter_Zone",1
2725.182,"Info","Arena",4,"Exit_Zone",4
2725.182,"Info","Arena",4,"Enter_Zone",1
2725.182,"Info","Arena",7,"Exit_Zone",1
2725.182,"Info","Arena",7,"Enter_Zone",2
2726.838,"Info","Arena",7,"Exit_Zone",2
2726.838,"Info","Arena",7,"Enter_Zone",4
2727.224,"Info","Arena",3,"Exit_Zone",3
2727.224,"Info","Arena",3,"Enter_Zone",4
2727.224,"Info","Arena",7,"Exit_Zone",4
2727.224,"Info","Arena",7,"Enter_Zone",1
2727.685,"Info","Arena",4,"Exit_Zone",1
2727.685,"Info","Arena",4,"Enter_Zone",4
2727.884,"Info","Arena",3,"Exit_Zone",4
2727.884,"Info","Arena",3,"Enter_Zone",1
2728.205,"Info","Arena",1,"Exit_Zone",2
2728.205,"Info","Arena",1,"Enter_Zone",4
2728.405,"Info","Arena",6,"Exit_Zone",1
2728.405,"Info","Arena",6,"Enter_Zone",4
2728.631,"Info","Arena",5,"Exit_Zone",1
2728.631,"Info","Arena",5,"Enter_Zone",4
2728.740,"Info","Arena",1,"Exit_Zone",4
2728.740,"Info","Arena",1,"Enter_Zone",1
2728.815,"Info","Arena",2,"Exit_Zone",1
2728.815,"Info","Arena",2,"Enter_Zone",4
2728.815,"Info","Arena",6,"Exit_Zone",4
2728.815,"Info","Arena",6,"Enter_Zone",3
2729.183,"Info","Arena",5,"Exit_Zone",4
2729.183,"Info","Arena",5,"Enter_Zone",2
2729.647,"Info","Arena",2,"Exit_Zone",4
2729.647,"Info","Arena",2,"Enter_Zone",3
2729.727,"Info","Arena",3,"Exit_Zone",1
2729.727,"Info","Arena",3,"Enter_Zone",4
2730.388,"Info","Arena",7,"Exit_Zone",1
2730.388,"Info","Arena",7,"Enter_Zone",4
2730.909,"Info","Arena",7,"Exit_Zone",4
2730.909,"Info","Arena",7,"Enter_Zone",3
2731.646,"Info","Arena",7,"Exit_Zone",3
2731.646,"Info","Arena",7,"Enter_Zone",1
2731.717,"Info","Arena",7,"Exit_Zone",1
2731.717,"Info","Arena",7,"Enter_Zone",3
2731.891,"Info","Arena",8,"Exit_Zone",2
2731.891,"Info","Arena",8,"Enter_Zone",4
2732.073,"Info","Arena",3,"Exit_Zone",4
2732.073,"Info","Arena",3,"Enter_Zone",1
2732.437,"Info","Arena",7,"Exit_Zone",3
2732.437,"Info","Arena",7,"Enter_Zone",1
2732.470,"Info","Arena",7,"Exit_Zone",1
2732.470,"Info","Arena",7,"Enter_Zone",3
2732.956,"Info","Arena",8,"Exit_Zone",4
2732.956,"Info","Arena",8,"Enter_Zone",1
2733.111,"Info","Arena",2,"Exit_Zone",3
2733.111,"Info","Arena",2,"Enter_Zone",4
2733.540,"Info","Arena",7,"Exit_Zone",3
2733.540,"Info","Arena",7,"Enter_Zone",1
2733.653,"Info","Arena",4,"Exit_Zone",4
2733.653,"Info","Arena",4,"Enter_Zone",1
2733.689,"Info","Arena",5,"Exit_Zone",2
2733.689,"Info","Arena",5,"Enter_Zone",4
2733.689,"Info","Arena",7,"Exit_Zone",1
2733.689,"Info","Arena",7,"Enter_Zone",3
2733.728,"Info","Arena",2,"Exit_Zone",4
2733.728,"Info","Arena",2,"Enter_Zone",1
2733.728,"Info","Arena",5,"Exit_Zone",4
2733.728,"Info","Arena",5,"Enter_Zone",2
2733.766,"Info","Arena",5,"Exit_Zone",2
2733.766,"Info","Arena",5,"Enter_Zone",4
2733.914,"Info","Arena",1,"Exit_Zone",1
2733.914,"Info","Arena",1,"Enter_Zone",4
2733.988,"Info","Arena",1,"Exit_Zone",4
2733.988,"Info","Arena",1,"Enter_Zone",2
2734.061,"Info","Arena",4,"Exit_Zone",1
2734.061,"Info","Arena",4,"Enter_Zone",4
2734.061,"Info","Arena",6,"Exit_Zone",3
2734.061,"Info","Arena",6,"Enter_Zone",4
2734.101,"Info","Arena",4,"Exit_Zone",4
2734.101,"Info","Arena",4,"Enter_Zone",1
2734.220,"Info","Arena",4,"Exit_Zone",1
2734.220,"Info","Arena",4,"Enter_Zone",4
2734.331,"Info","Arena",4,"Exit_Zone",4
2734.331,"Info","Arena",4,"Enter_Zone",1
2734.331,"Info","Arena",7,"Exit_Zone",3
2734.331,"Info","Arena",7,"Enter_Zone",1
2734.366,"Info","Arena",7,"Exit_Zone",1
2734.366,"Info","Arena",7,"Enter_Zone",3
2734.592,"Info","Arena",4,"Exit_Zone",1
2734.592,"Info","Arena",4,"Enter_Zone",4
2734.666,"Info","Arena",4,"Exit_Zone",4
2734.666,"Info","Arena",4,"Enter_Zone",2
2734.814,"Info","Arena",2,"Exit_Zone",1
2734.814,"Info","Arena",2,"Enter_Zone",3
2734.921,"Info","Arena",6,"Exit_Zone",4
2734.921,"Info","Arena",6,"Enter_Zone",1
2735.025,"Info","Arena",7,"Exit_Zone",3
2735.025,"Info","Arena",7,"Enter_Zone",1
2735.092,"Info","Arena",7,"Exit_Zone",1
2735.092,"Info","Arena",7,"Enter_Zone",3
2735.387,"Info","Arena",7,"Exit_Zone",3
2735.387,"Info","Arena",7,"Enter_Zone",4
2735.423,"Info","Arena",5,"Exit_Zone",4
2735.423,"Info","Arena",5,"Enter_Zone",1
2735.459,"Info","Arena",5,"Exit_Zone",1
2735.459,"Info","Arena",5,"Enter_Zone",4
2735.567,"Info","Arena",2,"Exit_Zone",3
2735.567,"Info","Arena",2,"Enter_Zone",1
2735.567,"Info","Arena",5,"Exit_Zone",4
2735.567,"Info","Arena",5,"Enter_Zone",1
2735.895,"Info","Arena",1,"Exit_Zone",2
2735.895,"Info","Arena",1,"Enter_Zone",4
2735.895,"Info","Arena",7,"Exit_Zone",4
2735.895,"Info","Arena",7,"Enter_Zone",2
2736.229,"Info","Arena",1,"Exit_Zone",4
2736.229,"Info","Arena",1,"Enter_Zone",1
2736.569,"Info","Arena",7,"Exit_Zone",2
2736.569,"Info","Arena",7,"Enter_Zone",1
2736.599,"Info","Arena",7,"Exit_Zone",1
2736.599,"Info","Arena",7,"Enter_Zone",2
2736.633,"Info","Arena",7,"Exit_Zone",2
2736.633,"Info","Arena",7,"Enter_Zone",1
2736.664,"Info","Arena",7,"Exit_Zone",1
2736.664,"Info","Arena",7,"Enter_Zone",2
2737.918,"Info","Arena",7,"Exit_Zone",2
2737.918,"Info","Arena",7,"Enter_Zone",4
2738.257,"Info","Arena",7,"Exit_Zone",4
2738.257,"Info","Arena",7,"Enter_Zone",1
2738.947,"Info","Arena",2,"Exit_Zone",1
2738.947,"Info","Arena",2,"Enter_Zone",4
2739.939,"Info","Arena",2,"Exit_Zone",4
2739.939,"Info","Arena",2,"Enter_Zone",3
2740.274,"Info","Arena",6,"Exit_Zone",1
2740.274,"Info","Arena",6,"Enter_Zone",4
2740.573,"Info","Arena",1,"Exit_Zone",1
2740.573,"Info","Arena",1,"Enter_Zone",4
2740.985,"Info","Arena",6,"Exit_Zone",4
2740.985,"Info","Arena",6,"Enter_Zone",2
2741.019,"Info","Arena",1,"Exit_Zone",4
2741.019,"Info","Arena",1,"Enter_Zone",2
2741.724,"Info","Arena",7,"Exit_Zone",1
2741.724,"Info","Arena",7,"Enter_Zone",4
2742.241,"Info","Arena",5,"Exit_Zone",1
2742.241,"Info","Arena",5,"Enter_Zone",4
2742.503,"Info","Arena",7,"Exit_Zone",4
2742.503,"Info","Arena",7,"Enter_Zone",3
2743.370,"Info","Arena",6,"Exit_Zone",2
2743.370,"Info","Arena",6,"Enter_Zone",4
2743.545,"Info","Arena",5,"Exit_Zone",4
2743.545,"Info","Arena",5,"Enter_Zone",3
2743.750,"Info","Arena",7,"Exit_Zone",3
2743.750,"Info","Arena",7,"Enter_Zone",1
2743.785,"Info","Arena",7,"Exit_Zone",1
2743.785,"Info","Arena",7,"Enter_Zone",3
2744.219,"Info","Arena",6,"Exit_Zone",4
2744.219,"Info","Arena",6,"Enter_Zone",1
2744.621,"Info","Arena",7,"Exit_Zone",3
2744.621,"Info","Arena",7,"Enter_Zone",1
2745.223,"Info","Arena",7,"Exit_Zone",1
2745.223,"Info","Arena",7,"Enter_Zone",3
2745.264,"Info","Arena",2,"Exit_Zone",3
2745.264,"Info","Arena",2,"Enter_Zone",4
2745.681,"Info","Arena",1,"Exit_Zone",2
2745.681,"Info","Arena",1,"Enter_Zone",4
2745.681,"Info","Arena",2,"Exit_Zone",4
2745.681,"Info","Arena",2,"Enter_Zone",2
2745.978,"Info","Arena",7,"Exit_Zone",3
2745.978,"Info","Arena",7,"Enter_Zone",1
2746.016,"Info","Arena",7,"Exit_Zone",1
2746.016,"Info","Arena",7,"Enter_Zone",4
2746.127,"Info","Arena",7,"Exit_Zone",4
2746.127,"Info","Arena",7,"Enter_Zone",1
2746.163,"Info","Arena",7,"Exit_Zone",1
2746.163,"Info","Arena",7,"Enter_Zone",4
2746.359,"Info","Arena",1,"Exit_Zone",4
2746.359,"Info","Arena",1,"Enter_Zone",3
2747.036,"Info","Arena",7,"Exit_Zone",4
2747.036,"Info","Arena",7,"Enter_Zone",2
2747.185,"Info","Arena",7,"Exit_Zone",2
2747.185,"Info","Arena",7,"Enter_Zone",1
2748.129,"Info","Arena",7,"Exit_Zone",1
2748.129,"Info","Arena",7,"Enter_Zone",2
2748.269,"Info","Arena",7,"Exit_Zone",2
2748.269,"Info","Arena",7,"Enter_Zone",1
2748.648,"Info","Arena",7,"Exit_Zone",1
2748.648,"Info","Arena",7,"Enter_Zone",2
2749.570,"Info","Arena",7,"Exit_Zone",2
2749.570,"Info","Arena",7,"Enter_Zone",1
2750.384,"Info","Arena",7,"Exit_Zone",1
2750.384,"Info","Arena",7,"Enter_Zone",2
2750.564,"Info","Arena",5,"Exit_Zone",3
2750.564,"Info","Arena",5,"Enter_Zone",4
2750.637,"Info","Arena",7,"Exit_Zone",2
2750.637,"Info","Arena",7,"Enter_Zone",1
2750.848,"Info","Arena",1,"Exit_Zone",3
2750.848,"Info","Arena",1,"Enter_Zone",4
2750.848,"Info","Arena",7,"Exit_Zone",1
2750.848,"Info","Arena",7,"Enter_Zone",2
2750.962,"Info","Arena",7,"Exit_Zone",2
2750.962,"Info","Arena",7,"Enter_Zone",4
2751.183,"Info","Arena",2,"Exit_Zone",2
2751.183,"Info","Arena",2,"Enter_Zone",4
2751.411,"Info","Arena",6,"Exit_Zone",1
2751.411,"Info","Arena",6,"Enter_Zone",4
2751.447,"Info","Arena",7,"Exit_Zone",4
2751.447,"Info","Arena",7,"Enter_Zone",1
2751.488,"Info","Arena",5,"Exit_Zone",4
2751.488,"Info","Arena",5,"Enter_Zone",1
2751.635,"Info","Arena",1,"Exit_Zone",4
2751.635,"Info","Arena",1,"Enter_Zone",1
2752.078,"Info","Arena",6,"Exit_Zone",4
2752.078,"Info","Arena",6,"Enter_Zone",3
2752.115,"Info","Arena",2,"Exit_Zone",4
2752.115,"Info","Arena",2,"Enter_Zone",3
2753.047,"Info","Arena",8,"Exit_Zone",1
2753.047,"Info","Arena",8,"Enter_Zone",4
2753.084,"Info","Arena",8,"Exit_Zone",4
2753.084,"Info","Arena",8,"Enter_Zone",1
2753.292,"Info","Arena",8,"Exit_Zone",1
2753.292,"Info","Arena",8,"Enter_Zone",4
2753.324,"Info","Arena",8,"Exit_Zone",4
2753.324,"Info","Arena",8,"Enter_Zone",1
2754.760,"Info","Arena",6,"Exit_Zone",3
2754.760,"Info","Arena",6,"Enter_Zone",2
2754.795,"Info","Arena",8,"Exit_Zone",1
2754.795,"Info","Arena",8,"Enter_Zone",4
2754.831,"Info","Arena",6,"Exit_Zone",2
2754.831,"Info","Arena",6,"Enter_Zone",3
2754.831,"Info","Arena",8,"Exit_Zone",4
2754.831,"Info","Arena",8,"Enter_Zone",1
2754.977,"Info","Arena",7,"Exit_Zone",1
2754.977,"Info","Arena",7,"Enter_Zone",4
2755.831,"Info","Arena",1,"Exit_Zone",1
2755.831,"Info","Arena",1,"Enter_Zone",4
2755.988,"Info","Arena",7,"Exit_Zone",4
2755.988,"Info","Arena",7,"Enter_Zone",3
2756.029,"Info","Arena",1,"Exit_Zone",4
2756.029,"Info","Arena",1,"Enter_Zone",2
2756.069,"Info","Arena",8,"Exit_Zone",1
2756.069,"Info","Arena",8,"Enter_Zone",4
2756.110,"Info","Arena",8,"Exit_Zone",4
2756.110,"Info","Arena",8,"Enter_Zone",1
2756.274,"Info","Arena",2,"Exit_Zone",3
2756.274,"Info","Arena",2,"Enter_Zone",4
2756.312,"Info","Arena",8,"Exit_Zone",1
2756.312,"Info","Arena",8,"Enter_Zone",4
2756.354,"Info","Arena",8,"Exit_Zone",4
2756.354,"Info","Arena",8,"Enter_Zone",1
2756.393,"Info","Arena",6,"Exit_Zone",3
2756.393,"Info","Arena",6,"Enter_Zone",4
2756.511,"Info","Arena",8,"Exit_Zone",1
2756.511,"Info","Arena",8,"Enter_Zone",4
2756.628,"Info","Arena",5,"Exit_Zone",1
2756.628,"Info","Arena",5,"Enter_Zone",4
2756.746,"Info","Arena",2,"Exit_Zone",4
2756.746,"Info","Arena",2,"Enter_Zone",2
2756.786,"Info","Arena",7,"Exit_Zone",3
2756.786,"Info","Arena",7,"Enter_Zone",1
2756.828,"Info","Arena",2,"Exit_Zone",2
2756.828,"Info","Arena",2,"Enter_Zone",4
2756.828,"Info","Arena",7,"Exit_Zone",1
2756.828,"Info","Arena",7,"Enter_Zone",3
2756.981,"Info","Arena",7,"Exit_Zone",3
2756.981,"Info","Arena",7,"Enter_Zone",1
2757.020,"Info","Arena",7,"Exit_Zone",1
2757.020,"Info","Arena",7,"Enter_Zone",3
2757.059,"Info","Arena",7,"Exit_Zone",3
2757.059,"Info","Arena",7,"Enter_Zone",1
2757.096,"Info","Arena",7,"Exit_Zone",1
2757.096,"Info","Arena",7,"Enter_Zone",3
2757.134,"Info","Arena",2,"Exit_Zone",4
2757.134,"Info","Arena",2,"Enter_Zone",1
2757.172,"Info","Arena",6,"Exit_Zone",4
2757.172,"Info","Arena",6,"Enter_Zone",2
2757.338,"Info","Arena",5,"Exit_Zone",4
2757.338,"Info","Arena",5,"Enter_Zone",2
2757.543,"Info","Arena",8,"Exit_Zone",4
2757.543,"Info","Arena",8,"Enter_Zone",1
2757.578,"Info","Arena",8,"Exit_Zone",1
2757.578,"Info","Arena",8,"Enter_Zone",4
2758.174,"Info","Arena",4,"Exit_Zone",2
2758.174,"Info","Arena",4,"Enter_Zone",4
2758.255,"Info","Arena",8,"Exit_Zone",4
2758.255,"Info","Arena",8,"Enter_Zone",1
2758.510,"Info","Arena",8,"Exit_Zone",1
2758.510,"Info","Arena",8,"Enter_Zone",4
2758.583,"Info","Arena",6,"Exit_Zone",2
2758.583,"Info","Arena",6,"Enter_Zone",4
2758.583,"Info","Arena",7,"Exit_Zone",3
2758.583,"Info","Arena",7,"Enter_Zone",1
2758.617,"Info","Arena",7,"Exit_Zone",1
2758.617,"Info","Arena",7,"Enter_Zone",3
2759.116,"Info","Arena",8,"Exit_Zone",4
2759.116,"Info","Arena",8,"Enter_Zone",2
2759.188,"Info","Arena",7,"Exit_Zone",3
2759.188,"Info","Arena",7,"Enter_Zone",4
2759.379,"Info","Arena",6,"Exit_Zone",4
2759.379,"Info","Arena",6,"Enter_Zone",2
2759.563,"Info","Arena",4,"Exit_Zone",4
2759.563,"Info","Arena",4,"Enter_Zone",3
2759.636,"Info","Arena",7,"Exit_Zone",4
2759.636,"Info","Arena",7,"Enter_Zone",2
2760.077,"Info","Arena",6,"Exit_Zone",2
2760.077,"Info","Arena",6,"Enter_Zone",4
2760.379,"Info","Arena",6,"Exit_Zone",4
2760.379,"Info","Arena",6,"Enter_Zone",2
2760.602,"Info","Arena",7,"Exit_Zone",2
2760.602,"Info","Arena",7,"Enter_Zone",1
2760.779,"Info","Arena",1,"Exit_Zone",2
2760.779,"Info","Arena",1,"Enter_Zone",4
2760.980,"Info","Arena",7,"Exit_Zone",1
2760.980,"Info","Arena",7,"Enter_Zone",2
2761.286,"Info","Arena",7,"Exit_Zone",2
2761.286,"Info","Arena",7,"Enter_Zone",1
2761.319,"Info","Arena",2,"Exit_Zone",1
2761.319,"Info","Arena",2,"Enter_Zone",4
2761.319,"Info","Arena",7,"Exit_Zone",1
2761.319,"Info","Arena",7,"Enter_Zone",2
2761.685,"Info","Arena",1,"Exit_Zone",4
2761.685,"Info","Arena",1,"Enter_Zone",1
2761.750,"Info","Arena",6,"Exit_Zone",2
2761.750,"Info","Arena",6,"Enter_Zone",4
2761.784,"Info","Arena",6,"Exit_Zone",4
2761.784,"Info","Arena",6,"Enter_Zone",2
2761.851,"Info","Arena",7,"Exit_Zone",2
2761.851,"Info","Arena",7,"Enter_Zone",1
2761.951,"Info","Arena",2,"Exit_Zone",4
2761.951,"Info","Arena",2,"Enter_Zone",2
2762.085,"Info","Arena",7,"Exit_Zone",1
2762.085,"Info","Arena",7,"Enter_Zone",2
2762.863,"Info","Arena",4,"Exit_Zone",3
2762.863,"Info","Arena",4,"Enter_Zone",4
2762.863,"Info","Arena",7,"Exit_Zone",2
2762.863,"Info","Arena",7,"Enter_Zone",1
2762.897,"Info","Arena",7,"Exit_Zone",1
2762.897,"Info","Arena",7,"Enter_Zone",2
2763.227,"Info","Arena",6,"Exit_Zone",2
2763.227,"Info","Arena",6,"Enter_Zone",4
2763.266,"Info","Arena",7,"Exit_Zone",2
2763.266,"Info","Arena",7,"Enter_Zone",4
2763.672,"Info","Arena",2,"Exit_Zone",2
2763.672,"Info","Arena",2,"Enter_Zone",3
2763.739,"Info","Arena",2,"Exit_Zone",3
2763.739,"Info","Arena",2,"Enter_Zone",2
2763.739,"Info","Arena",8,"Exit_Zone",2
2763.739,"Info","Arena",8,"Enter_Zone",4
2763.844,"Info","Arena",6,"Exit_Zone",4
2763.844,"Info","Arena",6,"Enter_Zone",1
2763.879,"Info","Arena",7,"Exit_Zone",4
2763.879,"Info","Arena",7,"Enter_Zone",1
2764.532,"Info","Arena",4,"Exit_Zone",4
2764.532,"Info","Arena",4,"Enter_Zone",1
2764.713,"Info","Arena",2,"Exit_Zone",2
2764.713,"Info","Arena",2,"Enter_Zone",3
2764.747,"Info","Arena",2,"Exit_Zone",3
2764.747,"Info","Arena",2,"Enter_Zone",2
2765.072,"Info","Arena",8,"Exit_Zone",4
2765.072,"Info","Arena",8,"Enter_Zone",1
2765.395,"Info","Arena",1,"Exit_Zone",1
2765.395,"Info","Arena",1,"Enter_Zone",4
2765.605,"Info","Arena",1,"Exit_Zone",4
2765.605,"Info","Arena",1,"Enter_Zone",2
2765.914,"Info","Arena",5,"Exit_Zone",2
2765.914,"Info","Arena",5,"Enter_Zone",4
2766.050,"Info","Arena",5,"Exit_Zone",4
2766.050,"Info","Arena",5,"Enter_Zone",1
2766.389,"Info","Arena",2,"Exit_Zone",2
2766.389,"Info","Arena",2,"Enter_Zone",4
2766.523,"Info","Arena",1,"Exit_Zone",2
2766.523,"Info","Arena",1,"Enter_Zone",4
2766.556,"Info","Arena",1,"Exit_Zone",4
2766.556,"Info","Arena",1,"Enter_Zone",3
2766.968,"Info","Arena",2,"Exit_Zone",4
2766.968,"Info","Arena",2,"Enter_Zone",3
2767.622,"Info","Arena",7,"Exit_Zone",1
2767.622,"Info","Arena",7,"Enter_Zone",4
2768.058,"Info","Arena",6,"Exit_Zone",1
2768.058,"Info","Arena",6,"Enter_Zone",4
2768.547,"Info","Arena",7,"Exit_Zone",4
2768.547,"Info","Arena",7,"Enter_Zone",3
2768.920,"Info","Arena",4,"Exit_Zone",1
2768.920,"Info","Arena",4,"Enter_Zone",4
2769.296,"Info","Arena",6,"Exit_Zone",4
2769.296,"Info","Arena",6,"Enter_Zone",3
2769.296,"Info","Arena",7,"Exit_Zone",3
2769.296,"Info","Arena",7,"Enter_Zone",1
2769.457,"Info","Arena",7,"Exit_Zone",1
2769.457,"Info","Arena",7,"Enter_Zone",3
2769.519,"Info","Arena",7,"Exit_Zone",3
2769.519,"Info","Arena",7,"Enter_Zone",1
2769.640,"Info","Arena",7,"Exit_Zone",1
2769.640,"Info","Arena",7,"Enter_Zone",3
2770.168,"Info","Arena",7,"Exit_Zone",3
2770.168,"Info","Arena",7,"Enter_Zone",1
2770.245,"Info","Arena",7,"Exit_Zone",1
2770.245,"Info","Arena",7,"Enter_Zone",3
2770.779,"Info","Arena",7,"Exit_Zone",3
2770.779,"Info","Arena",7,"Enter_Zone",1
2770.842,"Info","Arena",7,"Exit_Zone",1
2770.842,"Info","Arena",7,"Enter_Zone",3
2770.968,"Info","Arena",4,"Exit_Zone",4
2770.968,"Info","Arena",4,"Enter_Zone",1
2771.334,"Info","Arena",7,"Exit_Zone",3
2771.334,"Info","Arena",7,"Enter_Zone",4
2771.888,"Info","Arena",7,"Exit_Zone",4
2771.888,"Info","Arena",7,"Enter_Zone",2
2772.101,"Info","Arena",8,"Exit_Zone",1
2772.101,"Info","Arena",8,"Enter_Zone",4
2772.792,"Info","Arena",7,"Exit_Zone",2
2772.792,"Info","Arena",7,"Enter_Zone",1
2772.870,"Info","Arena",7,"Exit_Zone",1
2772.870,"Info","Arena",7,"Enter_Zone",2
2773.260,"Info","Arena",5,"Exit_Zone",1
2773.260,"Info","Arena",5,"Enter_Zone",4
2773.655,"Info","Arena",7,"Exit_Zone",2
2773.655,"Info","Arena",7,"Enter_Zone",1
2773.759,"Info","Arena",5,"Exit_Zone",4
2773.759,"Info","Arena",5,"Enter_Zone",2
2774.010,"Info","Arena",7,"Exit_Zone",1
2774.010,"Info","Arena",7,"Enter_Zone",2
2774.086,"Info","Arena",6,"Exit_Zone",3
2774.086,"Info","Arena",6,"Enter_Zone",4
2774.460,"Info","Arena",6,"Exit_Zone",4
2774.460,"Info","Arena",6,"Enter_Zone",1
2774.564,"Info","Arena",8,"Exit_Zone",4
2774.564,"Info","Arena",8,"Enter_Zone",1
2775.569,"Info","Arena",7,"Exit_Zone",2
2775.569,"Info","Arena",7,"Enter_Zone",4
2775.935,"Info","Arena",7,"Exit_Zone",4
2775.935,"Info","Arena",7,"Enter_Zone",1
2777.122,"Info","Arena",1,"Exit_Zone",3
2777.122,"Info","Arena",1,"Enter_Zone",4
2777.187,"Info","Arena",1,"Exit_Zone",4
2777.187,"Info","Arena",1,"Enter_Zone",3
2777.300,"Info","Arena",1,"Exit_Zone",3
2777.300,"Info","Arena",1,"Enter_Zone",4
2777.398,"Info","Arena",1,"Exit_Zone",4
2777.398,"Info","Arena",1,"Enter_Zone",3
2777.500,"Info","Arena",1,"Exit_Zone",3
2777.500,"Info","Arena",1,"Enter_Zone",4
2777.913,"Info","Arena",1,"Exit_Zone",4
2777.913,"Info","Arena",1,"Enter_Zone",1
2778.327,"Info","Arena",6,"Exit_Zone",1
2778.327,"Info","Arena",6,"Enter_Zone",4
2779.062,"Info","Arena",6,"Exit_Zone",4
2779.062,"Info","Arena",6,"Enter_Zone",3
2779.458,"Info","Arena",7,"Exit_Zone",1
2779.458,"Info","Arena",7,"Enter_Zone",4
2780.334,"Info","Arena",7,"Exit_Zone",4
2780.334,"Info","Arena",7,"Enter_Zone",3
2781.511,"Info","Arena",1,"Exit_Zone",1
2781.511,"Info","Arena",1,"Enter_Zone",4
2781.547,"Info","Arena",7,"Exit_Zone",3
2781.547,"Info","Arena",7,"Enter_Zone",1
2781.689,"Info","Arena",7,"Exit_Zone",1
2781.689,"Info","Arena",7,"Enter_Zone",3
2782.584,"Info","Arena",1,"Exit_Zone",4
2782.584,"Info","Arena",1,"Enter_Zone",2
2782.926,"Info","Arena",7,"Exit_Zone",3
2782.926,"Info","Arena",7,"Enter_Zone",1
2782.964,"Info","Arena",7,"Exit_Zone",1
2782.964,"Info","Arena",7,"Enter_Zone",3
2783.236,"Info","Arena",7,"Exit_Zone",3
2783.236,"Info","Arena",7,"Enter_Zone",4
2783.995,"Info","Arena",7,"Exit_Zone",4
2783.995,"Info","Arena",7,"Enter_Zone",2
2784.070,"Info","Arena",5,"Exit_Zone",2
2784.070,"Info","Arena",5,"Enter_Zone",4
2784.142,"Info","Arena",5,"Exit_Zone",4
2784.142,"Info","Arena",5,"Enter_Zone",2
2784.182,"Info","Arena",5,"Exit_Zone",2
2784.182,"Info","Arena",5,"Enter_Zone",4
2784.230,"Info","Arena",5,"Exit_Zone",4
2784.230,"Info","Arena",5,"Enter_Zone",2
2784.230,"Info","Arena",7,"Exit_Zone",2
2784.230,"Info","Arena",7,"Enter_Zone",1
2784.268,"Info","Arena",7,"Exit_Zone",1
2784.268,"Info","Arena",7,"Enter_Zone",2
2784.305,"Info","Arena",6,"Exit_Zone",3
2784.305,"Info","Arena",6,"Enter_Zone",4
2784.341,"Info","Arena",5,"Exit_Zone",2
2784.341,"Info","Arena",5,"Enter_Zone",4
2784.682,"Info","Arena",6,"Exit_Zone",4
2784.682,"Info","Arena",6,"Enter_Zone",2
2785.023,"Info","Arena",7,"Exit_Zone",2
2785.023,"Info","Arena",7,"Enter_Zone",1
2785.194,"Info","Arena",7,"Exit_Zone",1
2785.194,"Info","Arena",7,"Enter_Zone",2
2785.719,"Info","Arena",5,"Exit_Zone",4
2785.719,"Info","Arena",5,"Enter_Zone",1
2785.855,"Info","Arena",7,"Exit_Zone",2
2785.855,"Info","Arena",7,"Enter_Zone",1
2785.888,"Info","Arena",7,"Exit_Zone",1
2785.888,"Info","Arena",7,"Enter_Zone",2
2786.416,"Info","Arena",7,"Exit_Zone",2
2786.416,"Info","Arena",7,"Enter_Zone",1
2786.449,"Info","Arena",7,"Exit_Zone",1
2786.449,"Info","Arena",7,"Enter_Zone",2
2786.739,"Info","Arena",1,"Exit_Zone",2
2786.739,"Info","Arena",1,"Enter_Zone",4
2786.886,"Info","Arena",8,"Exit_Zone",1
2786.886,"Info","Arena",8,"Enter_Zone",4
2786.999,"Info","Arena",8,"Exit_Zone",4
2786.999,"Info","Arena",8,"Enter_Zone",1
2787.071,"Info","Arena",8,"Exit_Zone",1
2787.071,"Info","Arena",8,"Enter_Zone",4
2787.445,"Info","Arena",7,"Exit_Zone",2
2787.445,"Info","Arena",7,"Enter_Zone",4
2787.775,"Info","Arena",1,"Exit_Zone",4
2787.775,"Info","Arena",1,"Enter_Zone",3
2787.852,"Info","Arena",1,"Exit_Zone",3
2787.852,"Info","Arena",1,"Enter_Zone",4
2787.964,"Info","Arena",7,"Exit_Zone",4
2787.964,"Info","Arena",7,"Enter_Zone",1
2788.377,"Info","Arena",1,"Exit_Zone",4
2788.377,"Info","Arena",1,"Enter_Zone",2
2791.405,"Info","Arena",6,"Exit_Zone",2
2791.405,"Info","Arena",6,"Enter_Zone",4
2791.784,"Info","Arena",6,"Exit_Zone",4
2791.784,"Info","Arena",6,"Enter_Zone",1
2792.892,"Info","Arena",7,"Exit_Zone",1
2792.892,"Info","Arena",7,"Enter_Zone",4
2793.639,"Info","Arena",6,"Exit_Zone",1
2793.639,"Info","Arena",6,"Enter_Zone",4
2794.056,"Info","Arena",7,"Exit_Zone",4
2794.056,"Info","Arena",7,"Enter_Zone",3
2794.225,"Info","Arena",4,"Exit_Zone",1
2794.225,"Info","Arena",4,"Enter_Zone",4
2794.304,"Info","Arena",1,"Exit_Zone",2
2794.304,"Info","Arena",1,"Enter_Zone",4
2794.381,"Info","Arena",7,"Exit_Zone",3
2794.381,"Info","Arena",7,"Enter_Zone",1
2794.757,"Info","Arena",7,"Exit_Zone",1
2794.757,"Info","Arena",7,"Enter_Zone",3
2794.911,"Info","Arena",6,"Exit_Zone",4
2794.911,"Info","Arena",6,"Enter_Zone",2
2795.068,"Info","Arena",1,"Exit_Zone",4
2795.068,"Info","Arena",1,"Enter_Zone",1
2795.223,"Info","Arena",7,"Exit_Zone",3
2795.223,"Info","Arena",7,"Enter_Zone",1
2795.397,"Info","Arena",5,"Exit_Zone",1
2795.397,"Info","Arena",5,"Enter_Zone",4
2795.465,"Info","Arena",4,"Exit_Zone",4
2795.465,"Info","Arena",4,"Enter_Zone",2
2795.465,"Info","Arena",7,"Exit_Zone",1
2795.465,"Info","Arena",7,"Enter_Zone",3
2795.925,"Info","Arena",7,"Exit_Zone",3
2795.925,"Info","Arena",7,"Enter_Zone",4
2796.138,"Info","Arena",7,"Exit_Zone",4
2796.138,"Info","Arena",7,"Enter_Zone",2
2796.678,"Info","Arena",8,"Exit_Zone",4
2796.678,"Info","Arena",8,"Enter_Zone",2
2796.898,"Info","Arena",7,"Exit_Zone",2
2796.898,"Info","Arena",7,"Enter_Zone",1
2796.936,"Info","Arena",7,"Exit_Zone",1
2796.936,"Info","Arena",7,"Enter_Zone",2
2797.273,"Info","Arena",5,"Exit_Zone",4
2797.273,"Info","Arena",5,"Enter_Zone",3
2797.451,"Info","Arena",4,"Exit_Zone",2
2797.451,"Info","Arena",4,"Enter_Zone",4
2797.983,"Info","Arena",7,"Exit_Zone",2
2797.983,"Info","Arena",7,"Enter_Zone",1
2798.058,"Info","Arena",1,"Exit_Zone",1
2798.058,"Info","Arena",1,"Enter_Zone",4
2798.135,"Info","Arena",4,"Exit_Zone",4
2798.135,"Info","Arena",4,"Enter_Zone",3
2798.135,"Info","Arena",7,"Exit_Zone",1
2798.135,"Info","Arena",7,"Enter_Zone",2
2798.364,"Info","Arena",7,"Exit_Zone",2
2798.364,"Info","Arena",7,"Enter_Zone",1
2798.700,"Info","Arena",6,"Exit_Zone",2
2798.700,"Info","Arena",6,"Enter_Zone",4
2798.738,"Info","Arena",7,"Exit_Zone",1
2798.738,"Info","Arena",7,"Enter_Zone",2
2798.775,"Info","Arena",1,"Exit_Zone",4
2798.775,"Info","Arena",1,"Enter_Zone",2
2799.776,"Info","Arena",7,"Exit_Zone",2
2799.776,"Info","Arena",7,"Enter_Zone",4
2800.174,"Info","Arena",7,"Exit_Zone",4
2800.174,"Info","Arena",7,"Enter_Zone",1
2800.222,"Info","Arena",2,"Exit_Zone",3
2800.222,"Info","Arena",2,"Enter_Zone",4
2800.367,"Info","Arena",2,"Exit_Zone",4
2800.367,"Info","Arena",2,"Enter_Zone",2
2801.307,"Info","Arena",6,"Exit_Zone",4
2801.307,"Info","Arena",6,"Enter_Zone",1
2801.609,"Info","Arena",8,"Exit_Zone",2
2801.609,"Info","Arena",8,"Enter_Zone",4
2801.856,"Info","Arena",4,"Exit_Zone",3
2801.856,"Info","Arena",4,"Enter_Zone",4
2802.336,"Info","Arena",2,"Exit_Zone",2
2802.336,"Info","Arena",2,"Enter_Zone",3
2802.336,"Info","Arena",5,"Exit_Zone",3
2802.336,"Info","Arena",5,"Enter_Zone",4
2803.561,"Info","Arena",4,"Exit_Zone",4
2803.561,"Info","Arena",4,"Enter_Zone",1
2803.561,"Info","Arena",5,"Exit_Zone",4
2803.561,"Info","Arena",5,"Enter_Zone",3
2804.053,"Info","Arena",7,"Exit_Zone",1
2804.053,"Info","Arena",7,"Enter_Zone",4
2804.953,"Info","Arena",7,"Exit_Zone",4
2804.953,"Info","Arena",7,"Enter_Zone",3
2805.053,"Info","Arena",7,"Exit_Zone",3
2805.053,"Info","Arena",7,"Enter_Zone",1
2805.147,"Info","Arena",7,"Exit_Zone",1
2805.147,"Info","Arena",7,"Enter_Zone",3
2806.260,"Info","Arena",7,"Exit_Zone",3
2806.260,"Info","Arena",7,"Enter_Zone",1
2806.483,"Info","Arena",7,"Exit_Zone",1
2806.483,"Info","Arena",7,"Enter_Zone",3
2807.358,"Info","Arena",7,"Exit_Zone",3
2807.358,"Info","Arena",7,"Enter_Zone",1
2807.425,"Info","Arena",4,"Exit_Zone",1
2807.425,"Info","Arena",4,"Enter_Zone",4
2807.526,"Info","Arena",5,"Exit_Zone",3
2807.526,"Info","Arena",5,"Enter_Zone",2
2807.559,"Info","Arena",5,"Exit_Zone",2
2807.559,"Info","Arena",5,"Enter_Zone",3
2807.594,"Info","Arena",5,"Exit_Zone",3
2807.594,"Info","Arena",5,"Enter_Zone",2
2807.689,"Info","Arena",5,"Exit_Zone",2
2807.689,"Info","Arena",5,"Enter_Zone",3
2807.860,"Info","Arena",7,"Exit_Zone",1
2807.860,"Info","Arena",7,"Enter_Zone",3
2807.893,"Info","Arena",7,"Exit_Zone",3
2807.893,"Info","Arena",7,"Enter_Zone",1
2808.347,"Info","Arena",7,"Exit_Zone",1
2808.347,"Info","Arena",7,"Enter_Zone",3
2808.595,"Info","Arena",6,"Exit_Zone",1
2808.595,"Info","Arena",6,"Enter_Zone",4
2808.834,"Info","Arena",7,"Exit_Zone",3
2808.834,"Info","Arena",7,"Enter_Zone",1
2808.990,"Info","Arena",7,"Exit_Zone",1
2808.990,"Info","Arena",7,"Enter_Zone",4
2809.205,"Info","Arena",7,"Exit_Zone",4
2809.205,"Info","Arena",7,"Enter_Zone",2
2809.961,"Info","Arena",7,"Exit_Zone",2
2809.961,"Info","Arena",7,"Enter_Zone",1
2810.060,"Info","Arena",4,"Exit_Zone",4
2810.060,"Info","Arena",4,"Enter_Zone",3
2810.094,"Info","Arena",7,"Exit_Zone",1
2810.094,"Info","Arena",7,"Enter_Zone",2
2810.313,"Info","Arena",6,"Exit_Zone",4
2810.313,"Info","Arena",6,"Enter_Zone",3
2810.492,"Info","Arena",7,"Exit_Zone",2
2810.492,"Info","Arena",7,"Enter_Zone",1
2810.530,"Info","Arena",7,"Exit_Zone",1
2810.530,"Info","Arena",7,"Enter_Zone",2
2810.634,"Info","Arena",1,"Exit_Zone",2
2810.634,"Info","Arena",1,"Enter_Zone",4
2810.980,"Info","Arena",1,"Exit_Zone",4
2810.980,"Info","Arena",1,"Enter_Zone",3
2811.237,"Info","Arena",7,"Exit_Zone",2
2811.237,"Info","Arena",7,"Enter_Zone",1
2811.335,"Info","Arena",7,"Exit_Zone",1
2811.335,"Info","Arena",7,"Enter_Zone",2
2811.477,"Info","Arena",7,"Exit_Zone",2
2811.477,"Info","Arena",7,"Enter_Zone",1
2811.513,"Info","Arena",7,"Exit_Zone",1
2811.513,"Info","Arena",7,"Enter_Zone",2
2811.861,"Info","Arena",7,"Exit_Zone",2
2811.861,"Info","Arena",7,"Enter_Zone",1
2812.000,"Info","Arena",7,"Exit_Zone",1
2812.000,"Info","Arena",7,"Enter_Zone",2
2812.700,"Info","Arena",6,"Exit_Zone",3
2812.700,"Info","Arena",6,"Enter_Zone",4
2812.892,"Info","Arena",6,"Exit_Zone",4
2812.892,"Info","Arena",6,"Enter_Zone",2
2813.440,"Info","Arena",7,"Exit_Zone",2
2813.440,"Info","Arena",7,"Enter_Zone",4
2813.853,"Info","Arena",4,"Exit_Zone",3
2813.853,"Info","Arena",4,"Enter_Zone",4
2813.923,"Info","Arena",7,"Exit_Zone",4
2813.923,"Info","Arena",7,"Enter_Zone",1
2813.962,"Info","Arena",8,"Exit_Zone",4
2813.962,"Info","Arena",8,"Enter_Zone",1
2814.029,"Info","Arena",8,"Exit_Zone",1
2814.029,"Info","Arena",8,"Enter_Zone",4
2814.202,"Info","Arena",8,"Exit_Zone",4
2814.202,"Info","Arena",8,"Enter_Zone",1
2814.252,"Info","Arena",1,"Exit_Zone",3
2814.252,"Info","Arena",1,"Enter_Zone",4
2814.471,"Info","Arena",1,"Exit_Zone",4
2814.471,"Info","Arena",1,"Enter_Zone",2
2814.506,"Info","Arena",8,"Exit_Zone",1
2814.506,"Info","Arena",8,"Enter_Zone",4
2815.773,"Info","Arena",4,"Exit_Zone",4
2815.773,"Info","Arena",4,"Enter_Zone",1
2816.168,"Info","Arena",2,"Exit_Zone",3
2816.168,"Info","Arena",2,"Enter_Zone",2
2816.974,"Info","Arena",2,"Exit_Zone",2
2816.974,"Info","Arena",2,"Enter_Zone",4
2817.088,"Info","Arena",2,"Exit_Zone",4
2817.088,"Info","Arena",2,"Enter_Zone",1
2817.247,"Info","Arena",2,"Exit_Zone",1
2817.247,"Info","Arena",2,"Enter_Zone",3
2817.283,"Info","Arena",2,"Exit_Zone",3
2817.283,"Info","Arena",2,"Enter_Zone",1
2818.052,"Info","Arena",7,"Exit_Zone",1
2818.052,"Info","Arena",7,"Enter_Zone",4
2818.405,"Info","Arena",8,"Exit_Zone",4
2818.405,"Info","Arena",8,"Enter_Zone",1
2818.679,"Info","Arena",2,"Exit_Zone",1
2818.679,"Info","Arena",2,"Enter_Zone",4
2818.718,"Info","Arena",3,"Exit_Zone",1
2818.718,"Info","Arena",3,"Enter_Zone",4
2818.787,"Info","Arena",2,"Exit_Zone",4
2818.787,"Info","Arena",2,"Enter_Zone",3
2819.063,"Info","Arena",7,"Exit_Zone",4
2819.063,"Info","Arena",7,"Enter_Zone",1
2819.157,"Info","Arena",7,"Exit_Zone",1
2819.157,"Info","Arena",7,"Enter_Zone",3
2820.086,"Info","Arena",7,"Exit_Zone",3
2820.086,"Info","Arena",7,"Enter_Zone",1
2820.120,"Info","Arena",7,"Exit_Zone",1
2820.120,"Info","Arena",7,"Enter_Zone",3
2820.153,"Info","Arena",7,"Exit_Zone",3
2820.153,"Info","Arena",7,"Enter_Zone",1
2820.186,"Info","Arena",3,"Exit_Zone",4
2820.186,"Info","Arena",3,"Enter_Zone",2
2820.230,"Info","Arena",7,"Exit_Zone",1
2820.230,"Info","Arena",7,"Enter_Zone",3
2820.605,"Info","Arena",7,"Exit_Zone",3
2820.605,"Info","Arena",7,"Enter_Zone",1
2820.677,"Info","Arena",7,"Exit_Zone",1
2820.677,"Info","Arena",7,"Enter_Zone",3
2821.233,"Info","Arena",2,"Exit_Zone",3
2821.233,"Info","Arena",2,"Enter_Zone",4
2821.608,"Info","Arena",7,"Exit_Zone",3
2821.608,"Info","Arena",7,"Enter_Zone",1
2821.681,"Info","Arena",7,"Exit_Zone",1
2821.681,"Info","Arena",7,"Enter_Zone",3
2821.834,"Info","Arena",2,"Exit_Zone",4
2821.834,"Info","Arena",2,"Enter_Zone",2
2821.944,"Info","Arena",7,"Exit_Zone",3
2821.944,"Info","Arena",7,"Enter_Zone",4
2822.157,"Info","Arena",7,"Exit_Zone",4
2822.157,"Info","Arena",7,"Enter_Zone",2
2823.334,"Info","Arena",7,"Exit_Zone",2
2823.334,"Info","Arena",7,"Enter_Zone",1
2823.368,"Info","Arena",7,"Exit_Zone",1
2823.368,"Info","Arena",7,"Enter_Zone",2
2824.124,"Info","Arena",7,"Exit_Zone",2
2824.124,"Info","Arena",7,"Enter_Zone",1
2824.278,"Info","Arena",7,"Exit_Zone",1
2824.278,"Info","Arena",7,"Enter_Zone",2
2824.386,"Info","Arena",5,"Exit_Zone",3
2824.386,"Info","Arena",5,"Enter_Zone",4
2824.951,"Info","Arena",7,"Exit_Zone",2
2824.951,"Info","Arena",7,"Enter_Zone",1
2825.557,"Info","Arena",7,"Exit_Zone",1
2825.557,"Info","Arena",7,"Enter_Zone",2
2825.921,"Info","Arena",7,"Exit_Zone",2
2825.921,"Info","Arena",7,"Enter_Zone",1
2826.219,"Info","Arena",7,"Exit_Zone",1
2826.219,"Info","Arena",7,"Enter_Zone",2
2826.256,"Info","Arena",2,"Exit_Zone",2
2826.256,"Info","Arena",2,"Enter_Zone",4
2826.297,"Info","Arena",2,"Exit_Zone",4
2826.297,"Info","Arena",2,"Enter_Zone",2
2826.335,"Info","Arena",2,"Exit_Zone",2
2826.335,"Info","Arena",2,"Enter_Zone",4
2826.371,"Info","Arena",2,"Exit_Zone",4
2826.371,"Info","Arena",2,"Enter_Zone",2
2826.411,"Info","Arena",2,"Exit_Zone",2
2826.411,"Info","Arena",2,"Enter_Zone",4
2826.446,"Info","Arena",2,"Exit_Zone",4
2826.446,"Info","Arena",2,"Enter_Zone",2
2826.489,"Info","Arena",2,"Exit_Zone",2
2826.489,"Info","Arena",2,"Enter_Zone",4
2826.830,"Info","Arena",6,"Exit_Zone",2
2826.830,"Info","Arena",6,"Enter_Zone",4
2826.912,"Info","Arena",7,"Exit_Zone",2
2826.912,"Info","Arena",7,"Enter_Zone",4
2827.028,"Info","Arena",6,"Exit_Zone",4
2827.028,"Info","Arena",6,"Enter_Zone",1
2827.108,"Info","Arena",6,"Exit_Zone",1
2827.108,"Info","Arena",6,"Enter_Zone",4
2827.235,"Info","Arena",6,"Exit_Zone",4
2827.235,"Info","Arena",6,"Enter_Zone",3
2827.314,"Info","Arena",6,"Exit_Zone",3
2827.314,"Info","Arena",6,"Enter_Zone",4
2827.394,"Info","Arena",1,"Exit_Zone",2
2827.394,"Info","Arena",1,"Enter_Zone",4
2827.556,"Info","Arena",6,"Exit_Zone",4
2827.556,"Info","Arena",6,"Enter_Zone",2
2827.636,"Info","Arena",7,"Exit_Zone",4
2827.636,"Info","Arena",7,"Enter_Zone",3
2827.676,"Info","Arena",1,"Exit_Zone",4
2827.676,"Info","Arena",1,"Enter_Zone",1
2827.797,"Info","Arena",5,"Exit_Zone",4
2827.797,"Info","Arena",5,"Enter_Zone",2
2827.997,"Info","Arena",1,"Exit_Zone",1
2827.997,"Info","Arena",1,"Enter_Zone",4
2828.034,"Info","Arena",1,"Exit_Zone",4
2828.034,"Info","Arena",1,"Enter_Zone",2
2828.150,"Info","Arena",2,"Exit_Zone",4
2828.150,"Info","Arena",2,"Enter_Zone",2
2828.189,"Info","Arena",7,"Exit_Zone",3
2828.189,"Info","Arena",7,"Enter_Zone",1
2828.271,"Info","Arena",7,"Exit_Zone",1
2828.271,"Info","Arena",7,"Enter_Zone",3
2828.387,"Info","Arena",2,"Exit_Zone",2
2828.387,"Info","Arena",2,"Enter_Zone",4
2828.423,"Info","Arena",2,"Exit_Zone",4
2828.423,"Info","Arena",2,"Enter_Zone",3
2828.498,"Info","Arena",7,"Exit_Zone",3
2828.498,"Info","Arena",7,"Enter_Zone",1
2828.573,"Info","Arena",7,"Exit_Zone",1
2828.573,"Info","Arena",7,"Enter_Zone",3
2829.512,"Info","Arena",7,"Exit_Zone",3
2829.512,"Info","Arena",7,"Enter_Zone",1
2829.616,"Info","Arena",6,"Exit_Zone",2
2829.616,"Info","Arena",6,"Enter_Zone",4
2829.858,"Info","Arena",6,"Exit_Zone",4
2829.858,"Info","Arena",6,"Enter_Zone",1
2829.998,"Info","Arena",2,"Exit_Zone",3
2829.998,"Info","Arena",2,"Enter_Zone",4
2829.998,"Info","Arena",7,"Exit_Zone",1
2829.998,"Info","Arena",7,"Enter_Zone",3
2830.146,"Info","Arena",2,"Exit_Zone",4
2830.146,"Info","Arena",2,"Enter_Zone",1
2830.479,"Info","Arena",2,"Exit_Zone",1
2830.479,"Info","Arena",2,"Enter_Zone",3
2830.616,"Info","Arena",2,"Exit_Zone",3
2830.616,"Info","Arena",2,"Enter_Zone",1
2831.250,"Info","Arena",7,"Exit_Zone",3
2831.250,"Info","Arena",7,"Enter_Zone",4
2831.970,"Info","Arena",7,"Exit_Zone",4
2831.970,"Info","Arena",7,"Enter_Zone",2
2832.520,"Info","Arena",5,"Exit_Zone",2
2832.520,"Info","Arena",5,"Enter_Zone",4
2832.846,"Info","Arena",5,"Exit_Zone",4
2832.846,"Info","Arena",5,"Enter_Zone",1
2833.389,"Info","Arena",7,"Exit_Zone",2
2833.389,"Info","Arena",7,"Enter_Zone",1
2833.527,"Info","Arena",7,"Exit_Zone",1
2833.527,"Info","Arena",7,"Enter_Zone",2
2833.838,"Info","Arena",7,"Exit_Zone",2
2833.838,"Info","Arena",7,"Enter_Zone",1
2834.089,"Info","Arena",7,"Exit_Zone",1
2834.089,"Info","Arena",7,"Enter_Zone",2
2834.461,"Info","Arena",1,"Exit_Zone",2
2834.461,"Info","Arena",1,"Enter_Zone",4
2834.644,"Info","Arena",1,"Exit_Zone",4
2834.644,"Info","Arena",1,"Enter_Zone",1
2835.151,"Info","Arena",7,"Exit_Zone",2
2835.151,"Info","Arena",7,"Enter_Zone",4
2835.185,"Info","Arena",5,"Exit_Zone",1
2835.185,"Info","Arena",5,"Enter_Zone",2
2835.305,"Info","Arena",5,"Exit_Zone",2
2835.305,"Info","Arena",5,"Enter_Zone",1
2835.410,"Info","Arena",8,"Exit_Zone",1
2835.410,"Info","Arena",8,"Enter_Zone",4
2835.521,"Info","Arena",7,"Exit_Zone",4
2835.521,"Info","Arena",7,"Enter_Zone",1
2835.776,"Info","Arena",1,"Exit_Zone",1
2835.776,"Info","Arena",1,"Enter_Zone",4
2835.849,"Info","Arena",1,"Exit_Zone",4
2835.849,"Info","Arena",1,"Enter_Zone",2
2836.267,"Info","Arena",6,"Exit_Zone",1
2836.267,"Info","Arena",6,"Enter_Zone",4
2837.131,"Info","Arena",5,"Exit_Zone",1
2837.131,"Info","Arena",5,"Enter_Zone",4
2837.514,"Info","Arena",6,"Exit_Zone",4
2837.514,"Info","Arena",6,"Enter_Zone",2
2838.880,"Info","Arena",5,"Exit_Zone",4
2838.880,"Info","Arena",5,"Enter_Zone",3
2839.147,"Info","Arena",7,"Exit_Zone",1
2839.147,"Info","Arena",7,"Enter_Zone",4
2839.314,"Info","Arena",1,"Exit_Zone",2
2839.314,"Info","Arena",1,"Enter_Zone",4
2839.466,"Info","Arena",1,"Exit_Zone",4
2839.466,"Info","Arena",1,"Enter_Zone",1
2839.889,"Info","Arena",7,"Exit_Zone",4
2839.889,"Info","Arena",7,"Enter_Zone",3
2840.119,"Info","Arena",6,"Exit_Zone",2
2840.119,"Info","Arena",6,"Enter_Zone",1
2840.157,"Info","Arena",8,"Exit_Zone",4
2840.157,"Info","Arena",8,"Enter_Zone",1
2840.282,"Info","Arena",8,"Exit_Zone",1
2840.282,"Info","Arena",8,"Enter_Zone",4
2840.813,"Info","Arena",7,"Exit_Zone",3
2840.813,"Info","Arena",7,"Enter_Zone",1
2841.372,"Info","Arena",5,"Exit_Zone",3
2841.372,"Info","Arena",5,"Enter_Zone",4
2841.640,"Info","Arena",7,"Exit_Zone",1
2841.640,"Info","Arena",7,"Enter_Zone",3
2841.778,"Info","Arena",8,"Exit_Zone",4
2841.778,"Info","Arena",8,"Enter_Zone",1
2841.915,"Info","Arena",8,"Exit_Zone",1
2841.915,"Info","Arena",8,"Enter_Zone",4
2841.950,"Info","Arena",8,"Exit_Zone",4
2841.950,"Info","Arena",8,"Enter_Zone",1
2841.987,"Info","Arena",8,"Exit_Zone",1
2841.987,"Info","Arena",8,"Enter_Zone",4
2842.024,"Info","Arena",7,"Exit_Zone",3
2842.024,"Info","Arena",7,"Enter_Zone",1
2842.284,"Info","Arena",7,"Exit_Zone",1
2842.284,"Info","Arena",7,"Enter_Zone",3
2842.472,"Info","Arena",5,"Exit_Zone",4
2842.472,"Info","Arena",5,"Enter_Zone",2
2842.667,"Info","Arena",1,"Exit_Zone",1
2842.667,"Info","Arena",1,"Enter_Zone",4
2842.743,"Info","Arena",1,"Exit_Zone",4
2842.743,"Info","Arena",1,"Enter_Zone",2
2843.415,"Info","Arena",7,"Exit_Zone",3
2843.415,"Info","Arena",7,"Enter_Zone",4
2843.783,"Info","Arena",7,"Exit_Zone",4
2843.783,"Info","Arena",7,"Enter_Zone",3
2844.003,"Info","Arena",8,"Exit_Zone",4
2844.003,"Info","Arena",8,"Enter_Zone",1
2844.119,"Info","Arena",8,"Exit_Zone",1
2844.119,"Info","Arena",8,"Enter_Zone",4
2844.465,"Info","Arena",7,"Exit_Zone",3
2844.465,"Info","Arena",7,"Enter_Zone",1
2844.577,"Info","Arena",7,"Exit_Zone",1
2844.577,"Info","Arena",7,"Enter_Zone",3
2844.950,"Info","Arena",1,"Exit_Zone",2
2844.950,"Info","Arena",1,"Enter_Zone",4
2845.061,"Info","Arena",8,"Exit_Zone",4
2845.061,"Info","Arena",8,"Enter_Zone",1
2845.102,"Info","Arena",8,"Exit_Zone",1
2845.102,"Info","Arena",8,"Enter_Zone",4
2845.175,"Info","Arena",8,"Exit_Zone",4
2845.175,"Info","Arena",8,"Enter_Zone",1
2845.220,"Info","Arena",8,"Exit_Zone",1
2845.220,"Info","Arena",8,"Enter_Zone",4
2845.299,"Info","Arena",1,"Exit_Zone",4
2845.299,"Info","Arena",1,"Enter_Zone",1
2845.898,"Info","Arena",8,"Exit_Zone",4
2845.898,"Info","Arena",8,"Enter_Zone",1
2845.934,"Info","Arena",7,"Exit_Zone",3
2845.934,"Info","Arena",7,"Enter_Zone",1
2846.005,"Info","Arena",8,"Exit_Zone",1
2846.005,"Info","Arena",8,"Enter_Zone",4
2846.080,"Info","Arena",8,"Exit_Zone",4
2846.080,"Info","Arena",8,"Enter_Zone",1
2846.152,"Info","Arena",7,"Exit_Zone",1
2846.152,"Info","Arena",7,"Enter_Zone",3
2846.349,"Info","Arena",6,"Exit_Zone",1
2846.349,"Info","Arena",6,"Enter_Zone",4
2846.701,"Info","Arena",7,"Exit_Zone",3
2846.701,"Info","Arena",7,"Enter_Zone",1
2846.777,"Info","Arena",7,"Exit_Zone",1
2846.777,"Info","Arena",7,"Enter_Zone",3
2846.969,"Info","Arena",6,"Exit_Zone",4
2846.969,"Info","Arena",6,"Enter_Zone",3
2847.399,"Info","Arena",1,"Exit_Zone",1
2847.399,"Info","Arena",1,"Enter_Zone",4
2847.438,"Info","Arena",1,"Exit_Zone",4
2847.438,"Info","Arena",1,"Enter_Zone",2
2847.514,"Info","Arena",5,"Exit_Zone",2
2847.514,"Info","Arena",5,"Enter_Zone",4
2847.555,"Info","Arena",7,"Exit_Zone",3
2847.555,"Info","Arena",7,"Enter_Zone",4
2847.995,"Info","Arena",5,"Exit_Zone",4
2847.995,"Info","Arena",5,"Enter_Zone",1
2848.143,"Info","Arena",7,"Exit_Zone",4
2848.143,"Info","Arena",7,"Enter_Zone",2
2848.640,"Info","Arena",7,"Exit_Zone",2
2848.640,"Info","Arena",7,"Enter_Zone",1
2848.674,"Info","Arena",7,"Exit_Zone",1
2848.674,"Info","Arena",7,"Enter_Zone",2
2849.305,"Info","Arena",7,"Exit_Zone",2
2849.305,"Info","Arena",7,"Enter_Zone",1
2849.407,"Info","Arena",7,"Exit_Zone",1
2849.407,"Info","Arena",7,"Enter_Zone",2
2850.245,"Info","Arena",5,"Exit_Zone",1
2850.245,"Info","Arena",5,"Enter_Zone",4
2850.498,"Info","Arena",6,"Exit_Zone",3
2850.498,"Info","Arena",6,"Enter_Zone",4
2850.867,"Info","Arena",5,"Exit_Zone",4
2850.867,"Info","Arena",5,"Enter_Zone",3
2850.902,"Info","Arena",8,"Exit_Zone",1
2850.902,"Info","Arena",8,"Enter_Zone",4
2850.941,"Info","Arena",6,"Exit_Zone",4
2850.941,"Info","Arena",6,"Enter_Zone",2
2851.054,"Info","Arena",7,"Exit_Zone",2
2851.054,"Info","Arena",7,"Enter_Zone",4
2851.440,"Info","Arena",7,"Exit_Zone",4
2851.440,"Info","Arena",7,"Enter_Zone",1
2854.065,"Info","Arena",1,"Exit_Zone",2
2854.065,"Info","Arena",1,"Enter_Zone",4
2854.422,"Info","Arena",1,"Exit_Zone",4
2854.422,"Info","Arena",1,"Enter_Zone",1
2854.534,"Info","Arena",8,"Exit_Zone",4
2854.534,"Info","Arena",8,"Enter_Zone",1
2854.767,"Info","Arena",6,"Exit_Zone",2
2854.767,"Info","Arena",6,"Enter_Zone",4
2854.843,"Info","Arena",7,"Exit_Zone",1
2854.843,"Info","Arena",7,"Enter_Zone",4
2854.955,"Info","Arena",5,"Exit_Zone",3
2854.955,"Info","Arena",5,"Enter_Zone",4
2855.395,"Info","Arena",6,"Exit_Zone",4
2855.395,"Info","Arena",6,"Enter_Zone",1
2855.547,"Info","Arena",7,"Exit_Zone",4
2855.547,"Info","Arena",7,"Enter_Zone",3
2855.585,"Info","Arena",7,"Exit_Zone",3
2855.585,"Info","Arena",7,"Enter_Zone",1
2855.696,"Info","Arena",7,"Exit_Zone",1
2855.696,"Info","Arena",7,"Enter_Zone",3
2856.393,"Info","Arena",8,"Exit_Zone",1
2856.393,"Info","Arena",8,"Enter_Zone",4
2856.432,"Info","Arena",5,"Exit_Zone",4
2856.432,"Info","Arena",5,"Enter_Zone",2
2856.803,"Info","Arena",7,"Exit_Zone",3
2856.803,"Info","Arena",7,"Enter_Zone",1
2857.014,"Info","Arena",7,"Exit_Zone",1
2857.014,"Info","Arena",7,"Enter_Zone",3
2857.048,"Info","Arena",1,"Exit_Zone",1
2857.048,"Info","Arena",1,"Enter_Zone",4
2857.307,"Info","Arena",1,"Exit_Zone",4
2857.307,"Info","Arena",1,"Enter_Zone",2
2857.380,"Info","Arena",7,"Exit_Zone",3
2857.380,"Info","Arena",7,"Enter_Zone",1
2857.519,"Info","Arena",7,"Exit_Zone",1
2857.519,"Info","Arena",7,"Enter_Zone",3
2857.909,"Info","Arena",8,"Exit_Zone",4
2857.909,"Info","Arena",8,"Enter_Zone",3
2858.100,"Info","Arena",7,"Exit_Zone",3
2858.100,"Info","Arena",7,"Enter_Zone",1
2858.688,"Info","Arena",7,"Exit_Zone",1
2858.688,"Info","Arena",7,"Enter_Zone",3
2858.725,"Info","Arena",7,"Exit_Zone",3
2858.725,"Info","Arena",7,"Enter_Zone",1
2858.764,"Info","Arena",7,"Exit_Zone",1
2858.764,"Info","Arena",7,"Enter_Zone",3
2858.922,"Info","Arena",7,"Exit_Zone",3
2858.922,"Info","Arena",7,"Enter_Zone",1
2858.958,"Info","Arena",7,"Exit_Zone",1
2858.958,"Info","Arena",7,"Enter_Zone",3
2859.001,"Info","Arena",7,"Exit_Zone",3
2859.001,"Info","Arena",7,"Enter_Zone",4
2859.280,"Info","Arena",6,"Exit_Zone",1
2859.280,"Info","Arena",6,"Enter_Zone",4
2859.352,"Info","Arena",7,"Exit_Zone",4
2859.352,"Info","Arena",7,"Enter_Zone",2
2859.389,"Info","Arena",7,"Exit_Zone",2
2859.389,"Info","Arena",7,"Enter_Zone",4
2859.464,"Info","Arena",7,"Exit_Zone",4
2859.464,"Info","Arena",7,"Enter_Zone",2
2860.396,"Info","Arena",6,"Exit_Zone",4
2860.396,"Info","Arena",6,"Enter_Zone",3
2860.396,"Info","Arena",7,"Exit_Zone",2
2860.396,"Info","Arena",7,"Enter_Zone",1
2860.578,"Info","Arena",1,"Exit_Zone",2
2860.578,"Info","Arena",1,"Enter_Zone",4
2860.794,"Info","Arena",7,"Exit_Zone",1
2860.794,"Info","Arena",7,"Enter_Zone",2
2861.007,"Info","Arena",7,"Exit_Zone",2
2861.007,"Info","Arena",7,"Enter_Zone",1
2861.112,"Info","Arena",1,"Exit_Zone",4
2861.112,"Info","Arena",1,"Enter_Zone",3
2861.357,"Info","Arena",7,"Exit_Zone",1
2861.357,"Info","Arena",7,"Enter_Zone",2
2861.849,"Info","Arena",7,"Exit_Zone",2
2861.849,"Info","Arena",7,"Enter_Zone",1
2862.316,"Info","Arena",7,"Exit_Zone",1
2862.316,"Info","Arena",7,"Enter_Zone",2
2862.561,"Info","Arena",7,"Exit_Zone",2
2862.561,"Info","Arena",7,"Enter_Zone",1
2862.596,"Info","Arena",7,"Exit_Zone",1
2862.596,"Info","Arena",7,"Enter_Zone",2
2862.699,"Info","Arena",7,"Exit_Zone",2
2862.699,"Info","Arena",7,"Enter_Zone",1
2862.736,"Info","Arena",8,"Exit_Zone",3
2862.736,"Info","Arena",8,"Enter_Zone",4
2862.845,"Info","Arena",1,"Exit_Zone",3
2862.845,"Info","Arena",1,"Enter_Zone",4
2862.882,"Info","Arena",7,"Exit_Zone",1
2862.882,"Info","Arena",7,"Enter_Zone",2
2863.067,"Info","Arena",7,"Exit_Zone",2
2863.067,"Info","Arena",7,"Enter_Zone",1
2863.700,"Info","Arena",7,"Exit_Zone",1
2863.700,"Info","Arena",7,"Enter_Zone",2
2864.038,"Info","Arena",6,"Exit_Zone",3
2864.038,"Info","Arena",6,"Enter_Zone",4
2864.076,"Info","Arena",7,"Exit_Zone",2
2864.076,"Info","Arena",7,"Enter_Zone",1
2864.230,"Info","Arena",1,"Exit_Zone",4
2864.230,"Info","Arena",1,"Enter_Zone",1
2864.262,"Info","Arena",1,"Exit_Zone",1
2864.262,"Info","Arena",1,"Enter_Zone",4
2864.301,"Info","Arena",1,"Exit_Zone",4
2864.301,"Info","Arena",1,"Enter_Zone",1
2864.375,"Info","Arena",7,"Exit_Zone",1
2864.375,"Info","Arena",7,"Enter_Zone",2
2864.673,"Info","Arena",7,"Exit_Zone",2
2864.673,"Info","Arena",7,"Enter_Zone",1
2865.044,"Info","Arena",7,"Exit_Zone",1
2865.044,"Info","Arena",7,"Enter_Zone",2
2865.196,"Info","Arena",6,"Exit_Zone",4
2865.196,"Info","Arena",6,"Enter_Zone",2
2865.397,"Info","Arena",3,"Exit_Zone",2
2865.397,"Info","Arena",3,"Enter_Zone",4
2865.434,"Info","Arena",7,"Exit_Zone",2
2865.434,"Info","Arena",7,"Enter_Zone",1
2865.586,"Info","Arena",7,"Exit_Zone",1
2865.586,"Info","Arena",7,"Enter_Zone",2
2865.738,"Info","Arena",7,"Exit_Zone",2
2865.738,"Info","Arena",7,"Enter_Zone",4
2865.932,"Info","Arena",8,"Exit_Zone",4
2865.932,"Info","Arena",8,"Enter_Zone",2
2866.087,"Info","Arena",3,"Exit_Zone",4
2866.087,"Info","Arena",3,"Enter_Zone",3
2866.247,"Info","Arena",7,"Exit_Zone",4
2866.247,"Info","Arena",7,"Enter_Zone",3
2866.507,"Info","Arena",7,"Exit_Zone",3
2866.507,"Info","Arena",7,"Enter_Zone",1
2866.541,"Info","Arena",7,"Exit_Zone",1
2866.541,"Info","Arena",7,"Enter_Zone",3
2866.839,"Info","Arena",7,"Exit_Zone",3
2866.839,"Info","Arena",7,"Enter_Zone",1
2867.087,"Info","Arena",7,"Exit_Zone",1
2867.087,"Info","Arena",7,"Enter_Zone",3
2867.118,"Info","Arena",5,"Exit_Zone",2
2867.118,"Info","Arena",5,"Enter_Zone",4
2867.497,"Info","Arena",5,"Exit_Zone",4
2867.497,"Info","Arena",5,"Enter_Zone",3
2869.481,"Info","Arena",7,"Exit_Zone",3
2869.481,"Info","Arena",7,"Enter_Zone",4
2869.625,"Info","Arena",7,"Exit_Zone",4
2869.625,"Info","Arena",7,"Enter_Zone",2
2870.540,"Info","Arena",6,"Exit_Zone",2
2870.540,"Info","Arena",6,"Enter_Zone",4
2870.905,"Info","Arena",7,"Exit_Zone",2
2870.905,"Info","Arena",7,"Enter_Zone",1
2871.011,"Info","Arena",7,"Exit_Zone",1
2871.011,"Info","Arena",7,"Enter_Zone",2
2871.156,"Info","Arena",6,"Exit_Zone",4
2871.156,"Info","Arena",6,"Enter_Zone",1
2871.237,"Info","Arena",8,"Exit_Zone",2
2871.237,"Info","Arena",8,"Enter_Zone",4
2871.374,"Info","Arena",5,"Exit_Zone",3
2871.374,"Info","Arena",5,"Enter_Zone",4
2871.374,"Info","Arena",7,"Exit_Zone",2
2871.374,"Info","Arena",7,"Enter_Zone",1
2871.439,"Info","Arena",5,"Exit_Zone",4
2871.439,"Info","Arena",5,"Enter_Zone",3
2871.473,"Info","Arena",5,"Exit_Zone",3
2871.473,"Info","Arena",5,"Enter_Zone",4
2871.602,"Info","Arena",7,"Exit_Zone",1
2871.602,"Info","Arena",7,"Enter_Zone",2
2871.735,"Info","Arena",7,"Exit_Zone",2
2871.735,"Info","Arena",7,"Enter_Zone",1
2871.998,"Info","Arena",7,"Exit_Zone",1
2871.998,"Info","Arena",7,"Enter_Zone",2
2873.047,"Info","Arena",7,"Exit_Zone",2
2873.047,"Info","Arena",7,"Enter_Zone",4
2873.154,"Info","Arena",7,"Exit_Zone",4
2873.154,"Info","Arena",7,"Enter_Zone",1
2873.188,"Info","Arena",7,"Exit_Zone",1
2873.188,"Info","Arena",7,"Enter_Zone",4
2873.234,"Info","Arena",8,"Exit_Zone",4
2873.234,"Info","Arena",8,"Enter_Zone",1
2873.342,"Info","Arena",7,"Exit_Zone",4
2873.342,"Info","Arena",7,"Enter_Zone",2
2874.163,"Info","Arena",5,"Exit_Zone",4
2874.163,"Info","Arena",5,"Enter_Zone",1
2874.579,"Info","Arena",7,"Exit_Zone",2
2874.579,"Info","Arena",7,"Enter_Zone",1
2874.729,"Info","Arena",7,"Exit_Zone",1
2874.729,"Info","Arena",7,"Enter_Zone",2
2874.959,"Info","Arena",6,"Exit_Zone",1
2874.959,"Info","Arena",6,"Enter_Zone",4
2874.959,"Info","Arena",7,"Exit_Zone",2
2874.959,"Info","Arena",7,"Enter_Zone",1
2875.476,"Info","Arena",7,"Exit_Zone",1
2875.476,"Info","Arena",7,"Enter_Zone",2
2875.812,"Info","Arena",3,"Exit_Zone",3
2875.812,"Info","Arena",3,"Enter_Zone",4
2875.921,"Info","Arena",7,"Exit_Zone",2
2875.921,"Info","Arena",7,"Enter_Zone",1
2875.959,"Info","Arena",6,"Exit_Zone",4
2875.959,"Info","Arena",6,"Enter_Zone",3
2875.959,"Info","Arena",7,"Exit_Zone",1
2875.959,"Info","Arena",7,"Enter_Zone",2
2876.230,"Info","Arena",7,"Exit_Zone",2
2876.230,"Info","Arena",7,"Enter_Zone",1
2876.372,"Info","Arena",7,"Exit_Zone",1
2876.372,"Info","Arena",7,"Enter_Zone",2
2876.480,"Info","Arena",7,"Exit_Zone",2
2876.480,"Info","Arena",7,"Enter_Zone",1
2876.516,"Info","Arena",3,"Exit_Zone",4
2876.516,"Info","Arena",3,"Enter_Zone",1
2876.553,"Info","Arena",7,"Exit_Zone",1
2876.553,"Info","Arena",7,"Enter_Zone",2
2876.697,"Info","Arena",7,"Exit_Zone",2
2876.697,"Info","Arena",7,"Enter_Zone",1
2876.946,"Info","Arena",7,"Exit_Zone",1
2876.946,"Info","Arena",7,"Enter_Zone",2
2876.983,"Info","Arena",7,"Exit_Zone",2
2876.983,"Info","Arena",7,"Enter_Zone",1
2877.503,"Info","Arena",7,"Exit_Zone",1
2877.503,"Info","Arena",7,"Enter_Zone",2
2877.955,"Info","Arena",7,"Exit_Zone",2
2877.955,"Info","Arena",7,"Enter_Zone",1
2878.083,"Info","Arena",7,"Exit_Zone",1
2878.083,"Info","Arena",7,"Enter_Zone",4
2878.593,"Info","Arena",7,"Exit_Zone",4
2878.593,"Info","Arena",7,"Enter_Zone",1
2879.480,"Info","Arena",8,"Exit_Zone",1
2879.480,"Info","Arena",8,"Enter_Zone",4
2880.940,"Info","Arena",6,"Exit_Zone",3
2880.940,"Info","Arena",6,"Enter_Zone",4
2881.353,"Info","Arena",3,"Exit_Zone",1
2881.353,"Info","Arena",3,"Enter_Zone",4
2881.673,"Info","Arena",5,"Exit_Zone",1
2881.673,"Info","Arena",5,"Enter_Zone",4
2883.057,"Info","Arena",3,"Exit_Zone",4
2883.057,"Info","Arena",3,"Enter_Zone",2
2883.057,"Info","Arena",6,"Exit_Zone",4
2883.057,"Info","Arena",6,"Enter_Zone",2
2883.057,"Info","Arena",7,"Exit_Zone",1
2883.057,"Info","Arena",7,"Enter_Zone",4
2883.091,"Info","Arena",5,"Exit_Zone",4
2883.091,"Info","Arena",5,"Enter_Zone",3
2883.091,"Info","Arena",7,"Exit_Zone",4
2883.091,"Info","Arena",7,"Enter_Zone",2
2883.127,"Info","Arena",7,"Exit_Zone",2
2883.127,"Info","Arena",7,"Enter_Zone",4
2883.352,"Info","Arena",7,"Exit_Zone",4
2883.352,"Info","Arena",7,"Enter_Zone",3
2883.978,"Info","Arena",7,"Exit_Zone",3
2883.978,"Info","Arena",7,"Enter_Zone",1
2884.075,"Info","Arena",7,"Exit_Zone",1
2884.075,"Info","Arena",7,"Enter_Zone",3
2884.289,"Info","Arena",7,"Exit_Zone",3
2884.289,"Info","Arena",7,"Enter_Zone",1
2884.714,"Info","Arena",7,"Exit_Zone",1
2884.714,"Info","Arena",7,"Enter_Zone",3
2885.647,"Info","Arena",7,"Exit_Zone",3
2885.647,"Info","Arena",7,"Enter_Zone",1
2885.980,"Info","Arena",7,"Exit_Zone",1
2885.980,"Info","Arena",7,"Enter_Zone",3
2886.118,"Info","Arena",7,"Exit_Zone",3
2886.118,"Info","Arena",7,"Enter_Zone",1
2886.151,"Info","Arena",7,"Exit_Zone",1
2886.151,"Info","Arena",7,"Enter_Zone",3
2886.365,"Info","Arena",6,"Exit_Zone",2
2886.365,"Info","Arena",6,"Enter_Zone",4
2886.674,"Info","Arena",7,"Exit_Zone",3
2886.674,"Info","Arena",7,"Enter_Zone",4
2887.083,"Info","Arena",7,"Exit_Zone",4
2887.083,"Info","Arena",7,"Enter_Zone",2
2887.186,"Info","Arena",3,"Exit_Zone",2
2887.186,"Info","Arena",3,"Enter_Zone",4
2887.233,"Info","Arena",8,"Exit_Zone",4
2887.233,"Info","Arena",8,"Enter_Zone",2
2887.338,"Info","Arena",6,"Exit_Zone",4
2887.338,"Info","Arena",6,"Enter_Zone",3
2888.234,"Info","Arena",7,"Exit_Zone",2
2888.234,"Info","Arena",7,"Enter_Zone",1
2888.438,"Info","Arena",7,"Exit_Zone",1
2888.438,"Info","Arena",7,"Enter_Zone",2
2888.509,"Info","Arena",5,"Exit_Zone",3
2888.509,"Info","Arena",5,"Enter_Zone",4
2888.681,"Info","Arena",7,"Exit_Zone",2
2888.681,"Info","Arena",7,"Enter_Zone",1
2888.969,"Info","Arena",7,"Exit_Zone",1
2888.969,"Info","Arena",7,"Enter_Zone",2
2889.113,"Info","Arena",7,"Exit_Zone",2
2889.113,"Info","Arena",7,"Enter_Zone",1
2889.150,"Info","Arena",3,"Exit_Zone",4
2889.150,"Info","Arena",3,"Enter_Zone",3
2889.260,"Info","Arena",7,"Exit_Zone",1
2889.260,"Info","Arena",7,"Enter_Zone",2
2889.297,"Info","Arena",7,"Exit_Zone",2
2889.297,"Info","Arena",7,"Enter_Zone",1
2889.405,"Info","Arena",7,"Exit_Zone",1
2889.405,"Info","Arena",7,"Enter_Zone",2
2889.657,"Info","Arena",7,"Exit_Zone",2
2889.657,"Info","Arena",7,"Enter_Zone",1
2889.858,"Info","Arena",7,"Exit_Zone",1
2889.858,"Info","Arena",7,"Enter_Zone",2
2889.926,"Info","Arena",5,"Exit_Zone",4
2889.926,"Info","Arena",5,"Enter_Zone",1
2889.958,"Info","Arena",7,"Exit_Zone",2
2889.958,"Info","Arena",7,"Enter_Zone",1
2890.321,"Info","Arena",7,"Exit_Zone",1
2890.321,"Info","Arena",7,"Enter_Zone",2
2890.499,"Info","Arena",7,"Exit_Zone",2
2890.499,"Info","Arena",7,"Enter_Zone",1
2890.671,"Info","Arena",7,"Exit_Zone",1
2890.671,"Info","Arena",7,"Enter_Zone",2
2890.739,"Info","Arena",7,"Exit_Zone",2
2890.739,"Info","Arena",7,"Enter_Zone",4
2891.023,"Info","Arena",7,"Exit_Zone",4
2891.023,"Info","Arena",7,"Enter_Zone",1
2891.884,"Info","Arena",6,"Exit_Zone",3
2891.884,"Info","Arena",6,"Enter_Zone",4
2891.884,"Info","Arena",8,"Exit_Zone",2
2891.884,"Info","Arena",8,"Enter_Zone",4
2892.028,"Info","Arena",8,"Exit_Zone",4
2892.028,"Info","Arena",8,"Enter_Zone",2
2892.097,"Info","Arena",8,"Exit_Zone",2
2892.097,"Info","Arena",8,"Enter_Zone",4
2893.608,"Info","Arena",6,"Exit_Zone",4
2893.608,"Info","Arena",6,"Enter_Zone",2
2895.314,"Info","Arena",8,"Exit_Zone",4
2895.314,"Info","Arena",8,"Enter_Zone",2
2895.711,"Info","Arena",3,"Exit_Zone",3
2895.711,"Info","Arena",3,"Enter_Zone",4
2896.419,"Info","Arena",8,"Exit_Zone",2
2896.419,"Info","Arena",8,"Enter_Zone",4
2896.525,"Info","Arena",8,"Exit_Zone",4
2896.525,"Info","Arena",8,"Enter_Zone",2
2896.696,"Info","Arena",6,"Exit_Zone",2
2896.696,"Info","Arena",6,"Enter_Zone",4
2896.800,"Info","Arena",3,"Exit_Zone",4
2896.800,"Info","Arena",3,"Enter_Zone",1
2897.403,"Info","Arena",6,"Exit_Zone",4
2897.403,"Info","Arena",6,"Enter_Zone",1
2897.579,"Info","Arena",8,"Exit_Zone",2
2897.579,"Info","Arena",8,"Enter_Zone",4
2897.686,"Info","Arena",8,"Exit_Zone",4
2897.686,"Info","Arena",8,"Enter_Zone",2
2897.721,"Info","Arena",8,"Exit_Zone",2
2897.721,"Info","Arena",8,"Enter_Zone",4
2897.970,"Info","Arena",8,"Exit_Zone",4
2897.970,"Info","Arena",8,"Enter_Zone",2
2898.005,"Info","Arena",8,"Exit_Zone",2
2898.005,"Info","Arena",8,"Enter_Zone",4
2900.228,"Info","Arena",5,"Exit_Zone",1
2900.228,"Info","Arena",5,"Enter_Zone",4
2900.263,"Info","Arena",5,"Exit_Zone",4
2900.263,"Info","Arena",5,"Enter_Zone",1
2900.302,"Info","Arena",5,"Exit_Zone",1
2900.302,"Info","Arena",5,"Enter_Zone",4
2900.735,"Info","Arena",5,"Exit_Zone",4
2900.735,"Info","Arena",5,"Enter_Zone",2
2901.776,"Info","Arena",3,"Exit_Zone",1
2901.776,"Info","Arena",3,"Enter_Zone",4
2902.003,"Info","Arena",3,"Exit_Zone",4
2902.003,"Info","Arena",3,"Enter_Zone",2
2902.472,"Info","Arena",1,"Exit_Zone",1
2902.472,"Info","Arena",1,"Enter_Zone",4
2902.774,"Info","Arena",8,"Exit_Zone",4
2902.774,"Info","Arena",8,"Enter_Zone",3
2902.848,"Info","Arena",1,"Exit_Zone",4
2902.848,"Info","Arena",1,"Enter_Zone",1
2904.050,"Info","Arena",7,"Exit_Zone",1
2904.050,"Info","Arena",7,"Enter_Zone",4
2904.442,"Info","Arena",7,"Exit_Zone",4
2904.442,"Info","Arena",7,"Enter_Zone",3
2904.593,"Info","Arena",7,"Exit_Zone",3
2904.593,"Info","Arena",7,"Enter_Zone",1
2904.628,"Info","Arena",7,"Exit_Zone",1
2904.628,"Info","Arena",7,"Enter_Zone",3
2904.669,"Info","Arena",7,"Exit_Zone",3
2904.669,"Info","Arena",7,"Enter_Zone",1
2905.445,"Info","Arena",7,"Exit_Zone",1
2905.445,"Info","Arena",7,"Enter_Zone",3
2905.991,"Info","Arena",7,"Exit_Zone",3
2905.991,"Info","Arena",7,"Enter_Zone",1
2906.197,"Info","Arena",7,"Exit_Zone",1
2906.197,"Info","Arena",7,"Enter_Zone",3
2906.406,"Info","Arena",7,"Exit_Zone",3
2906.406,"Info","Arena",7,"Enter_Zone",1
2906.600,"Info","Arena",7,"Exit_Zone",1
2906.600,"Info","Arena",7,"Enter_Zone",3
2906.809,"Info","Arena",7,"Exit_Zone",3
2906.809,"Info","Arena",7,"Enter_Zone",1
2906.878,"Info","Arena",7,"Exit_Zone",1
2906.878,"Info","Arena",7,"Enter_Zone",3
2907.099,"Info","Arena",6,"Exit_Zone",1
2907.099,"Info","Arena",6,"Enter_Zone",4
2907.099,"Info","Arena",7,"Exit_Zone",3
2907.099,"Info","Arena",7,"Enter_Zone",4
2907.725,"Info","Arena",7,"Exit_Zone",4
2907.725,"Info","Arena",7,"Enter_Zone",1
2907.954,"Info","Arena",6,"Exit_Zone",4
2907.954,"Info","Arena",6,"Enter_Zone",2
2909.989,"Info","Arena",6,"Exit_Zone",2
2909.989,"Info","Arena",6,"Enter_Zone",4
2910.860,"Info","Arena",6,"Exit_Zone",4
2910.860,"Info","Arena",6,"Enter_Zone",1
2910.897,"Info","Arena",1,"Exit_Zone",1
2910.897,"Info","Arena",1,"Enter_Zone",4
2911.043,"Info","Arena",1,"Exit_Zone",4
2911.043,"Info","Arena",1,"Enter_Zone",1
2911.780,"Info","Arena",7,"Exit_Zone",1
2911.780,"Info","Arena",7,"Enter_Zone",4
2912.466,"Info","Arena",7,"Exit_Zone",4
2912.466,"Info","Arena",7,"Enter_Zone",3
2914.140,"Info","Arena",8,"Exit_Zone",3
2914.140,"Info","Arena",8,"Enter_Zone",4
2915.092,"Info","Arena",8,"Exit_Zone",4
2915.092,"Info","Arena",8,"Enter_Zone",3
2915.130,"Info","Arena",8,"Exit_Zone",3
2915.130,"Info","Arena",8,"Enter_Zone",4
2915.170,"Info","Arena",7,"Exit_Zone",3
2915.170,"Info","Arena",7,"Enter_Zone",1
2915.395,"Info","Arena",7,"Exit_Zone",1
2915.395,"Info","Arena",7,"Enter_Zone",3
2915.659,"Info","Arena",7,"Exit_Zone",3
2915.659,"Info","Arena",7,"Enter_Zone",1
2915.694,"Info","Arena",7,"Exit_Zone",1
2915.694,"Info","Arena",7,"Enter_Zone",3
2915.732,"Info","Arena",7,"Exit_Zone",3
2915.732,"Info","Arena",7,"Enter_Zone",1
2915.771,"Info","Arena",7,"Exit_Zone",1
2915.771,"Info","Arena",7,"Enter_Zone",4
2915.928,"Info","Arena",2,"Exit_Zone",1
2915.928,"Info","Arena",2,"Enter_Zone",3
2915.928,"Info","Arena",7,"Exit_Zone",4
2915.928,"Info","Arena",7,"Enter_Zone",2
2915.961,"Info","Arena",2,"Exit_Zone",3
2915.961,"Info","Arena",2,"Enter_Zone",1
2916.035,"Info","Arena",6,"Exit_Zone",1
2916.035,"Info","Arena",6,"Enter_Zone",4
2916.758,"Info","Arena",7,"Exit_Zone",2
2916.758,"Info","Arena",7,"Enter_Zone",1
2916.874,"Info","Arena",7,"Exit_Zone",1
2916.874,"Info","Arena",7,"Enter_Zone",2
2916.911,"Info","Arena",2,"Exit_Zone",1
2916.911,"Info","Arena",2,"Enter_Zone",4
2917.068,"Info","Arena",8,"Exit_Zone",4
2917.068,"Info","Arena",8,"Enter_Zone",3
2917.144,"Info","Arena",7,"Exit_Zone",2
2917.144,"Info","Arena",7,"Enter_Zone",1
2917.182,"Info","Arena",8,"Exit_Zone",3
2917.182,"Info","Arena",8,"Enter_Zone",4
2917.263,"Info","Arena",2,"Exit_Zone",4
2917.263,"Info","Arena",2,"Enter_Zone",3
2917.367,"Info","Arena",7,"Exit_Zone",1
2917.367,"Info","Arena",7,"Enter_Zone",2
2917.546,"Info","Arena",7,"Exit_Zone",2
2917.546,"Info","Arena",7,"Enter_Zone",1
2917.616,"Info","Arena",6,"Exit_Zone",4
2917.616,"Info","Arena",6,"Enter_Zone",3
2917.651,"Info","Arena",7,"Exit_Zone",1
2917.651,"Info","Arena",7,"Enter_Zone",2
2918.182,"Info","Arena",5,"Exit_Zone",2
2918.182,"Info","Arena",5,"Enter_Zone",4
2918.295,"Info","Arena",7,"Exit_Zone",2
2918.295,"Info","Arena",7,"Enter_Zone",1
2918.739,"Info","Arena",7,"Exit_Zone",1
2918.739,"Info","Arena",7,"Enter_Zone",2
2919.311,"Info","Arena",7,"Exit_Zone",2
2919.311,"Info","Arena",7,"Enter_Zone",4
2919.454,"Info","Arena",6,"Exit_Zone",3
2919.454,"Info","Arena",6,"Enter_Zone",4
2919.920,"Info","Arena",5,"Exit_Zone",4
2919.920,"Info","Arena",5,"Enter_Zone",1
2919.990,"Info","Arena",6,"Exit_Zone",4
2919.990,"Info","Arena",6,"Enter_Zone",1
2920.028,"Info","Arena",7,"Exit_Zone",4
2920.028,"Info","Arena",7,"Enter_Zone",1
2920.173,"Info","Arena",6,"Exit_Zone",1
2920.173,"Info","Arena",6,"Enter_Zone",4
2920.291,"Info","Arena",6,"Exit_Zone",4
2920.291,"Info","Arena",6,"Enter_Zone",2
2921.106,"Info","Arena",1,"Exit_Zone",1
2921.106,"Info","Arena",1,"Enter_Zone",4
2921.106,"Info","Arena",2,"Exit_Zone",3
2921.106,"Info","Arena",2,"Enter_Zone",4
2921.454,"Info","Arena",1,"Exit_Zone",4
2921.454,"Info","Arena",1,"Enter_Zone",2
2921.527,"Info","Arena",2,"Exit_Zone",4
2921.527,"Info","Arena",2,"Enter_Zone",2
2921.677,"Info","Arena",1,"Exit_Zone",2
2921.677,"Info","Arena",1,"Enter_Zone",4
2921.860,"Info","Arena",1,"Exit_Zone",4
2921.860,"Info","Arena",1,"Enter_Zone",1
2922.608,"Info","Arena",2,"Exit_Zone",2
2922.608,"Info","Arena",2,"Enter_Zone",3
2923.027,"Info","Arena",2,"Exit_Zone",3
2923.027,"Info","Arena",2,"Enter_Zone",2
2924.020,"Info","Arena",7,"Exit_Zone",1
2924.020,"Info","Arena",7,"Enter_Zone",4
2924.220,"Info","Arena",8,"Exit_Zone",4
2924.220,"Info","Arena",8,"Enter_Zone",1
2924.443,"Info","Arena",2,"Exit_Zone",2
2924.443,"Info","Arena",2,"Enter_Zone",3
2924.591,"Info","Arena",2,"Exit_Zone",3
2924.591,"Info","Arena",2,"Enter_Zone",2
2924.889,"Info","Arena",7,"Exit_Zone",4
2924.889,"Info","Arena",7,"Enter_Zone",3
2924.926,"Info","Arena",6,"Exit_Zone",2
2924.926,"Info","Arena",6,"Enter_Zone",4
2925.591,"Info","Arena",1,"Exit_Zone",1
2925.591,"Info","Arena",1,"Enter_Zone",4
2925.701,"Info","Arena",1,"Exit_Zone",4
2925.701,"Info","Arena",1,"Enter_Zone",2
2925.736,"Info","Arena",2,"Exit_Zone",2
2925.736,"Info","Arena",2,"Enter_Zone",4
2926.102,"Info","Arena",6,"Exit_Zone",4
2926.102,"Info","Arena",6,"Enter_Zone",3
2926.221,"Info","Arena",2,"Exit_Zone",4
2926.221,"Info","Arena",2,"Enter_Zone",3
2926.360,"Info","Arena",7,"Exit_Zone",3
2926.360,"Info","Arena",7,"Enter_Zone",1
2926.720,"Info","Arena",7,"Exit_Zone",1
2926.720,"Info","Arena",7,"Enter_Zone",3
2927.268,"Info","Arena",7,"Exit_Zone",3
2927.268,"Info","Arena",7,"Enter_Zone",1
2927.301,"Info","Arena",7,"Exit_Zone",1
2927.301,"Info","Arena",7,"Enter_Zone",3
2927.334,"Info","Arena",1,"Exit_Zone",2
2927.334,"Info","Arena",1,"Enter_Zone",4
2927.510,"Info","Arena",7,"Exit_Zone",3
2927.510,"Info","Arena",7,"Enter_Zone",1
2927.611,"Info","Arena",7,"Exit_Zone",1
2927.611,"Info","Arena",7,"Enter_Zone",3
2927.753,"Info","Arena",7,"Exit_Zone",3
2927.753,"Info","Arena",7,"Enter_Zone",1
2927.787,"Info","Arena",7,"Exit_Zone",1
2927.787,"Info","Arena",7,"Enter_Zone",3
2927.857,"Info","Arena",1,"Exit_Zone",4
2927.857,"Info","Arena",1,"Enter_Zone",1
2928.335,"Info","Arena",7,"Exit_Zone",3
2928.335,"Info","Arena",7,"Enter_Zone",4
2928.445,"Info","Arena",6,"Exit_Zone",3
2928.445,"Info","Arena",6,"Enter_Zone",4
2928.740,"Info","Arena",6,"Exit_Zone",4
2928.740,"Info","Arena",6,"Enter_Zone",2
2928.740,"Info","Arena",7,"Exit_Zone",4
2928.740,"Info","Arena",7,"Enter_Zone",1
2928.844,"Info","Arena",7,"Exit_Zone",1
2928.844,"Info","Arena",7,"Enter_Zone",4
2929.319,"Info","Arena",7,"Exit_Zone",4
2929.319,"Info","Arena",7,"Enter_Zone",2
2929.534,"Info","Arena",7,"Exit_Zone",2
2929.534,"Info","Arena",7,"Enter_Zone",1
2929.673,"Info","Arena",7,"Exit_Zone",1
2929.673,"Info","Arena",7,"Enter_Zone",2
2930.076,"Info","Arena",7,"Exit_Zone",2
2930.076,"Info","Arena",7,"Enter_Zone",1
2930.263,"Info","Arena",7,"Exit_Zone",1
2930.263,"Info","Arena",7,"Enter_Zone",2
2930.445,"Info","Arena",7,"Exit_Zone",2
2930.445,"Info","Arena",7,"Enter_Zone",1
2930.692,"Info","Arena",2,"Exit_Zone",3
2930.692,"Info","Arena",2,"Enter_Zone",4
2930.724,"Info","Arena",7,"Exit_Zone",1
2930.724,"Info","Arena",7,"Enter_Zone",2
2931.003,"Info","Arena",7,"Exit_Zone",2
2931.003,"Info","Arena",7,"Enter_Zone",1
2931.038,"Info","Arena",7,"Exit_Zone",1
2931.038,"Info","Arena",7,"Enter_Zone",2
2931.140,"Info","Arena",7,"Exit_Zone",2
2931.140,"Info","Arena",7,"Enter_Zone",1
2931.255,"Info","Arena",2,"Exit_Zone",4
2931.255,"Info","Arena",2,"Enter_Zone",1
2931.354,"Info","Arena",7,"Exit_Zone",1
2931.354,"Info","Arena",7,"Enter_Zone",2
2931.457,"Info","Arena",7,"Exit_Zone",2
2931.457,"Info","Arena",7,"Enter_Zone",1
2931.491,"Info","Arena",7,"Exit_Zone",1
2931.491,"Info","Arena",7,"Enter_Zone",2
2931.563,"Info","Arena",2,"Exit_Zone",1
2931.563,"Info","Arena",2,"Enter_Zone",3
2931.601,"Info","Arena",2,"Exit_Zone",3
2931.601,"Info","Arena",2,"Enter_Zone",1
2931.672,"Info","Arena",2,"Exit_Zone",1
2931.672,"Info","Arena",2,"Enter_Zone",3
2931.851,"Info","Arena",7,"Exit_Zone",2
2931.851,"Info","Arena",7,"Enter_Zone",1
2931.958,"Info","Arena",2,"Exit_Zone",3
2931.958,"Info","Arena",2,"Enter_Zone",1
2932.103,"Info","Arena",2,"Exit_Zone",1
2932.103,"Info","Arena",2,"Enter_Zone",3
2932.141,"Info","Arena",2,"Exit_Zone",3
2932.141,"Info","Arena",2,"Enter_Zone",1
2932.487,"Info","Arena",7,"Exit_Zone",1
2932.487,"Info","Arena",7,"Enter_Zone",2
2932.702,"Info","Arena",7,"Exit_Zone",2
2932.702,"Info","Arena",7,"Enter_Zone",1
2932.849,"Info","Arena",7,"Exit_Zone",1
2932.849,"Info","Arena",7,"Enter_Zone",2
2932.962,"Info","Arena",7,"Exit_Zone",2
2932.962,"Info","Arena",7,"Enter_Zone",4
2933.117,"Info","Arena",6,"Exit_Zone",2
2933.117,"Info","Arena",6,"Enter_Zone",4
2933.192,"Info","Arena",4,"Exit_Zone",1
2933.192,"Info","Arena",4,"Enter_Zone",4
2933.815,"Info","Arena",2,"Exit_Zone",1
2933.815,"Info","Arena",2,"Enter_Zone",4
2933.892,"Info","Arena",7,"Exit_Zone",4
2933.892,"Info","Arena",7,"Enter_Zone",1
2934.304,"Info","Arena",2,"Exit_Zone",4
2934.304,"Info","Arena",2,"Enter_Zone",3
2934.304,"Info","Arena",4,"Exit_Zone",4
2934.304,"Info","Arena",4,"Enter_Zone",2
2934.347,"Info","Arena",6,"Exit_Zone",4
2934.347,"Info","Arena",6,"Enter_Zone",3
2934.628,"Info","Arena",1,"Exit_Zone",1
2934.628,"Info","Arena",1,"Enter_Zone",4
2934.705,"Info","Arena",1,"Exit_Zone",4
2934.705,"Info","Arena",1,"Enter_Zone",2
2935.656,"Info","Arena",1,"Exit_Zone",2
2935.656,"Info","Arena",1,"Enter_Zone",4
2935.802,"Info","Arena",5,"Exit_Zone",1
2935.802,"Info","Arena",5,"Enter_Zone",4
2935.947,"Info","Arena",1,"Exit_Zone",4
2935.947,"Info","Arena",1,"Enter_Zone",1
2935.979,"Info","Arena",5,"Exit_Zone",4
2935.979,"Info","Arena",5,"Enter_Zone",2
2936.983,"Info","Arena",6,"Exit_Zone",3
2936.983,"Info","Arena",6,"Enter_Zone",4
2938.114,"Info","Arena",4,"Exit_Zone",2
2938.114,"Info","Arena",4,"Enter_Zone",4
2938.231,"Info","Arena",6,"Exit_Zone",4
2938.231,"Info","Arena",6,"Enter_Zone",1
2938.574,"Info","Arena",7,"Exit_Zone",1
2938.574,"Info","Arena",7,"Enter_Zone",4
2938.946,"Info","Arena",4,"Exit_Zone",4
2938.946,"Info","Arena",4,"Enter_Zone",3
2939.217,"Info","Arena",5,"Exit_Zone",2
2939.217,"Info","Arena",5,"Enter_Zone",4
2939.405,"Info","Arena",7,"Exit_Zone",4
2939.405,"Info","Arena",7,"Enter_Zone",3
2939.441,"Info","Arena",7,"Exit_Zone",3
2939.441,"Info","Arena",7,"Enter_Zone",1
2939.551,"Info","Arena",7,"Exit_Zone",1
2939.551,"Info","Arena",7,"Enter_Zone",3
2939.586,"Info","Arena",8,"Exit_Zone",1
2939.586,"Info","Arena",8,"Enter_Zone",4
2939.624,"Info","Arena",5,"Exit_Zone",4
2939.624,"Info","Arena",5,"Enter_Zone",3
2940.914,"Info","Arena",7,"Exit_Zone",3
2940.914,"Info","Arena",7,"Enter_Zone",1
2940.945,"Info","Arena",7,"Exit_Zone",1
2940.945,"Info","Arena",7,"Enter_Zone",3
2941.041,"Info","Arena",7,"Exit_Zone",3
2941.041,"Info","Arena",7,"Enter_Zone",1
2941.070,"Info","Arena",7,"Exit_Zone",1
2941.070,"Info","Arena",7,"Enter_Zone",3
2941.204,"Info","Arena",8,"Exit_Zone",4
2941.204,"Info","Arena",8,"Enter_Zone",3
2941.698,"Info","Arena",7,"Exit_Zone",3
2941.698,"Info","Arena",7,"Enter_Zone",1
2941.856,"Info","Arena",7,"Exit_Zone",1
2941.856,"Info","Arena",7,"Enter_Zone",3
2942.094,"Info","Arena",7,"Exit_Zone",3
2942.094,"Info","Arena",7,"Enter_Zone",1
2942.128,"Info","Arena",7,"Exit_Zone",1
2942.128,"Info","Arena",7,"Enter_Zone",3
2942.444,"Info","Arena",7,"Exit_Zone",3
2942.444,"Info","Arena",7,"Enter_Zone",4
2942.910,"Info","Arena",4,"Exit_Zone",3
2942.910,"Info","Arena",4,"Enter_Zone",4
2943.061,"Info","Arena",5,"Exit_Zone",3
2943.061,"Info","Arena",5,"Enter_Zone",4
2943.061,"Info","Arena",7,"Exit_Zone",4
2943.061,"Info","Arena",7,"Enter_Zone",2
2943.140,"Info","Arena",7,"Exit_Zone",2
2943.140,"Info","Arena",7,"Enter_Zone",1
2943.292,"Info","Arena",2,"Exit_Zone",3
2943.292,"Info","Arena",2,"Enter_Zone",4
2943.366,"Info","Arena",7,"Exit_Zone",1
2943.366,"Info","Arena",7,"Enter_Zone",2
2943.403,"Info","Arena",6,"Exit_Zone",1
2943.403,"Info","Arena",6,"Enter_Zone",4
2943.478,"Info","Arena",2,"Exit_Zone",4
2943.478,"Info","Arena",2,"Enter_Zone",2
2943.696,"Info","Arena",5,"Exit_Zone",4
2943.696,"Info","Arena",5,"Enter_Zone",2
2943.696,"Info","Arena",7,"Exit_Zone",2
2943.696,"Info","Arena",7,"Enter_Zone",1
2943.967,"Info","Arena",7,"Exit_Zone",1
2943.967,"Info","Arena",7,"Enter_Zone",2
2944.105,"Info","Arena",7,"Exit_Zone",2
2944.105,"Info","Arena",7,"Enter_Zone",1
2944.685,"Info","Arena",7,"Exit_Zone",1
2944.685,"Info","Arena",7,"Enter_Zone",2
2944.716,"Info","Arena",7,"Exit_Zone",2
2944.716,"Info","Arena",7,"Enter_Zone",1
2944.815,"Info","Arena",7,"Exit_Zone",1
2944.815,"Info","Arena",7,"Enter_Zone",2
2945.223,"Info","Arena",7,"Exit_Zone",2
2945.223,"Info","Arena",7,"Enter_Zone",1
2945.949,"Info","Arena",7,"Exit_Zone",1
2945.949,"Info","Arena",7,"Enter_Zone",2
2946.122,"Info","Arena",2,"Exit_Zone",2
2946.122,"Info","Arena",2,"Enter_Zone",3
2946.309,"Info","Arena",2,"Exit_Zone",3
2946.309,"Info","Arena",2,"Enter_Zone",2
2946.632,"Info","Arena",6,"Exit_Zone",4
2946.632,"Info","Arena",6,"Enter_Zone",3
2946.742,"Info","Arena",5,"Exit_Zone",2
2946.742,"Info","Arena",5,"Enter_Zone",4
2946.776,"Info","Arena",7,"Exit_Zone",2
2946.776,"Info","Arena",7,"Enter_Zone",4
2946.816,"Info","Arena",8,"Exit_Zone",3
2946.816,"Info","Arena",8,"Enter_Zone",4
2946.887,"Info","Arena",5,"Exit_Zone",4
2946.887,"Info","Arena",5,"Enter_Zone",1
2947.101,"Info","Arena",4,"Exit_Zone",4
2947.101,"Info","Arena",4,"Enter_Zone",3
2947.101,"Info","Arena",7,"Exit_Zone",4
2947.101,"Info","Arena",7,"Enter_Zone",1
2947.133,"Info","Arena",7,"Exit_Zone",1
2947.133,"Info","Arena",7,"Enter_Zone",4
2947.323,"Info","Arena",7,"Exit_Zone",4
2947.323,"Info","Arena",7,"Enter_Zone",3
2947.608,"Info","Arena",2,"Exit_Zone",2
2947.608,"Info","Arena",2,"Enter_Zone",4
2947.748,"Info","Arena",2,"Exit_Zone",4
2947.748,"Info","Arena",2,"Enter_Zone",3
2948.065,"Info","Arena",7,"Exit_Zone",3
2948.065,"Info","Arena",7,"Enter_Zone",1
2948.316,"Info","Arena",5,"Exit_Zone",1
2948.316,"Info","Arena",5,"Enter_Zone",4
2948.823,"Info","Arena",7,"Exit_Zone",1
2948.823,"Info","Arena",7,"Enter_Zone",3
2949.233,"Info","Arena",5,"Exit_Zone",4
2949.233,"Info","Arena",5,"Enter_Zone",3
2949.266,"Info","Arena",7,"Exit_Zone",3
2949.266,"Info","Arena",7,"Enter_Zone",1
2949.425,"Info","Arena",7,"Exit_Zone",1
2949.425,"Info","Arena",7,"Enter_Zone",3
2949.972,"Info","Arena",7,"Exit_Zone",3
2949.972,"Info","Arena",7,"Enter_Zone",4
2950.609,"Info","Arena",7,"Exit_Zone",4
2950.609,"Info","Arena",7,"Enter_Zone",2
2950.868,"Info","Arena",6,"Exit_Zone",3
2950.868,"Info","Arena",6,"Enter_Zone",4
2951.122,"Info","Arena",7,"Exit_Zone",2
2951.122,"Info","Arena",7,"Enter_Zone",1
2951.154,"Info","Arena",7,"Exit_Zone",1
2951.154,"Info","Arena",7,"Enter_Zone",2
2951.242,"Info","Arena",2,"Exit_Zone",3
2951.242,"Info","Arena",2,"Enter_Zone",4
2951.466,"Info","Arena",7,"Exit_Zone",2
2951.466,"Info","Arena",7,"Enter_Zone",1
2951.536,"Info","Arena",7,"Exit_Zone",1
2951.536,"Info","Arena",7,"Enter_Zone",2
2951.688,"Info","Arena",2,"Exit_Zone",4
2951.688,"Info","Arena",2,"Enter_Zone",2
2951.764,"Info","Arena",7,"Exit_Zone",2
2951.764,"Info","Arena",7,"Enter_Zone",1
2952.173,"Info","Arena",6,"Exit_Zone",4
2952.173,"Info","Arena",6,"Enter_Zone",2
2952.368,"Info","Arena",5,"Exit_Zone",3
2952.368,"Info","Arena",5,"Enter_Zone",4
2952.409,"Info","Arena",7,"Exit_Zone",1
2952.409,"Info","Arena",7,"Enter_Zone",2
2952.519,"Info","Arena",7,"Exit_Zone",2
2952.519,"Info","Arena",7,"Enter_Zone",1
2952.669,"Info","Arena",7,"Exit_Zone",1
2952.669,"Info","Arena",7,"Enter_Zone",2
2952.785,"Info","Arena",2,"Exit_Zone",2
2952.785,"Info","Arena",2,"Enter_Zone",3
2952.892,"Info","Arena",7,"Exit_Zone",2
2952.892,"Info","Arena",7,"Enter_Zone",1
2952.999,"Info","Arena",5,"Exit_Zone",4
2952.999,"Info","Arena",5,"Enter_Zone",2
2953.106,"Info","Arena",2,"Exit_Zone",3
2953.106,"Info","Arena",2,"Enter_Zone",2
2953.403,"Info","Arena",7,"Exit_Zone",1
2953.403,"Info","Arena",7,"Enter_Zone",2
2953.615,"Info","Arena",7,"Exit_Zone",2
2953.615,"Info","Arena",7,"Enter_Zone",1
2953.959,"Info","Arena",7,"Exit_Zone",1
2953.959,"Info","Arena",7,"Enter_Zone",2
2954.429,"Info","Arena",8,"Exit_Zone",4
2954.429,"Info","Arena",8,"Enter_Zone",2
2954.464,"Info","Arena",1,"Exit_Zone",1
2954.464,"Info","Arena",1,"Enter_Zone",2
2954.499,"Info","Arena",1,"Exit_Zone",2
2954.499,"Info","Arena",1,"Enter_Zone",1
2954.499,"Info","Arena",7,"Exit_Zone",2
2954.499,"Info","Arena",7,"Enter_Zone",1
2954.797,"Info","Arena",2,"Exit_Zone",2
2954.797,"Info","Arena",2,"Enter_Zone",3
2954.899,"Info","Arena",4,"Exit_Zone",3
2954.899,"Info","Arena",4,"Enter_Zone",4
2955.033,"Info","Arena",2,"Exit_Zone",3
2955.033,"Info","Arena",2,"Enter_Zone",2
2955.067,"Info","Arena",2,"Exit_Zone",2
2955.067,"Info","Arena",2,"Enter_Zone",3
2955.101,"Info","Arena",3,"Exit_Zone",2
2955.101,"Info","Arena",3,"Enter_Zone",4
2955.168,"Info","Arena",2,"Exit_Zone",3
2955.168,"Info","Arena",2,"Enter_Zone",2
2955.282,"Info","Arena",3,"Exit_Zone",4
2955.282,"Info","Arena",3,"Enter_Zone",1
2955.282,"Info","Arena",7,"Exit_Zone",1
2955.282,"Info","Arena",7,"Enter_Zone",2
2955.669,"Info","Arena",7,"Exit_Zone",2
2955.669,"Info","Arena",7,"Enter_Zone",1
2955.740,"Info","Arena",7,"Exit_Zone",1
2955.740,"Info","Arena",7,"Enter_Zone",2
2955.809,"Info","Arena",7,"Exit_Zone",2
2955.809,"Info","Arena",7,"Enter_Zone",1
2956.238,"Info","Arena",3,"Exit_Zone",1
2956.238,"Info","Arena",3,"Enter_Zone",4
2956.238,"Info","Arena",5,"Exit_Zone",2
2956.238,"Info","Arena",5,"Enter_Zone",4
2956.271,"Info","Arena",2,"Exit_Zone",2
2956.271,"Info","Arena",2,"Enter_Zone",4
2956.307,"Info","Arena",7,"Exit_Zone",1
2956.307,"Info","Arena",7,"Enter_Zone",2
2956.342,"Info","Arena",3,"Exit_Zone",4
2956.342,"Info","Arena",3,"Enter_Zone",3
2956.523,"Info","Arena",5,"Exit_Zone",4
2956.523,"Info","Arena",5,"Enter_Zone",1
2956.557,"Info","Arena",2,"Exit_Zone",4
2956.557,"Info","Arena",2,"Enter_Zone",3
2956.629,"Info","Arena",7,"Exit_Zone",2
2956.629,"Info","Arena",7,"Enter_Zone",1
2956.665,"Info","Arena",7,"Exit_Zone",1
2956.665,"Info","Arena",7,"Enter_Zone",2
2956.921,"Info","Arena",3,"Exit_Zone",3
2956.921,"Info","Arena",3,"Enter_Zone",4
2956.921,"Info","Arena",7,"Exit_Zone",2
2956.921,"Info","Arena",7,"Enter_Zone",1
2956.956,"Info","Arena",7,"Exit_Zone",1
2956.956,"Info","Arena",7,"Enter_Zone",4
2957.030,"Info","Arena",3,"Exit_Zone",4
2957.030,"Info","Arena",3,"Enter_Zone",1
2957.355,"Info","Arena",4,"Exit_Zone",4
2957.355,"Info","Arena",4,"Enter_Zone",1
2957.529,"Info","Arena",7,"Exit_Zone",4
2957.529,"Info","Arena",7,"Enter_Zone",1
2959.628,"Info","Arena",6,"Exit_Zone",2
2959.628,"Info","Arena",6,"Enter_Zone",4
2960.488,"Info","Arena",3,"Exit_Zone",1
2960.488,"Info","Arena",3,"Enter_Zone",4
2960.558,"Info","Arena",3,"Exit_Zone",4
2960.558,"Info","Arena",3,"Enter_Zone",1
2960.629,"Info","Arena",6,"Exit_Zone",4
2960.629,"Info","Arena",6,"Enter_Zone",1
2960.699,"Info","Arena",2,"Exit_Zone",3
2960.699,"Info","Arena",2,"Enter_Zone",4
2960.802,"Info","Arena",2,"Exit_Zone",4
2960.802,"Info","Arena",2,"Enter_Zone",2
2961.369,"Info","Arena",2,"Exit_Zone",2
2961.369,"Info","Arena",2,"Enter_Zone",3
2961.434,"Info","Arena",2,"Exit_Zone",3
2961.434,"Info","Arena",2,"Enter_Zone",2
2961.814,"Info","Arena",2,"Exit_Zone",2
2961.814,"Info","Arena",2,"Enter_Zone",3
2961.848,"Info","Arena",2,"Exit_Zone",3
2961.848,"Info","Arena",2,"Enter_Zone",2
2962.122,"Info","Arena",5,"Exit_Zone",1
2962.122,"Info","Arena",5,"Enter_Zone",4
2962.156,"Info","Arena",5,"Exit_Zone",4
2962.156,"Info","Arena",5,"Enter_Zone",1
2962.189,"Info","Arena",5,"Exit_Zone",1
2962.189,"Info","Arena",5,"Enter_Zone",4
2962.553,"Info","Arena",7,"Exit_Zone",1
2962.553,"Info","Arena",7,"Enter_Zone",4
2962.662,"Info","Arena",2,"Exit_Zone",2
2962.662,"Info","Arena",2,"Enter_Zone",3
2962.730,"Info","Arena",2,"Exit_Zone",3
2962.730,"Info","Arena",2,"Enter_Zone",2
2962.765,"Info","Arena",2,"Exit_Zone",2
2962.765,"Info","Arena",2,"Enter_Zone",3
2962.799,"Info","Arena",2,"Exit_Zone",3
2962.799,"Info","Arena",2,"Enter_Zone",2
2962.799,"Info","Arena",7,"Exit_Zone",4
2962.799,"Info","Arena",7,"Enter_Zone",3
2962.833,"Info","Arena",7,"Exit_Zone",3
2962.833,"Info","Arena",7,"Enter_Zone",1
2962.868,"Info","Arena",7,"Exit_Zone",1
2962.868,"Info","Arena",7,"Enter_Zone",3
2963.072,"Info","Arena",5,"Exit_Zone",4
2963.072,"Info","Arena",5,"Enter_Zone",1
2963.391,"Info","Arena",7,"Exit_Zone",3
2963.391,"Info","Arena",7,"Enter_Zone",1
2963.427,"Info","Arena",7,"Exit_Zone",1
2963.427,"Info","Arena",7,"Enter_Zone",3
2963.529,"Info","Arena",5,"Exit_Zone",1
2963.529,"Info","Arena",5,"Enter_Zone",4
2963.567,"Info","Arena",7,"Exit_Zone",3
2963.567,"Info","Arena",7,"Enter_Zone",1
2963.763,"Info","Arena",7,"Exit_Zone",1
2963.763,"Info","Arena",7,"Enter_Zone",3
2963.999,"Info","Arena",5,"Exit_Zone",4
2963.999,"Info","Arena",5,"Enter_Zone",2
2964.521,"Info","Arena",2,"Exit_Zone",2
2964.521,"Info","Arena",2,"Enter_Zone",3
2964.592,"Info","Arena",7,"Exit_Zone",3
2964.592,"Info","Arena",7,"Enter_Zone",1
2964.659,"Info","Arena",7,"Exit_Zone",1
2964.659,"Info","Arena",7,"Enter_Zone",3
2965.151,"Info","Arena",7,"Exit_Zone",3
2965.151,"Info","Arena",7,"Enter_Zone",1
2965.433,"Info","Arena",6,"Exit_Zone",1
2965.433,"Info","Arena",6,"Enter_Zone",4
2965.433,"Info","Arena",7,"Exit_Zone",1
2965.433,"Info","Arena",7,"Enter_Zone",3
2965.791,"Info","Arena",2,"Exit_Zone",3
2965.791,"Info","Arena",2,"Enter_Zone",2
2965.936,"Info","Arena",2,"Exit_Zone",2
2965.936,"Info","Arena",2,"Enter_Zone",3
2966.184,"Info","Arena",2,"Exit_Zone",3
2966.184,"Info","Arena",2,"Enter_Zone",2
2966.270,"Info","Arena",2,"Exit_Zone",2
2966.270,"Info","Arena",2,"Enter_Zone",3
2966.306,"Info","Arena",7,"Exit_Zone",3
2966.306,"Info","Arena",7,"Enter_Zone",4
2966.522,"Info","Arena",2,"Exit_Zone",3
2966.522,"Info","Arena",2,"Enter_Zone",2
2966.773,"Info","Arena",1,"Exit_Zone",1
2966.773,"Info","Arena",1,"Enter_Zone",4
2966.809,"Info","Arena",7,"Exit_Zone",4
2966.809,"Info","Arena",7,"Enter_Zone",2
2967.241,"Info","Arena",1,"Exit_Zone",4
2967.241,"Info","Arena",1,"Enter_Zone",3
2967.512,"Info","Arena",6,"Exit_Zone",4
2967.512,"Info","Arena",6,"Enter_Zone",3
2967.666,"Info","Arena",2,"Exit_Zone",2
2967.666,"Info","Arena",2,"Enter_Zone",4
2967.925,"Info","Arena",7,"Exit_Zone",2
2967.925,"Info","Arena",7,"Enter_Zone",1
2967.963,"Info","Arena",2,"Exit_Zone",4
2967.963,"Info","Arena",2,"Enter_Zone",3
2968.033,"Info","Arena",8,"Exit_Zone",2
2968.033,"Info","Arena",8,"Enter_Zone",4
2968.142,"Info","Arena",8,"Exit_Zone",4
2968.142,"Info","Arena",8,"Enter_Zone",2
2968.224,"Info","Arena",7,"Exit_Zone",1
2968.224,"Info","Arena",7,"Enter_Zone",2
2968.258,"Info","Arena",8,"Exit_Zone",2
2968.258,"Info","Arena",8,"Enter_Zone",4
2968.331,"Info","Arena",6,"Exit_Zone",3
2968.331,"Info","Arena",6,"Enter_Zone",4
2968.620,"Info","Arena",6,"Exit_Zone",4
2968.620,"Info","Arena",6,"Enter_Zone",1
2968.620,"Info","Arena",7,"Exit_Zone",2
2968.620,"Info","Arena",7,"Enter_Zone",1
2968.982,"Info","Arena",1,"Exit_Zone",3
2968.982,"Info","Arena",1,"Enter_Zone",4
2969.016,"Info","Arena",7,"Exit_Zone",1
2969.016,"Info","Arena",7,"Enter_Zone",2
2969.192,"Info","Arena",1,"Exit_Zone",4
2969.192,"Info","Arena",1,"Enter_Zone",1
2969.338,"Info","Arena",8,"Exit_Zone",4
2969.338,"Info","Arena",8,"Enter_Zone",1
2969.506,"Info","Arena",7,"Exit_Zone",2
2969.506,"Info","Arena",7,"Enter_Zone",4
2969.965,"Info","Arena",7,"Exit_Zone",4
2969.965,"Info","Arena",7,"Enter_Zone",1
2971.916,"Info","Arena",2,"Exit_Zone",3
2971.916,"Info","Arena",2,"Enter_Zone",4
2971.988,"Info","Arena",4,"Exit_Zone",1
2971.988,"Info","Arena",4,"Enter_Zone",4
2972.401,"Info","Arena",2,"Exit_Zone",4
2972.401,"Info","Arena",2,"Enter_Zone",2
2972.729,"Info","Arena",5,"Exit_Zone",2
2972.729,"Info","Arena",5,"Enter_Zone",4
2973.704,"Info","Arena",6,"Exit_Zone",1
2973.704,"Info","Arena",6,"Enter_Zone",4
2973.888,"Info","Arena",2,"Exit_Zone",2
2973.888,"Info","Arena",2,"Enter_Zone",3
2974.030,"Info","Arena",7,"Exit_Zone",1
2974.030,"Info","Arena",7,"Enter_Zone",4
2974.288,"Info","Arena",5,"Exit_Zone",4
2974.288,"Info","Arena",5,"Enter_Zone",1
2974.288,"Info","Arena",6,"Exit_Zone",4
2974.288,"Info","Arena",6,"Enter_Zone",3
2974.537,"Info","Arena",2,"Exit_Zone",3
2974.537,"Info","Arena",2,"Enter_Zone",2
2974.683,"Info","Arena",7,"Exit_Zone",4
2974.683,"Info","Arena",7,"Enter_Zone",3
2975.627,"Info","Arena",7,"Exit_Zone",3
2975.627,"Info","Arena",7,"Enter_Zone",1
2975.662,"Info","Arena",7,"Exit_Zone",1
2975.662,"Info","Arena",7,"Enter_Zone",3
2975.908,"Info","Arena",7,"Exit_Zone",3
2975.908,"Info","Arena",7,"Enter_Zone",1
2976.011,"Info","Arena",7,"Exit_Zone",1
2976.011,"Info","Arena",7,"Enter_Zone",3
2976.263,"Info","Arena",2,"Exit_Zone",2
2976.263,"Info","Arena",2,"Enter_Zone",4
2976.368,"Info","Arena",7,"Exit_Zone",3
2976.368,"Info","Arena",7,"Enter_Zone",1
2976.510,"Info","Arena",7,"Exit_Zone",1
2976.510,"Info","Arena",7,"Enter_Zone",3
2976.757,"Info","Arena",6,"Exit_Zone",3
2976.757,"Info","Arena",6,"Enter_Zone",4
2976.865,"Info","Arena",2,"Exit_Zone",4
2976.865,"Info","Arena",2,"Enter_Zone",1
2977.152,"Info","Arena",7,"Exit_Zone",3
2977.152,"Info","Arena",7,"Enter_Zone",1
2977.884,"Info","Arena",7,"Exit_Zone",1
2977.884,"Info","Arena",7,"Enter_Zone",3
2977.919,"Info","Arena",7,"Exit_Zone",3
2977.919,"Info","Arena",7,"Enter_Zone",1
2977.952,"Info","Arena",7,"Exit_Zone",1
2977.952,"Info","Arena",7,"Enter_Zone",3
2978.064,"Info","Arena",7,"Exit_Zone",3
2978.064,"Info","Arena",7,"Enter_Zone",4
2978.139,"Info","Arena",6,"Exit_Zone",4
2978.139,"Info","Arena",6,"Enter_Zone",2
2978.228,"Info","Arena",7,"Exit_Zone",4
2978.228,"Info","Arena",7,"Enter_Zone",2
2979.076,"Info","Arena",7,"Exit_Zone",2
2979.076,"Info","Arena",7,"Enter_Zone",1
2979.151,"Info","Arena",5,"Exit_Zone",1
2979.151,"Info","Arena",5,"Enter_Zone",4
2979.360,"Info","Arena",7,"Exit_Zone",1
2979.360,"Info","Arena",7,"Enter_Zone",2
2979.398,"Info","Arena",7,"Exit_Zone",2
2979.398,"Info","Arena",7,"Enter_Zone",1
2979.432,"Info","Arena",7,"Exit_Zone",1
2979.432,"Info","Arena",7,"Enter_Zone",2
2979.472,"Info","Arena",7,"Exit_Zone",2
2979.472,"Info","Arena",7,"Enter_Zone",1
2979.892,"Info","Arena",4,"Exit_Zone",4
2979.892,"Info","Arena",4,"Enter_Zone",3
2980.040,"Info","Arena",7,"Exit_Zone",1
2980.040,"Info","Arena",7,"Enter_Zone",2
2980.332,"Info","Arena",2,"Exit_Zone",1
2980.332,"Info","Arena",2,"Enter_Zone",3
2980.438,"Info","Arena",5,"Exit_Zone",4
2980.438,"Info","Arena",5,"Enter_Zone",3
2980.438,"Info","Arena",7,"Exit_Zone",2
2980.438,"Info","Arena",7,"Enter_Zone",1
2980.474,"Info","Arena",7,"Exit_Zone",1
2980.474,"Info","Arena",7,"Enter_Zone",2
2980.821,"Info","Arena",2,"Exit_Zone",3
2980.821,"Info","Arena",2,"Enter_Zone",1
2980.893,"Info","Arena",7,"Exit_Zone",2
2980.893,"Info","Arena",7,"Enter_Zone",1
2981.219,"Info","Arena",7,"Exit_Zone",1
2981.219,"Info","Arena",7,"Enter_Zone",2
2981.359,"Info","Arena",6,"Exit_Zone",2
2981.359,"Info","Arena",6,"Enter_Zone",4
2981.359,"Info","Arena",7,"Exit_Zone",2
2981.359,"Info","Arena",7,"Enter_Zone",1
2981.644,"Info","Arena",2,"Exit_Zone",1
2981.644,"Info","Arena",2,"Enter_Zone",4
2981.895,"Info","Arena",6,"Exit_Zone",4
2981.895,"Info","Arena",6,"Enter_Zone",1
2981.932,"Info","Arena",7,"Exit_Zone",1
2981.932,"Info","Arena",7,"Enter_Zone",2
2982.436,"Info","Arena",2,"Exit_Zone",4
2982.436,"Info","Arena",2,"Enter_Zone",3
2982.772,"Info","Arena",7,"Exit_Zone",2
2982.772,"Info","Arena",7,"Enter_Zone",1
2982.880,"Info","Arena",7,"Exit_Zone",1
2982.880,"Info","Arena",7,"Enter_Zone",2
2983.054,"Info","Arena",4,"Exit_Zone",3
2983.054,"Info","Arena",4,"Enter_Zone",4
2983.054,"Info","Arena",7,"Exit_Zone",2
2983.054,"Info","Arena",7,"Enter_Zone",1
2983.122,"Info","Arena",4,"Exit_Zone",4
2983.122,"Info","Arena",4,"Enter_Zone",3
2983.156,"Info","Arena",4,"Exit_Zone",3
2983.156,"Info","Arena",4,"Enter_Zone",4
2984.621,"Info","Arena",7,"Exit_Zone",1
2984.621,"Info","Arena",7,"Enter_Zone",2
2985.073,"Info","Arena",5,"Exit_Zone",3
2985.073,"Info","Arena",5,"Enter_Zone",4
2985.140,"Info","Arena",7,"Exit_Zone",2
2985.140,"Info","Arena",7,"Enter_Zone",1
2985.173,"Info","Arena",7,"Exit_Zone",1
2985.173,"Info","Arena",7,"Enter_Zone",2
2985.458,"Info","Arena",7,"Exit_Zone",2
2985.458,"Info","Arena",7,"Enter_Zone",1
2985.598,"Info","Arena",7,"Exit_Zone",1
2985.598,"Info","Arena",7,"Enter_Zone",2
2985.807,"Info","Arena",7,"Exit_Zone",2
2985.807,"Info","Arena",7,"Enter_Zone",1
2986.019,"Info","Arena",5,"Exit_Zone",4
2986.019,"Info","Arena",5,"Enter_Zone",1
2986.056,"Info","Arena",7,"Exit_Zone",1
2986.056,"Info","Arena",7,"Enter_Zone",2
2986.094,"Info","Arena",4,"Exit_Zone",4
2986.094,"Info","Arena",4,"Enter_Zone",3
2986.131,"Info","Arena",5,"Exit_Zone",1
2986.131,"Info","Arena",5,"Enter_Zone",4
2986.453,"Info","Arena",7,"Exit_Zone",2
2986.453,"Info","Arena",7,"Enter_Zone",1
2986.489,"Info","Arena",2,"Exit_Zone",3
2986.489,"Info","Arena",2,"Enter_Zone",4
2986.489,"Info","Arena",5,"Exit_Zone",4
2986.489,"Info","Arena",5,"Enter_Zone",3
2986.489,"Info","Arena",7,"Exit_Zone",1
2986.489,"Info","Arena",7,"Enter_Zone",2
2986.761,"Info","Arena",2,"Exit_Zone",4
2986.761,"Info","Arena",2,"Enter_Zone",2
2987.097,"Info","Arena",7,"Exit_Zone",2
2987.097,"Info","Arena",7,"Enter_Zone",1
2987.910,"Info","Arena",2,"Exit_Zone",2
2987.910,"Info","Arena",2,"Enter_Zone",3
2988.359,"Info","Arena",2,"Exit_Zone",3
2988.359,"Info","Arena",2,"Enter_Zone",2
2988.359,"Info","Arena",7,"Exit_Zone",1
2988.359,"Info","Arena",7,"Enter_Zone",2
2988.615,"Info","Arena",7,"Exit_Zone",2
2988.615,"Info","Arena",7,"Enter_Zone",4
2988.911,"Info","Arena",7,"Exit_Zone",4
2988.911,"Info","Arena",7,"Enter_Zone",1
2989.556,"Info","Arena",3,"Exit_Zone",1
2989.556,"Info","Arena",3,"Enter_Zone",4
2989.702,"Info","Arena",3,"Exit_Zone",4
2989.702,"Info","Arena",3,"Enter_Zone",2
2989.775,"Info","Arena",2,"Exit_Zone",2
2989.775,"Info","Arena",2,"Enter_Zone",4
2989.923,"Info","Arena",3,"Exit_Zone",2
2989.923,"Info","Arena",3,"Enter_Zone",4
2990.117,"Info","Arena",3,"Exit_Zone",4
2990.117,"Info","Arena",3,"Enter_Zone",1
2990.273,"Info","Arena",2,"Exit_Zone",4
2990.273,"Info","Arena",2,"Enter_Zone",1
2990.457,"Info","Arena",4,"Exit_Zone",3
2990.457,"Info","Arena",4,"Enter_Zone",4
2990.495,"Info","Arena",4,"Exit_Zone",4
2990.495,"Info","Arena",4,"Enter_Zone",3
2990.827,"Info","Arena",2,"Exit_Zone",1
2990.827,"Info","Arena",2,"Enter_Zone",3
2990.862,"Info","Arena",8,"Exit_Zone",1
2990.862,"Info","Arena",8,"Enter_Zone",4
2991.179,"Info","Arena",2,"Exit_Zone",3
2991.179,"Info","Arena",2,"Enter_Zone",1
2992.560,"Info","Arena",7,"Exit_Zone",1
2992.560,"Info","Arena",7,"Enter_Zone",4
2992.630,"Info","Arena",7,"Exit_Zone",4
2992.630,"Info","Arena",7,"Enter_Zone",1
2992.664,"Info","Arena",7,"Exit_Zone",1
2992.664,"Info","Arena",7,"Enter_Zone",4
2993.201,"Info","Arena",4,"Exit_Zone",3
2993.201,"Info","Arena",4,"Enter_Zone",4
2993.351,"Info","Arena",8,"Exit_Zone",4
2993.351,"Info","Arena",8,"Enter_Zone",1
2993.388,"Info","Arena",8,"Exit_Zone",1
2993.388,"Info","Arena",8,"Enter_Zone",4
2993.428,"Info","Arena",7,"Exit_Zone",4
2993.428,"Info","Arena",7,"Enter_Zone",3
2993.428,"Info","Arena",8,"Exit_Zone",4
2993.428,"Info","Arena",8,"Enter_Zone",1
2993.616,"Info","Arena",8,"Exit_Zone",1
2993.616,"Info","Arena",8,"Enter_Zone",4
2993.752,"Info","Arena",8,"Exit_Zone",4
2993.752,"Info","Arena",8,"Enter_Zone",1
2993.820,"Info","Arena",8,"Exit_Zone",1
2993.820,"Info","Arena",8,"Enter_Zone",4
2993.892,"Info","Arena",4,"Exit_Zone",4
2993.892,"Info","Arena",4,"Enter_Zone",1
2993.929,"Info","Arena",2,"Exit_Zone",1
2993.929,"Info","Arena",2,"Enter_Zone",3
2994.002,"Info","Arena",2,"Exit_Zone",3
2994.002,"Info","Arena",2,"Enter_Zone",1
2994.002,"Info","Arena",8,"Exit_Zone",4
2994.002,"Info","Arena",8,"Enter_Zone",1
2994.038,"Info","Arena",8,"Exit_Zone",1
2994.038,"Info","Arena",8,"Enter_Zone",4
2994.075,"Info","Arena",2,"Exit_Zone",1
2994.075,"Info","Arena",2,"Enter_Zone",3
2994.146,"Info","Arena",8,"Exit_Zone",4
2994.146,"Info","Arena",8,"Enter_Zone",2
2994.383,"Info","Arena",2,"Exit_Zone",3
2994.383,"Info","Arena",2,"Enter_Zone",1
2994.417,"Info","Arena",2,"Exit_Zone",1
2994.417,"Info","Arena",2,"Enter_Zone",3
2994.447,"Info","Arena",2,"Exit_Zone",3
2994.447,"Info","Arena",2,"Enter_Zone",1
2994.617,"Info","Arena",7,"Exit_Zone",3
2994.617,"Info","Arena",7,"Enter_Zone",1
2994.888,"Info","Arena",7,"Exit_Zone",1
2994.888,"Info","Arena",7,"Enter_Zone",3
2995.390,"Info","Arena",2,"Exit_Zone",1
2995.390,"Info","Arena",2,"Enter_Zone",4
2995.707,"Info","Arena",7,"Exit_Zone",3
2995.707,"Info","Arena",7,"Enter_Zone",4
2995.949,"Info","Arena",2,"Exit_Zone",4
2995.949,"Info","Arena",2,"Enter_Zone",3
2996.280,"Info","Arena",7,"Exit_Zone",4
2996.280,"Info","Arena",7,"Enter_Zone",2
2996.883,"Info","Arena",7,"Exit_Zone",2
2996.883,"Info","Arena",7,"Enter_Zone",1
2997.190,"Info","Arena",4,"Exit_Zone",1
2997.190,"Info","Arena",4,"Enter_Zone",4
2997.368,"Info","Arena",7,"Exit_Zone",1
2997.368,"Info","Arena",7,"Enter_Zone",2
2997.577,"Info","Arena",7,"Exit_Zone",2
2997.577,"Info","Arena",7,"Enter_Zone",1
2997.799,"Info","Arena",7,"Exit_Zone",1
2997.799,"Info","Arena",7,"Enter_Zone",2
2998.059,"Info","Arena",7,"Exit_Zone",2
2998.059,"Info","Arena",7,"Enter_Zone",1
2998.093,"Info","Arena",7,"Exit_Zone",1
2998.093,"Info","Arena",7,"Enter_Zone",2
2998.270,"Info","Arena",7,"Exit_Zone",2
2998.270,"Info","Arena",7,"Enter_Zone",1
2998.369,"Info","Arena",7,"Exit_Zone",1
2998.369,"Info","Arena",7,"Enter_Zone",2
2998.633,"Info","Arena",7,"Exit_Zone",2
2998.633,"Info","Arena",7,"Enter_Zone",1
2998.664,"Info","Arena",7,"Exit_Zone",1
2998.664,"Info","Arena",7,"Enter_Zone",2
2998.765,"Info","Arena",4,"Exit_Zone",4
2998.765,"Info","Arena",4,"Enter_Zone",1
2998.765,"Info","Arena",7,"Exit_Zone",2
2998.765,"Info","Arena",7,"Enter_Zone",1
2998.797,"Info","Arena",4,"Exit_Zone",1
2998.797,"Info","Arena",4,"Enter_Zone",4
2998.797,"Info","Arena",8,"Exit_Zone",2
2998.797,"Info","Arena",8,"Enter_Zone",4
2998.830,"Info","Arena",4,"Exit_Zone",4
2998.830,"Info","Arena",4,"Enter_Zone",1
2998.864,"Info","Arena",4,"Exit_Zone",1
2998.864,"Info","Arena",4,"Enter_Zone",4
2998.898,"Info","Arena",4,"Exit_Zone",4
2998.898,"Info","Arena",4,"Enter_Zone",1
2998.898,"Info","Arena",8,"Exit_Zone",4
2998.898,"Info","Arena",8,"Enter_Zone",2
2998.930,"Info","Arena",8,"Exit_Zone",2
2998.930,"Info","Arena",8,"Enter_Zone",4
2999.281,"Info","Arena",7,"Exit_Zone",1
2999.281,"Info","Arena",7,"Enter_Zone",2
2999.489,"Info","Arena",7,"Exit_Zone",2
2999.489,"Info","Arena",7,"Enter_Zone",1
2999.593,"Info","Arena",7,"Exit_Zone",1
2999.593,"Info","Arena",7,"Enter_Zone",2
2999.665,"Info","Arena",7,"Exit_Zone",2
2999.665,"Info","Arena",7,"Enter_Zone",4
2999.809,"Info","Arena",2,"Exit_Zone",3
2999.809,"Info","Arena",2,"Enter_Zone",4
2999.919,"Info","Arena",7,"Exit_Zone",4
2999.919,"Info","Arena",7,"Enter_Zone",1
3000.069,"Info","Arena",2,"Exit_Zone",4
3000.069,"Info","Arena",2,"Enter_Zone",2
3000.108,"Info","Arena",8,"Exit_Zone",4
3000.108,"Info","Arena",8,"Enter_Zone",2
3001.252,"Info","Arena",2,"Exit_Zone",2
3001.252,"Info","Arena",2,"Enter_Zone",3
3001.352,"Info","Arena",6,"Exit_Zone",1
3001.352,"Info","Arena",6,"Enter_Zone",4
3002.357,"Info","Arena",2,"Exit_Zone",3
3002.357,"Info","Arena",2,"Enter_Zone",2
3002.763,"Info","Arena",6,"Exit_Zone",4
3002.763,"Info","Arena",6,"Enter_Zone",3
3003.904,"Info","Arena",2,"Exit_Zone",2
3003.904,"Info","Arena",2,"Enter_Zone",4
3004.460,"Info","Arena",2,"Exit_Zone",4
3004.460,"Info","Arena",2,"Enter_Zone",3
3004.903,"Info","Arena",1,"Exit_Zone",1
3004.903,"Info","Arena",1,"Enter_Zone",4
3004.946,"Info","Arena",6,"Exit_Zone",3
3004.946,"Info","Arena",6,"Enter_Zone",4
3005.138,"Info","Arena",1,"Exit_Zone",4
3005.138,"Info","Arena",1,"Enter_Zone",3
3005.601,"Info","Arena",6,"Exit_Zone",4
3005.601,"Info","Arena",6,"Enter_Zone",2
3007.336,"Info","Arena",8,"Exit_Zone",2
3007.336,"Info","Arena",8,"Enter_Zone",4
3007.438,"Info","Arena",8,"Exit_Zone",4
3007.438,"Info","Arena",8,"Enter_Zone",2
3007.832,"Info","Arena",1,"Exit_Zone",3
3007.832,"Info","Arena",1,"Enter_Zone",2
3007.902,"Info","Arena",1,"Exit_Zone",2
3007.902,"Info","Arena",1,"Enter_Zone",3
3008.303,"Info","Arena",1,"Exit_Zone",3
3008.303,"Info","Arena",1,"Enter_Zone",4
3008.511,"Info","Arena",8,"Exit_Zone",2
3008.511,"Info","Arena",8,"Enter_Zone",4
3008.757,"Info","Arena",1,"Exit_Zone",4
3008.757,"Info","Arena",1,"Enter_Zone",2
3008.861,"Info","Arena",1,"Exit_Zone",2
3008.861,"Info","Arena",1,"Enter_Zone",4
3008.968,"Info","Arena",1,"Exit_Zone",4
3008.968,"Info","Arena",1,"Enter_Zone",1
3009.274,"Info","Arena",8,"Exit_Zone",4
3009.274,"Info","Arena",8,"Enter_Zone",1
3010.970,"Info","Arena",6,"Exit_Zone",2
3010.970,"Info","Arena",6,"Enter_Zone",4
3011.350,"Info","Arena",2,"Exit_Zone",3
3011.350,"Info","Arena",2,"Enter_Zone",4
3011.454,"Info","Arena",1,"Exit_Zone",1
3011.454,"Info","Arena",1,"Enter_Zone",4
3011.765,"Info","Arena",1,"Exit_Zone",4
3011.765,"Info","Arena",1,"Enter_Zone",1
3011.765,"Info","Arena",2,"Exit_Zone",4
3011.765,"Info","Arena",2,"Enter_Zone",2
3012.296,"Info","Arena",6,"Exit_Zone",4
3012.296,"Info","Arena",6,"Enter_Zone",1
3013.152,"Info","Arena",4,"Exit_Zone",1
3013.152,"Info","Arena",4,"Enter_Zone",4
3013.951,"Info","Arena",2,"Exit_Zone",2
3013.951,"Info","Arena",2,"Enter_Zone",4
3014.061,"Info","Arena",2,"Exit_Zone",4
3014.061,"Info","Arena",2,"Enter_Zone",3
3015.025,"Info","Arena",4,"Exit_Zone",4
3015.025,"Info","Arena",4,"Enter_Zone",2
3016.841,"Info","Arena",6,"Exit_Zone",1
3016.841,"Info","Arena",6,"Enter_Zone",4
3017.103,"Info","Arena",2,"Exit_Zone",3
3017.103,"Info","Arena",2,"Enter_Zone",4
3017.741,"Info","Arena",2,"Exit_Zone",4
3017.741,"Info","Arena",2,"Enter_Zone",2
3018.003,"Info","Arena",6,"Exit_Zone",4
3018.003,"Info","Arena",6,"Enter_Zone",1
3018.113,"Info","Arena",4,"Exit_Zone",2
3018.113,"Info","Arena",4,"Enter_Zone",4
3018.151,"Info","Arena",8,"Exit_Zone",1
3018.151,"Info","Arena",8,"Enter_Zone",4
3018.314,"Info","Arena",4,"Exit_Zone",4
3018.314,"Info","Arena",4,"Enter_Zone",3
3018.818,"Info","Arena",8,"Exit_Zone",4
3018.818,"Info","Arena",8,"Enter_Zone",1
3018.853,"Info","Arena",3,"Exit_Zone",1
3018.853,"Info","Arena",3,"Enter_Zone",4
3019.261,"Info","Arena",4,"Exit_Zone",3
3019.261,"Info","Arena",4,"Enter_Zone",4
3019.294,"Info","Arena",2,"Exit_Zone",2
3019.294,"Info","Arena",2,"Enter_Zone",3
3019.590,"Info","Arena",2,"Exit_Zone",3
3019.590,"Info","Arena",2,"Enter_Zone",2
3019.862,"Info","Arena",3,"Exit_Zone",4
3019.862,"Info","Arena",3,"Enter_Zone",3
3022.146,"Info","Arena",4,"Exit_Zone",4
3022.146,"Info","Arena",4,"Enter_Zone",1
3022.548,"Info","Arena",3,"Exit_Zone",3
3022.548,"Info","Arena",3,"Enter_Zone",4
3023.315,"Info","Arena",2,"Exit_Zone",2
3023.315,"Info","Arena",2,"Enter_Zone",4
3023.352,"Info","Arena",2,"Exit_Zone",4
3023.352,"Info","Arena",2,"Enter_Zone",3
3023.352,"Info","Arena",3,"Exit_Zone",4
3023.352,"Info","Arena",3,"Enter_Zone",1
3023.466,"Info","Arena",7,"Exit_Zone",1
3023.466,"Info","Arena",7,"Enter_Zone",4
3023.760,"Info","Arena",7,"Exit_Zone",4
3023.760,"Info","Arena",7,"Enter_Zone",3
3023.797,"Info","Arena",7,"Exit_Zone",3
3023.797,"Info","Arena",7,"Enter_Zone",1
3023.831,"Info","Arena",7,"Exit_Zone",1
3023.831,"Info","Arena",7,"Enter_Zone",3
3024.273,"Info","Arena",7,"Exit_Zone",3
3024.273,"Info","Arena",7,"Enter_Zone",1
3024.629,"Info","Arena",7,"Exit_Zone",1
3024.629,"Info","Arena",7,"Enter_Zone",3
3024.999,"Info","Arena",3,"Exit_Zone",1
3024.999,"Info","Arena",3,"Enter_Zone",4
3025.614,"Info","Arena",3,"Exit_Zone",4
3025.614,"Info","Arena",3,"Enter_Zone",3
3025.684,"Info","Arena",7,"Exit_Zone",3
3025.684,"Info","Arena",7,"Enter_Zone",1
3025.758,"Info","Arena",7,"Exit_Zone",1
3025.758,"Info","Arena",7,"Enter_Zone",3
3025.834,"Info","Arena",7,"Exit_Zone",3
3025.834,"Info","Arena",7,"Enter_Zone",1
3026.019,"Info","Arena",7,"Exit_Zone",1
3026.019,"Info","Arena",7,"Enter_Zone",3
3026.099,"Info","Arena",7,"Exit_Zone",3
3026.099,"Info","Arena",7,"Enter_Zone",1
3026.443,"Info","Arena",7,"Exit_Zone",1
3026.443,"Info","Arena",7,"Enter_Zone",3
3026.590,"Info","Arena",7,"Exit_Zone",3
3026.590,"Info","Arena",7,"Enter_Zone",1
3026.661,"Info","Arena",7,"Exit_Zone",1
3026.661,"Info","Arena",7,"Enter_Zone",3
3027.010,"Info","Arena",7,"Exit_Zone",3
3027.010,"Info","Arena",7,"Enter_Zone",1
3027.117,"Info","Arena",7,"Exit_Zone",1
3027.117,"Info","Arena",7,"Enter_Zone",3
3027.273,"Info","Arena",7,"Exit_Zone",3
3027.273,"Info","Arena",7,"Enter_Zone",1
3027.382,"Info","Arena",7,"Exit_Zone",1
3027.382,"Info","Arena",7,"Enter_Zone",3
3027.868,"Info","Arena",7,"Exit_Zone",3
3027.868,"Info","Arena",7,"Enter_Zone",1
3028.107,"Info","Arena",4,"Exit_Zone",1
3028.107,"Info","Arena",4,"Enter_Zone",4
3028.562,"Info","Arena",7,"Exit_Zone",1
3028.562,"Info","Arena",7,"Enter_Zone",3
3028.885,"Info","Arena",7,"Exit_Zone",3
3028.885,"Info","Arena",7,"Enter_Zone",1
3028.993,"Info","Arena",7,"Exit_Zone",1
3028.993,"Info","Arena",7,"Enter_Zone",3
3029.405,"Info","Arena",7,"Exit_Zone",3
3029.405,"Info","Arena",7,"Enter_Zone",1
3029.480,"Info","Arena",7,"Exit_Zone",1
3029.480,"Info","Arena",7,"Enter_Zone",3
3029.517,"Info","Arena",7,"Exit_Zone",3
3029.517,"Info","Arena",7,"Enter_Zone",1
3029.591,"Info","Arena",7,"Exit_Zone",1
3029.591,"Info","Arena",7,"Enter_Zone",3
3030.009,"Info","Arena",7,"Exit_Zone",3
3030.009,"Info","Arena",7,"Enter_Zone",1
3030.427,"Info","Arena",4,"Exit_Zone",4
3030.427,"Info","Arena",4,"Enter_Zone",1
3030.580,"Info","Arena",7,"Exit_Zone",1
3030.580,"Info","Arena",7,"Enter_Zone",3
3030.658,"Info","Arena",7,"Exit_Zone",3
3030.658,"Info","Arena",7,"Enter_Zone",1
3030.775,"Info","Arena",4,"Exit_Zone",1
3030.775,"Info","Arena",4,"Enter_Zone",4
3030.775,"Info","Arena",7,"Exit_Zone",1
3030.775,"Info","Arena",7,"Enter_Zone",4
3030.853,"Info","Arena",4,"Exit_Zone",4
3030.853,"Info","Arena",4,"Enter_Zone",1
3030.975,"Info","Arena",4,"Exit_Zone",1
3030.975,"Info","Arena",4,"Enter_Zone",4
3030.975,"Info","Arena",7,"Exit_Zone",4
3030.975,"Info","Arena",7,"Enter_Zone",2
3031.051,"Info","Arena",4,"Exit_Zone",4
3031.051,"Info","Arena",4,"Enter_Zone",1
3031.051,"Info","Arena",7,"Exit_Zone",2
3031.051,"Info","Arena",7,"Enter_Zone",1
3031.092,"Info","Arena",7,"Exit_Zone",1
3031.092,"Info","Arena",7,"Enter_Zone",2
3031.132,"Info","Arena",4,"Exit_Zone",1
3031.132,"Info","Arena",4,"Enter_Zone",4
3031.174,"Info","Arena",4,"Exit_Zone",4
3031.174,"Info","Arena",4,"Enter_Zone",1
3031.265,"Info","Arena",7,"Exit_Zone",2
3031.265,"Info","Arena",7,"Enter_Zone",1
3031.452,"Info","Arena",6,"Exit_Zone",1
3031.452,"Info","Arena",6,"Enter_Zone",4
3031.492,"Info","Arena",7,"Exit_Zone",1
3031.492,"Info","Arena",7,"Enter_Zone",2
3031.759,"Info","Arena",7,"Exit_Zone",2
3031.759,"Info","Arena",7,"Enter_Zone",1
3031.877,"Info","Arena",7,"Exit_Zone",1
3031.877,"Info","Arena",7,"Enter_Zone",2
3032.335,"Info","Arena",7,"Exit_Zone",2
3032.335,"Info","Arena",7,"Enter_Zone",1
3032.369,"Info","Arena",7,"Exit_Zone",1
3032.369,"Info","Arena",7,"Enter_Zone",2
3032.410,"Info","Arena",7,"Exit_Zone",2
3032.410,"Info","Arena",7,"Enter_Zone",1
3032.703,"Info","Arena",7,"Exit_Zone",1
3032.703,"Info","Arena",7,"Enter_Zone",2
3032.886,"Info","Arena",7,"Exit_Zone",2
3032.886,"Info","Arena",7,"Enter_Zone",1
3032.962,"Info","Arena",7,"Exit_Zone",1
3032.962,"Info","Arena",7,"Enter_Zone",2
3033.147,"Info","Arena",7,"Exit_Zone",2
3033.147,"Info","Arena",7,"Enter_Zone",1
3033.598,"Info","Arena",7,"Exit_Zone",1
3033.598,"Info","Arena",7,"Enter_Zone",2
3033.979,"Info","Arena",6,"Exit_Zone",4
3033.979,"Info","Arena",6,"Enter_Zone",1
3033.979,"Info","Arena",7,"Exit_Zone",2
3033.979,"Info","Arena",7,"Enter_Zone",4
3034.057,"Info","Arena",6,"Exit_Zone",1
3034.057,"Info","Arena",6,"Enter_Zone",4
3034.138,"Info","Arena",4,"Exit_Zone",1
3034.138,"Info","Arena",4,"Enter_Zone",4
3034.386,"Info","Arena",7,"Exit_Zone",4
3034.386,"Info","Arena",7,"Enter_Zone",3
3034.541,"Info","Arena",7,"Exit_Zone",3
3034.541,"Info","Arena",7,"Enter_Zone",1
3034.577,"Info","Arena",7,"Exit_Zone",1
3034.577,"Info","Arena",7,"Enter_Zone",3
3034.622,"Info","Arena",7,"Exit_Zone",3
3034.622,"Info","Arena",7,"Enter_Zone",1
3034.808,"Info","Arena",7,"Exit_Zone",1
3034.808,"Info","Arena",7,"Enter_Zone",3
3035.112,"Info","Arena",6,"Exit_Zone",4
3035.112,"Info","Arena",6,"Enter_Zone",3
3035.112,"Info","Arena",7,"Exit_Zone",3
3035.112,"Info","Arena",7,"Enter_Zone",1
3035.184,"Info","Arena",2,"Exit_Zone",3
3035.184,"Info","Arena",2,"Enter_Zone",4
3035.184,"Info","Arena",7,"Exit_Zone",1
3035.184,"Info","Arena",7,"Enter_Zone",3
3035.238,"Info","Arena",7,"Exit_Zone",3
3035.238,"Info","Arena",7,"Enter_Zone",1
3035.497,"Info","Arena",7,"Exit_Zone",1
3035.497,"Info","Arena",7,"Enter_Zone",3
3035.651,"Info","Arena",2,"Exit_Zone",4
3035.651,"Info","Arena",2,"Enter_Zone",2
3035.688,"Info","Arena",7,"Exit_Zone",3
3035.688,"Info","Arena",7,"Enter_Zone",1
3036.205,"Info","Arena",4,"Exit_Zone",4
3036.205,"Info","Arena",4,"Enter_Zone",1
3036.205,"Info","Arena",7,"Exit_Zone",1
3036.205,"Info","Arena",7,"Enter_Zone",2
3036.293,"Info","Arena",7,"Exit_Zone",2
3036.293,"Info","Arena",7,"Enter_Zone",1
3036.475,"Info","Arena",7,"Exit_Zone",1
3036.475,"Info","Arena",7,"Enter_Zone",2
3037.074,"Info","Arena",5,"Exit_Zone",3
3037.074,"Info","Arena",5,"Enter_Zone",4
3037.112,"Info","Arena",2,"Exit_Zone",2
3037.112,"Info","Arena",2,"Enter_Zone",3
3037.337,"Info","Arena",7,"Exit_Zone",2
3037.337,"Info","Arena",7,"Enter_Zone",1
3037.374,"Info","Arena",6,"Exit_Zone",3
3037.374,"Info","Arena",6,"Enter_Zone",2
3037.441,"Info","Arena",6,"Exit_Zone",2
3037.441,"Info","Arena",6,"Enter_Zone",3
3037.686,"Info","Arena",2,"Exit_Zone",3
3037.686,"Info","Arena",2,"Enter_Zone",2
3037.724,"Info","Arena",7,"Exit_Zone",1
3037.724,"Info","Arena",7,"Enter_Zone",2
3037.794,"Info","Arena",5,"Exit_Zone",4
3037.794,"Info","Arena",5,"Enter_Zone",3
3037.870,"Info","Arena",7,"Exit_Zone",2
3037.870,"Info","Arena",7,"Enter_Zone",1
3038.049,"Info","Arena",7,"Exit_Zone",1
3038.049,"Info","Arena",7,"Enter_Zone",2
3038.122,"Info","Arena",7,"Exit_Zone",2
3038.122,"Info","Arena",7,"Enter_Zone",1
3038.308,"Info","Arena",7,"Exit_Zone",1
3038.308,"Info","Arena",7,"Enter_Zone",2
3038.533,"Info","Arena",7,"Exit_Zone",2
3038.533,"Info","Arena",7,"Enter_Zone",1
3038.712,"Info","Arena",7,"Exit_Zone",1
3038.712,"Info","Arena",7,"Enter_Zone",4
3039.200,"Info","Arena",7,"Exit_Zone",4
3039.200,"Info","Arena",7,"Enter_Zone",3
3039.821,"Info","Arena",6,"Exit_Zone",3
3039.821,"Info","Arena",6,"Enter_Zone",4
3039.899,"Info","Arena",7,"Exit_Zone",3
3039.899,"Info","Arena",7,"Enter_Zone",1
3040.461,"Info","Arena",6,"Exit_Zone",4
3040.461,"Info","Arena",6,"Enter_Zone",2
3040.833,"Info","Arena",7,"Exit_Zone",1
3040.833,"Info","Arena",7,"Enter_Zone",3
3041.098,"Info","Arena",7,"Exit_Zone",3
3041.098,"Info","Arena",7,"Enter_Zone",1
3041.136,"Info","Arena",7,"Exit_Zone",1
3041.136,"Info","Arena",7,"Enter_Zone",3
3041.372,"Info","Arena",7,"Exit_Zone",3
3041.372,"Info","Arena",7,"Enter_Zone",1
3041.410,"Info","Arena",7,"Exit_Zone",1
3041.410,"Info","Arena",7,"Enter_Zone",3
3041.601,"Info","Arena",7,"Exit_Zone",3
3041.601,"Info","Arena",7,"Enter_Zone",1
3041.818,"Info","Arena",7,"Exit_Zone",1
3041.818,"Info","Arena",7,"Enter_Zone",3
3042.454,"Info","Arena",7,"Exit_Zone",3
3042.454,"Info","Arena",7,"Enter_Zone",4
3044.432,"Info","Arena",7,"Exit_Zone",4
3044.432,"Info","Arena",7,"Enter_Zone",2
3044.504,"Info","Arena",7,"Exit_Zone",2
3044.504,"Info","Arena",7,"Enter_Zone",1
3044.740,"Info","Arena",7,"Exit_Zone",1
3044.740,"Info","Arena",7,"Enter_Zone",2
3045.507,"Info","Arena",7,"Exit_Zone",2
3045.507,"Info","Arena",7,"Enter_Zone",1
3045.723,"Info","Arena",7,"Exit_Zone",1
3045.723,"Info","Arena",7,"Enter_Zone",2
3046.013,"Info","Arena",7,"Exit_Zone",2
3046.013,"Info","Arena",7,"Enter_Zone",1
3046.082,"Info","Arena",7,"Exit_Zone",1
3046.082,"Info","Arena",7,"Enter_Zone",2
3046.122,"Info","Arena",7,"Exit_Zone",2
3046.122,"Info","Arena",7,"Enter_Zone",1
3046.190,"Info","Arena",7,"Exit_Zone",1
3046.190,"Info","Arena",7,"Enter_Zone",2
3046.236,"Info","Arena",7,"Exit_Zone",2
3046.236,"Info","Arena",7,"Enter_Zone",1
3046.348,"Info","Arena",5,"Exit_Zone",3
3046.348,"Info","Arena",5,"Enter_Zone",4
3046.751,"Info","Arena",7,"Exit_Zone",1
3046.751,"Info","Arena",7,"Enter_Zone",2
3046.787,"Info","Arena",2,"Exit_Zone",2
3046.787,"Info","Arena",2,"Enter_Zone",4
3046.997,"Info","Arena",5,"Exit_Zone",4
3046.997,"Info","Arena",5,"Enter_Zone",2
3047.178,"Info","Arena",2,"Exit_Zone",4
3047.178,"Info","Arena",2,"Enter_Zone",1
3047.339,"Info","Arena",7,"Exit_Zone",2
3047.339,"Info","Arena",7,"Enter_Zone",1
3047.527,"Info","Arena",7,"Exit_Zone",1
3047.527,"Info","Arena",7,"Enter_Zone",2
3047.603,"Info","Arena",7,"Exit_Zone",2
3047.603,"Info","Arena",7,"Enter_Zone",1
3047.709,"Info","Arena",2,"Exit_Zone",1
3047.709,"Info","Arena",2,"Enter_Zone",3
3047.780,"Info","Arena",2,"Exit_Zone",3
3047.780,"Info","Arena",2,"Enter_Zone",1
3047.818,"Info","Arena",2,"Exit_Zone",1
3047.818,"Info","Arena",2,"Enter_Zone",3
3048.003,"Info","Arena",2,"Exit_Zone",3
3048.003,"Info","Arena",2,"Enter_Zone",1
3048.074,"Info","Arena",7,"Exit_Zone",1
3048.074,"Info","Arena",7,"Enter_Zone",2
3048.187,"Info","Arena",2,"Exit_Zone",1
3048.187,"Info","Arena",2,"Enter_Zone",3
3048.722,"Info","Arena",2,"Exit_Zone",3
3048.722,"Info","Arena",2,"Enter_Zone",1
3048.722,"Info","Arena",7,"Exit_Zone",2
3048.722,"Info","Arena",7,"Enter_Zone",4
3049.410,"Info","Arena",7,"Exit_Zone",4
3049.410,"Info","Arena",7,"Enter_Zone",1
3050.586,"Info","Arena",1,"Exit_Zone",1
3050.586,"Info","Arena",1,"Enter_Zone",2
3050.694,"Info","Arena",1,"Exit_Zone",2
3050.694,"Info","Arena",1,"Enter_Zone",1
3050.845,"Info","Arena",5,"Exit_Zone",2
3050.845,"Info","Arena",5,"Enter_Zone",4
3051.481,"Info","Arena",5,"Exit_Zone",4
3051.481,"Info","Arena",5,"Enter_Zone",1
3052.911,"Info","Arena",7,"Exit_Zone",1
3052.911,"Info","Arena",7,"Enter_Zone",4
3053.456,"Info","Arena",6,"Exit_Zone",2
3053.456,"Info","Arena",6,"Enter_Zone",4
3053.739,"Info","Arena",2,"Exit_Zone",1
3053.739,"Info","Arena",2,"Enter_Zone",3
3053.890,"Info","Arena",7,"Exit_Zone",4
3053.890,"Info","Arena",7,"Enter_Zone",3
3054.159,"Info","Arena",2,"Exit_Zone",3
3054.159,"Info","Arena",2,"Enter_Zone",1
3054.798,"Info","Arena",7,"Exit_Zone",3
3054.798,"Info","Arena",7,"Enter_Zone",1
3055.479,"Info","Arena",7,"Exit_Zone",1
3055.479,"Info","Arena",7,"Enter_Zone",3
3055.584,"Info","Arena",8,"Exit_Zone",1
3055.584,"Info","Arena",8,"Enter_Zone",4
3055.974,"Info","Arena",8,"Exit_Zone",4
3055.974,"Info","Arena",8,"Enter_Zone",1
3056.007,"Info","Arena",8,"Exit_Zone",1
3056.007,"Info","Arena",8,"Enter_Zone",4
3056.198,"Info","Arena",7,"Exit_Zone",3
3056.198,"Info","Arena",7,"Enter_Zone",1
3056.247,"Info","Arena",7,"Exit_Zone",1
3056.247,"Info","Arena",7,"Enter_Zone",3
3056.402,"Info","Arena",7,"Exit_Zone",3
3056.402,"Info","Arena",7,"Enter_Zone",1
3056.656,"Info","Arena",8,"Exit_Zone",4
3056.656,"Info","Arena",8,"Enter_Zone",2
3056.911,"Info","Arena",7,"Exit_Zone",1
3056.911,"Info","Arena",7,"Enter_Zone",3
3057.022,"Info","Arena",7,"Exit_Zone",3
3057.022,"Info","Arena",7,"Enter_Zone",1
3057.205,"Info","Arena",7,"Exit_Zone",1
3057.205,"Info","Arena",7,"Enter_Zone",4
3057.708,"Info","Arena",7,"Exit_Zone",4
3057.708,"Info","Arena",7,"Enter_Zone",2
3058.397,"Info","Arena",5,"Exit_Zone",1
3058.397,"Info","Arena",5,"Enter_Zone",4
3058.546,"Info","Arena",6,"Exit_Zone",4
3058.546,"Info","Arena",6,"Enter_Zone",3
3058.652,"Info","Arena",5,"Exit_Zone",4
3058.652,"Info","Arena",5,"Enter_Zone",2
3058.652,"Info","Arena",7,"Exit_Zone",2
3058.652,"Info","Arena",7,"Enter_Zone",1
3058.855,"Info","Arena",2,"Exit_Zone",1
3058.855,"Info","Arena",2,"Enter_Zone",4
3059.126,"Info","Arena",7,"Exit_Zone",1
3059.126,"Info","Arena",7,"Enter_Zone",2
3059.386,"Info","Arena",5,"Exit_Zone",2
3059.386,"Info","Arena",5,"Enter_Zone",4
3059.386,"Info","Arena",7,"Exit_Zone",2
3059.386,"Info","Arena",7,"Enter_Zone",1
3059.457,"Info","Arena",2,"Exit_Zone",4
3059.457,"Info","Arena",2,"Enter_Zone",3
3059.457,"Info","Arena",8,"Exit_Zone",2
3059.457,"Info","Arena",8,"Enter_Zone",1
3059.493,"Info","Arena",8,"Exit_Zone",1
3059.493,"Info","Arena",8,"Enter_Zone",2
3059.778,"Info","Arena",7,"Exit_Zone",1
3059.778,"Info","Arena",7,"Enter_Zone",2
3060.055,"Info","Arena",7,"Exit_Zone",2
3060.055,"Info","Arena",7,"Enter_Zone",1
3060.089,"Info","Arena",7,"Exit_Zone",1
3060.089,"Info","Arena",7,"Enter_Zone",2
3060.192,"Info","Arena",7,"Exit_Zone",2
3060.192,"Info","Arena",7,"Enter_Zone",1
3060.379,"Info","Arena",7,"Exit_Zone",1
3060.379,"Info","Arena",7,"Enter_Zone",2
3060.448,"Info","Arena",7,"Exit_Zone",2
3060.448,"Info","Arena",7,"Enter_Zone",1
3060.519,"Info","Arena",7,"Exit_Zone",1
3060.519,"Info","Arena",7,"Enter_Zone",2
3060.702,"Info","Arena",7,"Exit_Zone",2
3060.702,"Info","Arena",7,"Enter_Zone",1
3060.846,"Info","Arena",5,"Exit_Zone",4
3060.846,"Info","Arena",5,"Enter_Zone",3
3061.323,"Info","Arena",7,"Exit_Zone",1
3061.323,"Info","Arena",7,"Enter_Zone",2
3061.400,"Info","Arena",6,"Exit_Zone",3
3061.400,"Info","Arena",6,"Enter_Zone",2
3061.437,"Info","Arena",6,"Exit_Zone",2
3061.437,"Info","Arena",6,"Enter_Zone",3
3061.921,"Info","Arena",7,"Exit_Zone",2
3061.921,"Info","Arena",7,"Enter_Zone",4
3061.962,"Info","Arena",6,"Exit_Zone",3
3061.962,"Info","Arena",6,"Enter_Zone",4
3062.201,"Info","Arena",6,"Exit_Zone",4
3062.201,"Info","Arena",6,"Enter_Zone",2
3062.201,"Info","Arena",7,"Exit_Zone",4
3062.201,"Info","Arena",7,"Enter_Zone",1
3062.253,"Info","Arena",2,"Exit_Zone",3
3062.253,"Info","Arena",2,"Enter_Zone",4
3062.873,"Info","Arena",2,"Exit_Zone",4
3062.873,"Info","Arena",2,"Enter_Zone",3
3062.990,"Info","Arena",7,"Exit_Zone",1
3062.990,"Info","Arena",7,"Enter_Zone",4
3063.066,"Info","Arena",7,"Exit_Zone",4
3063.066,"Info","Arena",7,"Enter_Zone",2
3063.449,"Info","Arena",7,"Exit_Zone",2
3063.449,"Info","Arena",7,"Enter_Zone",1
3063.758,"Info","Arena",7,"Exit_Zone",1
3063.758,"Info","Arena",7,"Enter_Zone",2
3064.010,"Info","Arena",7,"Exit_Zone",2
3064.010,"Info","Arena",7,"Enter_Zone",1
3064.374,"Info","Arena",7,"Exit_Zone",1
3064.374,"Info","Arena",7,"Enter_Zone",2
3064.482,"Info","Arena",7,"Exit_Zone",2
3064.482,"Info","Arena",7,"Enter_Zone",1
3064.596,"Info","Arena",7,"Exit_Zone",1
3064.596,"Info","Arena",7,"Enter_Zone",2
3065.149,"Info","Arena",7,"Exit_Zone",2
3065.149,"Info","Arena",7,"Enter_Zone",1
3065.385,"Info","Arena",7,"Exit_Zone",1
3065.385,"Info","Arena",7,"Enter_Zone",2
3065.754,"Info","Arena",7,"Exit_Zone",2
3065.754,"Info","Arena",7,"Enter_Zone",1
3065.825,"Info","Arena",7,"Exit_Zone",1
3065.825,"Info","Arena",7,"Enter_Zone",2
3067.907,"Info","Arena",7,"Exit_Zone",2
3067.907,"Info","Arena",7,"Enter_Zone",4
3068.552,"Info","Arena",7,"Exit_Zone",4
3068.552,"Info","Arena",7,"Enter_Zone",1
3070.242,"Info","Arena",7,"Exit_Zone",1
3070.242,"Info","Arena",7,"Enter_Zone",4
3070.653,"Info","Arena",7,"Exit_Zone",4
3070.653,"Info","Arena",7,"Enter_Zone",3
3071.177,"Info","Arena",7,"Exit_Zone",3
3071.177,"Info","Arena",7,"Enter_Zone",1
3071.296,"Info","Arena",7,"Exit_Zone",1
3071.296,"Info","Arena",7,"Enter_Zone",3
3072.170,"Info","Arena",7,"Exit_Zone",3
3072.170,"Info","Arena",7,"Enter_Zone",1
3072.672,"Info","Arena",8,"Exit_Zone",2
3072.672,"Info","Arena",8,"Enter_Zone",4
3072.703,"Info","Arena",8,"Exit_Zone",4
3072.703,"Info","Arena",8,"Enter_Zone",2
3072.772,"Info","Arena",7,"Exit_Zone",1
3072.772,"Info","Arena",7,"Enter_Zone",3
3072.772,"Info","Arena",8,"Exit_Zone",2
3072.772,"Info","Arena",8,"Enter_Zone",4
3073.472,"Info","Arena",7,"Exit_Zone",3
3073.472,"Info","Arena",7,"Enter_Zone",4
3073.576,"Info","Arena",7,"Exit_Zone",4
3073.576,"Info","Arena",7,"Enter_Zone",1
3073.644,"Info","Arena",7,"Exit_Zone",1
3073.644,"Info","Arena",7,"Enter_Zone",2
3074.276,"Info","Arena",7,"Exit_Zone",2
3074.276,"Info","Arena",7,"Enter_Zone",1
3074.475,"Info","Arena",7,"Exit_Zone",1
3074.475,"Info","Arena",7,"Enter_Zone",2
3074.679,"Info","Arena",6,"Exit_Zone",2
3074.679,"Info","Arena",6,"Enter_Zone",4
3074.815,"Info","Arena",7,"Exit_Zone",2
3074.815,"Info","Arena",7,"Enter_Zone",1
3074.947,"Info","Arena",6,"Exit_Zone",4
3074.947,"Info","Arena",6,"Enter_Zone",1
3075.175,"Info","Arena",7,"Exit_Zone",1
3075.175,"Info","Arena",7,"Enter_Zone",2
3075.219,"Info","Arena",7,"Exit_Zone",2
3075.219,"Info","Arena",7,"Enter_Zone",1
3075.317,"Info","Arena",8,"Exit_Zone",4
3075.317,"Info","Arena",8,"Enter_Zone",1
3075.581,"Info","Arena",7,"Exit_Zone",1
3075.581,"Info","Arena",7,"Enter_Zone",2
3075.615,"Info","Arena",7,"Exit_Zone",2
3075.615,"Info","Arena",7,"Enter_Zone",1
3075.809,"Info","Arena",7,"Exit_Zone",1
3075.809,"Info","Arena",7,"Enter_Zone",2
3075.906,"Info","Arena",7,"Exit_Zone",2
3075.906,"Info","Arena",7,"Enter_Zone",1
3076.005,"Info","Arena",7,"Exit_Zone",1
3076.005,"Info","Arena",7,"Enter_Zone",2
3076.315,"Info","Arena",7,"Exit_Zone",2
3076.315,"Info","Arena",7,"Enter_Zone",1
3076.412,"Info","Arena",7,"Exit_Zone",1
3076.412,"Info","Arena",7,"Enter_Zone",2
3076.613,"Info","Arena",7,"Exit_Zone",2
3076.613,"Info","Arena",7,"Enter_Zone",1
3076.937,"Info","Arena",7,"Exit_Zone",1
3076.937,"Info","Arena",7,"Enter_Zone",2
3077.723,"Info","Arena",7,"Exit_Zone",2
3077.723,"Info","Arena",7,"Enter_Zone",4
3078.167,"Info","Arena",7,"Exit_Zone",4
3078.167,"Info","Arena",7,"Enter_Zone",1
3080.267,"Info","Arena",6,"Exit_Zone",1
3080.267,"Info","Arena",6,"Enter_Zone",4
3082.437,"Info","Arena",8,"Exit_Zone",1
3082.437,"Info","Arena",8,"Enter_Zone",4
3082.779,"Info","Arena",2,"Exit_Zone",3
3082.779,"Info","Arena",2,"Enter_Zone",4
3083.170,"Info","Arena",8,"Exit_Zone",4
3083.170,"Info","Arena",8,"Enter_Zone",3
3083.367,"Info","Arena",2,"Exit_Zone",4
3083.367,"Info","Arena",2,"Enter_Zone",2
3083.728,"Info","Arena",5,"Exit_Zone",3
3083.728,"Info","Arena",5,"Enter_Zone",4
3083.988,"Info","Arena",7,"Exit_Zone",1
3083.988,"Info","Arena",7,"Enter_Zone",4
3084.102,"Info","Arena",6,"Exit_Zone",4
3084.102,"Info","Arena",6,"Enter_Zone",3
3084.304,"Info","Arena",7,"Exit_Zone",4
3084.304,"Info","Arena",7,"Enter_Zone",3
3084.377,"Info","Arena",2,"Exit_Zone",2
3084.377,"Info","Arena",2,"Enter_Zone",3
3084.418,"Info","Arena",7,"Exit_Zone",3
3084.418,"Info","Arena",7,"Enter_Zone",1
3084.523,"Info","Arena",2,"Exit_Zone",3
3084.523,"Info","Arena",2,"Enter_Zone",2
3084.523,"Info","Arena",7,"Exit_Zone",1
3084.523,"Info","Arena",7,"Enter_Zone",3
3084.634,"Info","Arena",2,"Exit_Zone",2
3084.634,"Info","Arena",2,"Enter_Zone",3
3084.671,"Info","Arena",5,"Exit_Zone",4
3084.671,"Info","Arena",5,"Enter_Zone",1
3084.671,"Info","Arena",7,"Exit_Zone",3
3084.671,"Info","Arena",7,"Enter_Zone",1
3084.803,"Info","Arena",7,"Exit_Zone",1
3084.803,"Info","Arena",7,"Enter_Zone",3
3084.876,"Info","Arena",7,"Exit_Zone",3
3084.876,"Info","Arena",7,"Enter_Zone",1
3085.013,"Info","Arena",2,"Exit_Zone",3
3085.013,"Info","Arena",2,"Enter_Zone",2
3085.013,"Info","Arena",7,"Exit_Zone",1
3085.013,"Info","Arena",7,"Enter_Zone",3
3085.483,"Info","Arena",2,"Exit_Zone",2
3085.483,"Info","Arena",2,"Enter_Zone",3
3085.553,"Info","Arena",7,"Exit_Zone",3
3085.553,"Info","Arena",7,"Enter_Zone",1
3085.585,"Info","Arena",2,"Exit_Zone",3
3085.585,"Info","Arena",2,"Enter_Zone",2
3086.220,"Info","Arena",7,"Exit_Zone",1
3086.220,"Info","Arena",7,"Enter_Zone",3
3086.364,"Info","Arena",7,"Exit_Zone",3
3086.364,"Info","Arena",7,"Enter_Zone",1
3086.400,"Info","Arena",7,"Exit_Zone",1
3086.400,"Info","Arena",7,"Enter_Zone",3
3086.436,"Info","Arena",7,"Exit_Zone",3
3086.436,"Info","Arena",7,"Enter_Zone",4
3086.658,"Info","Arena",7,"Exit_Zone",4
3086.658,"Info","Arena",7,"Enter_Zone",2
3086.980,"Info","Arena",7,"Exit_Zone",2
3086.980,"Info","Arena",7,"Enter_Zone",1
3087.124,"Info","Arena",2,"Exit_Zone",2
3087.124,"Info","Arena",2,"Enter_Zone",4
3087.160,"Info","Arena",7,"Exit_Zone",1
3087.160,"Info","Arena",7,"Enter_Zone",2
3087.440,"Info","Arena",7,"Exit_Zone",2
3087.440,"Info","Arena",7,"Enter_Zone",1
3087.510,"Info","Arena",7,"Exit_Zone",1
3087.510,"Info","Arena",7,"Enter_Zone",2
3087.580,"Info","Arena",2,"Exit_Zone",4
3087.580,"Info","Arena",2,"Enter_Zone",3
3087.651,"Info","Arena",7,"Exit_Zone",2
3087.651,"Info","Arena",7,"Enter_Zone",1
3087.685,"Info","Arena",7,"Exit_Zone",1
3087.685,"Info","Arena",7,"Enter_Zone",2
3088.103,"Info","Arena",6,"Exit_Zone",3
3088.103,"Info","Arena",6,"Enter_Zone",4
3088.438,"Info","Arena",7,"Exit_Zone",2
3088.438,"Info","Arena",7,"Enter_Zone",1
3088.721,"Info","Arena",7,"Exit_Zone",1
3088.721,"Info","Arena",7,"Enter_Zone",2
3090.264,"Info","Arena",7,"Exit_Zone",2
3090.264,"Info","Arena",7,"Enter_Zone",4
3090.837,"Info","Arena",7,"Exit_Zone",4
3090.837,"Info","Arena",7,"Enter_Zone",1
3091.828,"Info","Arena",8,"Exit_Zone",3
3091.828,"Info","Arena",8,"Enter_Zone",4
3091.868,"Info","Arena",6,"Exit_Zone",4
3091.868,"Info","Arena",6,"Enter_Zone",2
3093.981,"Info","Arena",1,"Exit_Zone",1
3093.981,"Info","Arena",1,"Enter_Zone",4
3094.265,"Info","Arena",1,"Exit_Zone",4
3094.265,"Info","Arena",1,"Enter_Zone",3
3094.345,"Info","Arena",7,"Exit_Zone",1
3094.345,"Info","Arena",7,"Enter_Zone",4
3094.693,"Info","Arena",7,"Exit_Zone",4
3094.693,"Info","Arena",7,"Enter_Zone",2
3094.730,"Info","Arena",7,"Exit_Zone",2
3094.730,"Info","Arena",7,"Enter_Zone",4
3094.879,"Info","Arena",7,"Exit_Zone",4
3094.879,"Info","Arena",7,"Enter_Zone",1
3094.913,"Info","Arena",7,"Exit_Zone",1
3094.913,"Info","Arena",7,"Enter_Zone",4
3094.949,"Info","Arena",7,"Exit_Zone",4
3094.949,"Info","Arena",7,"Enter_Zone",3
3095.610,"Info","Arena",1,"Exit_Zone",3
3095.610,"Info","Arena",1,"Enter_Zone",4
3095.910,"Info","Arena",1,"Exit_Zone",4
3095.910,"Info","Arena",1,"Enter_Zone",1
3095.910,"Info","Arena",7,"Exit_Zone",3
3095.910,"Info","Arena",7,"Enter_Zone",1
3096.390,"Info","Arena",5,"Exit_Zone",1
3096.390,"Info","Arena",5,"Enter_Zone",4
3096.390,"Info","Arena",7,"Exit_Zone",1
3096.390,"Info","Arena",7,"Enter_Zone",3
3096.685,"Info","Arena",6,"Exit_Zone",2
3096.685,"Info","Arena",6,"Enter_Zone",4
3096.795,"Info","Arena",5,"Exit_Zone",4
3096.795,"Info","Arena",5,"Enter_Zone",2
3096.832,"Info","Arena",5,"Exit_Zone",2
3096.832,"Info","Arena",5,"Enter_Zone",4
3096.866,"Info","Arena",5,"Exit_Zone",4
3096.866,"Info","Arena",5,"Enter_Zone",2
3097.177,"Info","Arena",7,"Exit_Zone",3
3097.177,"Info","Arena",7,"Enter_Zone",1
3097.298,"Info","Arena",7,"Exit_Zone",1
3097.298,"Info","Arena",7,"Enter_Zone",3
3097.336,"Info","Arena",2,"Exit_Zone",3
3097.336,"Info","Arena",2,"Enter_Zone",4
3097.374,"Info","Arena",7,"Exit_Zone",3
3097.374,"Info","Arena",7,"Enter_Zone",1
3097.447,"Info","Arena",2,"Exit_Zone",4
3097.447,"Info","Arena",2,"Enter_Zone",2
3097.557,"Info","Arena",7,"Exit_Zone",1
3097.557,"Info","Arena",7,"Enter_Zone",3
3098.355,"Info","Arena",6,"Exit_Zone",4
3098.355,"Info","Arena",6,"Enter_Zone",1
3098.391,"Info","Arena",7,"Exit_Zone",3
3098.391,"Info","Arena",7,"Enter_Zone",4
3098.542,"Info","Arena",2,"Exit_Zone",2
3098.542,"Info","Arena",2,"Enter_Zone",3
3098.579,"Info","Arena",2,"Exit_Zone",3
3098.579,"Info","Arena",2,"Enter_Zone",2
3098.691,"Info","Arena",5,"Exit_Zone",2
3098.691,"Info","Arena",5,"Enter_Zone",4
3098.960,"Info","Arena",2,"Exit_Zone",2
3098.960,"Info","Arena",2,"Enter_Zone",4
3098.997,"Info","Arena",8,"Exit_Zone",4
3098.997,"Info","Arena",8,"Enter_Zone",2
3099.112,"Info","Arena",7,"Exit_Zone",4
3099.112,"Info","Arena",7,"Enter_Zone",2
3099.272,"Info","Arena",2,"Exit_Zone",4
3099.272,"Info","Arena",2,"Enter_Zone",3
3100.036,"Info","Arena",7,"Exit_Zone",2
3100.036,"Info","Arena",7,"Enter_Zone",1
3100.112,"Info","Arena",7,"Exit_Zone",1
3100.112,"Info","Arena",7,"Enter_Zone",2
3100.596,"Info","Arena",7,"Exit_Zone",2
3100.596,"Info","Arena",7,"Enter_Zone",1
3100.728,"Info","Arena",7,"Exit_Zone",1
3100.728,"Info","Arena",7,"Enter_Zone",2
3100.762,"Info","Arena",5,"Exit_Zone",4
3100.762,"Info","Arena",5,"Enter_Zone",3
3100.962,"Info","Arena",7,"Exit_Zone",2
3100.962,"Info","Arena",7,"Enter_Zone",1
3101.353,"Info","Arena",7,"Exit_Zone",1
3101.353,"Info","Arena",7,"Enter_Zone",2
3101.416,"Info","Arena",7,"Exit_Zone",2
3101.416,"Info","Arena",7,"Enter_Zone",1
3101.482,"Info","Arena",7,"Exit_Zone",1
3101.482,"Info","Arena",7,"Enter_Zone",2
3101.610,"Info","Arena",7,"Exit_Zone",2
3101.610,"Info","Arena",7,"Enter_Zone",1
3101.736,"Info","Arena",7,"Exit_Zone",1
3101.736,"Info","Arena",7,"Enter_Zone",2
3101.864,"Info","Arena",7,"Exit_Zone",2
3101.864,"Info","Arena",7,"Enter_Zone",1
3102.422,"Info","Arena",7,"Exit_Zone",1
3102.422,"Info","Arena",7,"Enter_Zone",2
3102.789,"Info","Arena",7,"Exit_Zone",2
3102.789,"Info","Arena",7,"Enter_Zone",1
3102.942,"Info","Arena",7,"Exit_Zone",1
3102.942,"Info","Arena",7,"Enter_Zone",2
3103.813,"Info","Arena",7,"Exit_Zone",2
3103.813,"Info","Arena",7,"Enter_Zone",4
3104.455,"Info","Arena",7,"Exit_Zone",4
3104.455,"Info","Arena",7,"Enter_Zone",1
3104.824,"Info","Arena",6,"Exit_Zone",1
3104.824,"Info","Arena",6,"Enter_Zone",4
3106.572,"Info","Arena",6,"Exit_Zone",4
3106.572,"Info","Arena",6,"Enter_Zone",1
3106.608,"Info","Arena",6,"Exit_Zone",1
3106.608,"Info","Arena",6,"Enter_Zone",4
3106.642,"Info","Arena",6,"Exit_Zone",4
3106.642,"Info","Arena",6,"Enter_Zone",1
3106.678,"Info","Arena",6,"Exit_Zone",1
3106.678,"Info","Arena",6,"Enter_Zone",4
3106.783,"Info","Arena",6,"Exit_Zone",4
3106.783,"Info","Arena",6,"Enter_Zone",1
3107.206,"Info","Arena",6,"Exit_Zone",1
3107.206,"Info","Arena",6,"Enter_Zone",4
3107.255,"Info","Arena",6,"Exit_Zone",4
3107.255,"Info","Arena",6,"Enter_Zone",1
3107.406,"Info","Arena",2,"Exit_Zone",3
3107.406,"Info","Arena",2,"Enter_Zone",4
3107.703,"Info","Arena",6,"Exit_Zone",1
3107.703,"Info","Arena",6,"Enter_Zone",4
3107.813,"Info","Arena",6,"Exit_Zone",4
3107.813,"Info","Arena",6,"Enter_Zone",1
3107.854,"Info","Arena",2,"Exit_Zone",4
3107.854,"Info","Arena",2,"Enter_Zone",2
3107.854,"Info","Arena",6,"Exit_Zone",1
3107.854,"Info","Arena",6,"Enter_Zone",4
3107.931,"Info","Arena",6,"Exit_Zone",4
3107.931,"Info","Arena",6,"Enter_Zone",1
3108.083,"Info","Arena",6,"Exit_Zone",1
3108.083,"Info","Arena",6,"Enter_Zone",4
3108.120,"Info","Arena",8,"Exit_Zone",2
3108.120,"Info","Arena",8,"Enter_Zone",4
3108.399,"Info","Arena",7,"Exit_Zone",1
3108.399,"Info","Arena",7,"Enter_Zone",4
3108.620,"Info","Arena",5,"Exit_Zone",3
3108.620,"Info","Arena",5,"Enter_Zone",4
3109.280,"Info","Arena",7,"Exit_Zone",4
3109.280,"Info","Arena",7,"Enter_Zone",3
3109.356,"Info","Arena",8,"Exit_Zone",4
3109.356,"Info","Arena",8,"Enter_Zone",2
3109.394,"Info","Arena",5,"Exit_Zone",4
3109.394,"Info","Arena",5,"Enter_Zone",2
3109.663,"Info","Arena",2,"Exit_Zone",2
3109.663,"Info","Arena",2,"Enter_Zone",3
3109.854,"Info","Arena",2,"Exit_Zone",3
3109.854,"Info","Arena",2,"Enter_Zone",2
3110.007,"Info","Arena",6,"Exit_Zone",4
3110.007,"Info","Arena",6,"Enter_Zone",3
3110.007,"Info","Arena",7,"Exit_Zone",3
3110.007,"Info","Arena",7,"Enter_Zone",1
3110.457,"Info","Arena",1,"Exit_Zone",1
3110.457,"Info","Arena",1,"Enter_Zone",4
3110.600,"Info","Arena",1,"Exit_Zone",4
3110.600,"Info","Arena",1,"Enter_Zone",3
3110.812,"Info","Arena",7,"Exit_Zone",1
3110.812,"Info","Arena",7,"Enter_Zone",3
3110.994,"Info","Arena",1,"Exit_Zone",3
3110.994,"Info","Arena",1,"Enter_Zone",4
3111.253,"Info","Arena",1,"Exit_Zone",4
3111.253,"Info","Arena",1,"Enter_Zone",1
3111.286,"Info","Arena",8,"Exit_Zone",2
3111.286,"Info","Arena",8,"Enter_Zone",4
3111.398,"Info","Arena",2,"Exit_Zone",2
3111.398,"Info","Arena",2,"Enter_Zone",3
3111.433,"Info","Arena",7,"Exit_Zone",3
3111.433,"Info","Arena",7,"Enter_Zone",1
3111.468,"Info","Arena",2,"Exit_Zone",3
3111.468,"Info","Arena",2,"Enter_Zone",2
3111.468,"Info","Arena",7,"Exit_Zone",1
3111.468,"Info","Arena",7,"Enter_Zone",3
3111.546,"Info","Arena",7,"Exit_Zone",3
3111.546,"Info","Arena",7,"Enter_Zone",1
3112.010,"Info","Arena",7,"Exit_Zone",1
3112.010,"Info","Arena",7,"Enter_Zone",3
3112.511,"Info","Arena",7,"Exit_Zone",3
3112.511,"Info","Arena",7,"Enter_Zone",1
3112.655,"Info","Arena",7,"Exit_Zone",1
3112.655,"Info","Arena",7,"Enter_Zone",4
3112.732,"Info","Arena",7,"Exit_Zone",4
3112.732,"Info","Arena",7,"Enter_Zone",2
3112.768,"Info","Arena",2,"Exit_Zone",2
3112.768,"Info","Arena",2,"Enter_Zone",4
3112.841,"Info","Arena",8,"Exit_Zone",4
3112.841,"Info","Arena",8,"Enter_Zone",1
3113.252,"Info","Arena",2,"Exit_Zone",4
3113.252,"Info","Arena",2,"Enter_Zone",3
3113.556,"Info","Arena",6,"Exit_Zone",3
3113.556,"Info","Arena",6,"Enter_Zone",4
3113.595,"Info","Arena",7,"Exit_Zone",2
3113.595,"Info","Arena",7,"Enter_Zone",1
3113.712,"Info","Arena",7,"Exit_Zone",1
3113.712,"Info","Arena",7,"Enter_Zone",2
3114.018,"Info","Arena",5,"Exit_Zone",2
3114.018,"Info","Arena",5,"Enter_Zone",4
3114.018,"Info","Arena",7,"Exit_Zone",2
3114.018,"Info","Arena",7,"Enter_Zone",1
3114.056,"Info","Arena",5,"Exit_Zone",4
3114.056,"Info","Arena",5,"Enter_Zone",2
3114.056,"Info","Arena",7,"Exit_Zone",1
3114.056,"Info","Arena",7,"Enter_Zone",2
3114.096,"Info","Arena",5,"Exit_Zone",2
3114.096,"Info","Arena",5,"Enter_Zone",4
3114.620,"Info","Arena",5,"Exit_Zone",4
3114.620,"Info","Arena",5,"Enter_Zone",3
3115.278,"Info","Arena",7,"Exit_Zone",2
3115.278,"Info","Arena",7,"Enter_Zone",1
3116.005,"Info","Arena",7,"Exit_Zone",1
3116.005,"Info","Arena",7,"Enter_Zone",2
3116.915,"Info","Arena",6,"Exit_Zone",4
3116.915,"Info","Arena",6,"Enter_Zone",1
3117.151,"Info","Arena",7,"Exit_Zone",2
3117.151,"Info","Arena",7,"Enter_Zone",4
3117.628,"Info","Arena",7,"Exit_Zone",4
3117.628,"Info","Arena",7,"Enter_Zone",1
3120.109,"Info","Arena",8,"Exit_Zone",1
3120.109,"Info","Arena",8,"Enter_Zone",4
3121.334,"Info","Arena",7,"Exit_Zone",1
3121.334,"Info","Arena",7,"Enter_Zone",4
3121.405,"Info","Arena",7,"Exit_Zone",4
3121.405,"Info","Arena",7,"Enter_Zone",1
3121.405,"Info","Arena",8,"Exit_Zone",4
3121.405,"Info","Arena",8,"Enter_Zone",1
3121.439,"Info","Arena",7,"Exit_Zone",1
3121.439,"Info","Arena",7,"Enter_Zone",4
3121.439,"Info","Arena",8,"Exit_Zone",1
3121.439,"Info","Arena",8,"Enter_Zone",4
3121.476,"Info","Arena",8,"Exit_Zone",4
3121.476,"Info","Arena",8,"Enter_Zone",1
3121.548,"Info","Arena",6,"Exit_Zone",1
3121.548,"Info","Arena",6,"Enter_Zone",4
3122.050,"Info","Arena",5,"Exit_Zone",3
3122.050,"Info","Arena",5,"Enter_Zone",4
3122.197,"Info","Arena",7,"Exit_Zone",4
3122.197,"Info","Arena",7,"Enter_Zone",3
3122.928,"Info","Arena",5,"Exit_Zone",4
3122.928,"Info","Arena",5,"Enter_Zone",2
3123.483,"Info","Arena",7,"Exit_Zone",3
3123.483,"Info","Arena",7,"Enter_Zone",1
3123.593,"Info","Arena",7,"Exit_Zone",1
3123.593,"Info","Arena",7,"Enter_Zone",3
3123.772,"Info","Arena",6,"Exit_Zone",4
3123.772,"Info","Arena",6,"Enter_Zone",1
3124.206,"Info","Arena",2,"Exit_Zone",3
3124.206,"Info","Arena",2,"Enter_Zone",4
3124.475,"Info","Arena",7,"Exit_Zone",3
3124.475,"Info","Arena",7,"Enter_Zone",1
3124.617,"Info","Arena",2,"Exit_Zone",4
3124.617,"Info","Arena",2,"Enter_Zone",2
3124.972,"Info","Arena",6,"Exit_Zone",1
3124.972,"Info","Arena",6,"Enter_Zone",4
3124.972,"Info","Arena",7,"Exit_Zone",1
3124.972,"Info","Arena",7,"Enter_Zone",3
3125.775,"Info","Arena",4,"Exit_Zone",1
3125.775,"Info","Arena",4,"Enter_Zone",4
3125.919,"Info","Arena",2,"Exit_Zone",2
3125.919,"Info","Arena",2,"Enter_Zone",3
3126.024,"Info","Arena",2,"Exit_Zone",3
3126.024,"Info","Arena",2,"Enter_Zone",2
3126.062,"Info","Arena",7,"Exit_Zone",3
3126.062,"Info","Arena",7,"Enter_Zone",4
3126.220,"Info","Arena",6,"Exit_Zone",4
3126.220,"Info","Arena",6,"Enter_Zone",3
3126.612,"Info","Arena",7,"Exit_Zone",4
3126.612,"Info","Arena",7,"Enter_Zone",1
3126.863,"Info","Arena",7,"Exit_Zone",1
3126.863,"Info","Arena",7,"Enter_Zone",2
3127.358,"Info","Arena",7,"Exit_Zone",2
3127.358,"Info","Arena",7,"Enter_Zone",1
3127.395,"Info","Arena",7,"Exit_Zone",1
3127.395,"Info","Arena",7,"Enter_Zone",2
3127.467,"Info","Arena",4,"Exit_Zone",4
3127.467,"Info","Arena",4,"Enter_Zone",3
3127.572,"Info","Arena",2,"Exit_Zone",2
3127.572,"Info","Arena",2,"Enter_Zone",3
3127.761,"Info","Arena",2,"Exit_Zone",3
3127.761,"Info","Arena",2,"Enter_Zone",2
3127.797,"Info","Arena",5,"Exit_Zone",2
3127.797,"Info","Arena",5,"Enter_Zone",4
3128.053,"Info","Arena",8,"Exit_Zone",1
3128.053,"Info","Arena",8,"Enter_Zone",4
3128.090,"Info","Arena",7,"Exit_Zone",2
3128.090,"Info","Arena",7,"Enter_Zone",1
3128.090,"Info","Arena",8,"Exit_Zone",4
3128.090,"Info","Arena",8,"Enter_Zone",1
3128.127,"Info","Arena",8,"Exit_Zone",1
3128.127,"Info","Arena",8,"Enter_Zone",4
3128.162,"Info","Arena",5,"Exit_Zone",4
3128.162,"Info","Arena",5,"Enter_Zone",1
3128.568,"Info","Arena",7,"Exit_Zone",1
3128.568,"Info","Arena",7,"Enter_Zone",2
3128.934,"Info","Arena",2,"Exit_Zone",2
3128.934,"Info","Arena",2,"Enter_Zone",4
3129.540,"Info","Arena",1,"Exit_Zone",1
3129.540,"Info","Arena",1,"Enter_Zone",4
3129.573,"Info","Arena",7,"Exit_Zone",2
3129.573,"Info","Arena",7,"Enter_Zone",4
3129.754,"Info","Arena",1,"Exit_Zone",4
3129.754,"Info","Arena",1,"Enter_Zone",2
3129.793,"Info","Arena",2,"Exit_Zone",4
3129.793,"Info","Arena",2,"Enter_Zone",1
3129.833,"Info","Arena",8,"Exit_Zone",4
3129.833,"Info","Arena",8,"Enter_Zone",1
3129.869,"Info","Arena",8,"Exit_Zone",1
3129.869,"Info","Arena",8,"Enter_Zone",4
3129.905,"Info","Arena",8,"Exit_Zone",4
3129.905,"Info","Arena",8,"Enter_Zone",1
3130.240,"Info","Arena",7,"Exit_Zone",4
3130.240,"Info","Arena",7,"Enter_Zone",1
3130.274,"Info","Arena",7,"Exit_Zone",1
3130.274,"Info","Arena",7,"Enter_Zone",4
3130.310,"Info","Arena",7,"Exit_Zone",4
3130.310,"Info","Arena",7,"Enter_Zone",1
3130.527,"Info","Arena",2,"Exit_Zone",1
3130.527,"Info","Arena",2,"Enter_Zone",3
3130.664,"Info","Arena",8,"Exit_Zone",1
3130.664,"Info","Arena",8,"Enter_Zone",4
3130.773,"Info","Arena",2,"Exit_Zone",3
3130.773,"Info","Arena",2,"Enter_Zone",1
3130.996,"Info","Arena",6,"Exit_Zone",3
3130.996,"Info","Arena",6,"Enter_Zone",4
3131.071,"Info","Arena",8,"Exit_Zone",4
3131.071,"Info","Arena",8,"Enter_Zone",2
3132.323,"Info","Arena",5,"Exit_Zone",1
3132.323,"Info","Arena",5,"Enter_Zone",2
3132.358,"Info","Arena",5,"Exit_Zone",2
3132.358,"Info","Arena",5,"Enter_Zone",1
3132.581,"Info","Arena",2,"Exit_Zone",1
3132.581,"Info","Arena",2,"Enter_Zone",4
3132.697,"Info","Arena",6,"Exit_Zone",4
3132.697,"Info","Arena",6,"Enter_Zone",1
3132.732,"Info","Arena",6,"Exit_Zone",1
3132.732,"Info","Arena",6,"Enter_Zone",4
3132.772,"Info","Arena",6,"Exit_Zone",4
3132.772,"Info","Arena",6,"Enter_Zone",1
3132.966,"Info","Arena",1,"Exit_Zone",2
3132.966,"Info","Arena",1,"Enter_Zone",4
3133.083,"Info","Arena",1,"Exit_Zone",4
3133.083,"Info","Arena",1,"Enter_Zone",1
3133.364,"Info","Arena",2,"Exit_Zone",4
3133.364,"Info","Arena",2,"Enter_Zone",3
3133.477,"Info","Arena",3,"Exit_Zone",3
3133.477,"Info","Arena",3,"Enter_Zone",4
3133.700,"Info","Arena",5,"Exit_Zone",1
3133.700,"Info","Arena",5,"Enter_Zone",4
3134.008,"Info","Arena",7,"Exit_Zone",1
3134.008,"Info","Arena",7,"Enter_Zone",4
3134.160,"Info","Arena",3,"Exit_Zone",4
3134.160,"Info","Arena",3,"Enter_Zone",1
3134.815,"Info","Arena",1,"Exit_Zone",1
3134.815,"Info","Arena",1,"Enter_Zone",4
3134.893,"Info","Arena",1,"Exit_Zone",4
3134.893,"Info","Arena",1,"Enter_Zone",2
3134.893,"Info","Arena",5,"Exit_Zone",4
3134.893,"Info","Arena",5,"Enter_Zone",3
3135.179,"Info","Arena",7,"Exit_Zone",4
3135.179,"Info","Arena",7,"Enter_Zone",3
3136.200,"Info","Arena",7,"Exit_Zone",3
3136.200,"Info","Arena",7,"Enter_Zone",1
3136.240,"Info","Arena",7,"Exit_Zone",1
3136.240,"Info","Arena",7,"Enter_Zone",3
3136.401,"Info","Arena",7,"Exit_Zone",3
3136.401,"Info","Arena",7,"Enter_Zone",1
3136.532,"Info","Arena",7,"Exit_Zone",1
3136.532,"Info","Arena",7,"Enter_Zone",3
3136.947,"Info","Arena",1,"Exit_Zone",2
3136.947,"Info","Arena",1,"Enter_Zone",4
3137.149,"Info","Arena",1,"Exit_Zone",4
3137.149,"Info","Arena",1,"Enter_Zone",1
3137.334,"Info","Arena",8,"Exit_Zone",2
3137.334,"Info","Arena",8,"Enter_Zone",4
3137.407,"Info","Arena",7,"Exit_Zone",3
3137.407,"Info","Arena",7,"Enter_Zone",1
3137.691,"Info","Arena",7,"Exit_Zone",1
3137.691,"Info","Arena",7,"Enter_Zone",3
3137.979,"Info","Arena",5,"Exit_Zone",3
3137.979,"Info","Arena",5,"Enter_Zone",4
3138.152,"Info","Arena",7,"Exit_Zone",3
3138.152,"Info","Arena",7,"Enter_Zone",1
3138.185,"Info","Arena",7,"Exit_Zone",1
3138.185,"Info","Arena",7,"Enter_Zone",3
3138.595,"Info","Arena",7,"Exit_Zone",3
3138.595,"Info","Arena",7,"Enter_Zone",4
3138.705,"Info","Arena",5,"Exit_Zone",4
3138.705,"Info","Arena",5,"Enter_Zone",2
3139.117,"Info","Arena",7,"Exit_Zone",4
3139.117,"Info","Arena",7,"Enter_Zone",1
3139.154,"Info","Arena",7,"Exit_Zone",1
3139.154,"Info","Arena",7,"Enter_Zone",4
3139.190,"Info","Arena",7,"Exit_Zone",4
3139.190,"Info","Arena",7,"Enter_Zone",2
3140.117,"Info","Arena",7,"Exit_Zone",2
3140.117,"Info","Arena",7,"Enter_Zone",1
3140.151,"Info","Arena",7,"Exit_Zone",1
3140.151,"Info","Arena",7,"Enter_Zone",2
3140.442,"Info","Arena",7,"Exit_Zone",2
3140.442,"Info","Arena",7,"Enter_Zone",1
3140.929,"Info","Arena",7,"Exit_Zone",1
3140.929,"Info","Arena",7,"Enter_Zone",2
3140.965,"Info","Arena",7,"Exit_Zone",2
3140.965,"Info","Arena",7,"Enter_Zone",1
3140.999,"Info","Arena",7,"Exit_Zone",1
3140.999,"Info","Arena",7,"Enter_Zone",2
3141.035,"Info","Arena",7,"Exit_Zone",2
3141.035,"Info","Arena",7,"Enter_Zone",1
3141.290,"Info","Arena",1,"Exit_Zone",1
3141.290,"Info","Arena",1,"Enter_Zone",4
3141.326,"Info","Arena",1,"Exit_Zone",4
3141.326,"Info","Arena",1,"Enter_Zone",2
3141.360,"Info","Arena",7,"Exit_Zone",1
3141.360,"Info","Arena",7,"Enter_Zone",2
3141.399,"Info","Arena",2,"Exit_Zone",3
3141.399,"Info","Arena",2,"Enter_Zone",4
3141.468,"Info","Arena",7,"Exit_Zone",2
3141.468,"Info","Arena",7,"Enter_Zone",1
3141.571,"Info","Arena",2,"Exit_Zone",4
3141.571,"Info","Arena",2,"Enter_Zone",3
3141.571,"Info","Arena",7,"Exit_Zone",1
3141.571,"Info","Arena",7,"Enter_Zone",2
3141.711,"Info","Arena",7,"Exit_Zone",2
3141.711,"Info","Arena",7,"Enter_Zone",1
3141.779,"Info","Arena",2,"Exit_Zone",3
3141.779,"Info","Arena",2,"Enter_Zone",4
3142.324,"Info","Arena",2,"Exit_Zone",4
3142.324,"Info","Arena",2,"Enter_Zone",2
3142.490,"Info","Arena",7,"Exit_Zone",1
3142.490,"Info","Arena",7,"Enter_Zone",2
3142.757,"Info","Arena",7,"Exit_Zone",2
3142.757,"Info","Arena",7,"Enter_Zone",1
3142.988,"Info","Arena",7,"Exit_Zone",1
3142.988,"Info","Arena",7,"Enter_Zone",2
3143.129,"Info","Arena",7,"Exit_Zone",2
3143.129,"Info","Arena",7,"Enter_Zone",4
3143.200,"Info","Arena",1,"Exit_Zone",2
3143.200,"Info","Arena",1,"Enter_Zone",4
3143.314,"Info","Arena",8,"Exit_Zone",4
3143.314,"Info","Arena",8,"Enter_Zone",3
3143.348,"Info","Arena",1,"Exit_Zone",4
3143.348,"Info","Arena",1,"Enter_Zone",1
3143.455,"Info","Arena",7,"Exit_Zone",4
3143.455,"Info","Arena",7,"Enter_Zone",1
3143.625,"Info","Arena",7,"Exit_Zone",1
3143.625,"Info","Arena",7,"Enter_Zone",3
3143.838,"Info","Arena",2,"Exit_Zone",2
3143.838,"Info","Arena",2,"Enter_Zone",4
3143.979,"Info","Arena",7,"Exit_Zone",3
3143.979,"Info","Arena",7,"Enter_Zone",1
3144.049,"Info","Arena",7,"Exit_Zone",1
3144.049,"Info","Arena",7,"Enter_Zone",3
3144.235,"Info","Arena",7,"Exit_Zone",3
3144.235,"Info","Arena",7,"Enter_Zone",1
3144.267,"Info","Arena",2,"Exit_Zone",4
3144.267,"Info","Arena",2,"Enter_Zone",3
3144.668,"Info","Arena",7,"Exit_Zone",1
3144.668,"Info","Arena",7,"Enter_Zone",3
3145.245,"Info","Arena",7,"Exit_Zone",3
3145.245,"Info","Arena",7,"Enter_Zone",1
3145.346,"Info","Arena",7,"Exit_Zone",1
3145.346,"Info","Arena",7,"Enter_Zone",3
3145.744,"Info","Arena",5,"Exit_Zone",2
3145.744,"Info","Arena",5,"Enter_Zone",4
3146.102,"Info","Arena",5,"Exit_Zone",4
3146.102,"Info","Arena",5,"Enter_Zone",1
3147.246,"Info","Arena",7,"Exit_Zone",3
3147.246,"Info","Arena",7,"Enter_Zone",4
3147.642,"Info","Arena",7,"Exit_Zone",4
3147.642,"Info","Arena",7,"Enter_Zone",2
3147.938,"Info","Arena",2,"Exit_Zone",3
3147.938,"Info","Arena",2,"Enter_Zone",4
3148.086,"Info","Arena",4,"Exit_Zone",3
3148.086,"Info","Arena",4,"Enter_Zone",4
3148.163,"Info","Arena",2,"Exit_Zone",4
3148.163,"Info","Arena",2,"Enter_Zone",2
3148.657,"Info","Arena",7,"Exit_Zone",2
3148.657,"Info","Arena",7,"Enter_Zone",1
3148.693,"Info","Arena",7,"Exit_Zone",1
3148.693,"Info","Arena",7,"Enter_Zone",2
3149.251,"Info","Arena",7,"Exit_Zone",2
3149.251,"Info","Arena",7,"Enter_Zone",1
3149.467,"Info","Arena",7,"Exit_Zone",1
3149.467,"Info","Arena",7,"Enter_Zone",2
3149.501,"Info","Arena",6,"Exit_Zone",1
3149.501,"Info","Arena",6,"Enter_Zone",4
3149.501,"Info","Arena",8,"Exit_Zone",3
3149.501,"Info","Arena",8,"Enter_Zone",4
3149.643,"Info","Arena",7,"Exit_Zone",2
3149.643,"Info","Arena",7,"Enter_Zone",1
3150.115,"Info","Arena",7,"Exit_Zone",1
3150.115,"Info","Arena",7,"Enter_Zone",2
3150.688,"Info","Arena",7,"Exit_Zone",2
3150.688,"Info","Arena",7,"Enter_Zone",4
3150.837,"Info","Arena",1,"Exit_Zone",1
3150.837,"Info","Arena",1,"Enter_Zone",4
3150.947,"Info","Arena",2,"Exit_Zone",2
3150.947,"Info","Arena",2,"Enter_Zone",4
3151.020,"Info","Arena",1,"Exit_Zone",4
3151.020,"Info","Arena",1,"Enter_Zone",2
3151.178,"Info","Arena",6,"Exit_Zone",4
3151.178,"Info","Arena",6,"Enter_Zone",3
3151.178,"Info","Arena",7,"Exit_Zone",4
3151.178,"Info","Arena",7,"Enter_Zone",1
3151.580,"Info","Arena",2,"Exit_Zone",4
3151.580,"Info","Arena",2,"Enter_Zone",3
3151.894,"Info","Arena",8,"Exit_Zone",4
3151.894,"Info","Arena",8,"Enter_Zone",2
3152.049,"Info","Arena",4,"Exit_Zone",4
3152.049,"Info","Arena",4,"Enter_Zone",3
3152.394,"Info","Arena",1,"Exit_Zone",2
3152.394,"Info","Arena",1,"Enter_Zone",4
3152.582,"Info","Arena",1,"Exit_Zone",4
3152.582,"Info","Arena",1,"Enter_Zone",1
3153.376,"Info","Arena",1,"Exit_Zone",1
3153.376,"Info","Arena",1,"Enter_Zone",4
3153.484,"Info","Arena",1,"Exit_Zone",4
3153.484,"Info","Arena",1,"Enter_Zone",2
3154.506,"Info","Arena",7,"Exit_Zone",1
3154.506,"Info","Arena",7,"Enter_Zone",4
3155.257,"Info","Arena",7,"Exit_Zone",4
3155.257,"Info","Arena",7,"Enter_Zone",3
3155.334,"Info","Arena",1,"Exit_Zone",2
3155.334,"Info","Arena",1,"Enter_Zone",4
3155.404,"Info","Arena",1,"Exit_Zone",4
3155.404,"Info","Arena",1,"Enter_Zone",1
3155.404,"Info","Arena",6,"Exit_Zone",3
3155.404,"Info","Arena",6,"Enter_Zone",4
3155.578,"Info","Arena",8,"Exit_Zone",2
3155.578,"Info","Arena",8,"Enter_Zone",4
3155.802,"Info","Arena",7,"Exit_Zone",3
3155.802,"Info","Arena",7,"Enter_Zone",1
3156.581,"Info","Arena",7,"Exit_Zone",1
3156.581,"Info","Arena",7,"Enter_Zone",3
3156.958,"Info","Arena",8,"Exit_Zone",4
3156.958,"Info","Arena",8,"Enter_Zone",1
3157.321,"Info","Arena",7,"Exit_Zone",3
3157.321,"Info","Arena",7,"Enter_Zone",1
3157.463,"Info","Arena",1,"Exit_Zone",1
3157.463,"Info","Arena",1,"Enter_Zone",4
3157.711,"Info","Arena",7,"Exit_Zone",1
3157.711,"Info","Arena",7,"Enter_Zone",3
3157.929,"Info","Arena",5,"Exit_Zone",1
3157.929,"Info","Arena",5,"Enter_Zone",2
3158.005,"Info","Arena",5,"Exit_Zone",2
3158.005,"Info","Arena",5,"Enter_Zone",1
3158.038,"Info","Arena",1,"Exit_Zone",4
3158.038,"Info","Arena",1,"Enter_Zone",3
3158.429,"Info","Arena",6,"Exit_Zone",4
3158.429,"Info","Arena",6,"Enter_Zone",2
3158.502,"Info","Arena",7,"Exit_Zone",3
3158.502,"Info","Arena",7,"Enter_Zone",4
3159.379,"Info","Arena",7,"Exit_Zone",4
3159.379,"Info","Arena",7,"Enter_Zone",2
3159.646,"Info","Arena",5,"Exit_Zone",1
3159.646,"Info","Arena",5,"Enter_Zone",4
3159.713,"Info","Arena",7,"Exit_Zone",2
3159.713,"Info","Arena",7,"Enter_Zone",1
3159.874,"Info","Arena",7,"Exit_Zone",1
3159.874,"Info","Arena",7,"Enter_Zone",2
3160.147,"Info","Arena",1,"Exit_Zone",3
3160.147,"Info","Arena",1,"Enter_Zone",4
3160.646,"Info","Arena",7,"Exit_Zone",2
3160.646,"Info","Arena",7,"Enter_Zone",1
3160.679,"Info","Arena",7,"Exit_Zone",1
3160.679,"Info","Arena",7,"Enter_Zone",2
3160.819,"Info","Arena",1,"Exit_Zone",4
3160.819,"Info","Arena",1,"Enter_Zone",1
3161.025,"Info","Arena",1,"Exit_Zone",1
3161.025,"Info","Arena",1,"Enter_Zone",4
3161.059,"Info","Arena",5,"Exit_Zone",4
3161.059,"Info","Arena",5,"Enter_Zone",3
3161.270,"Info","Arena",7,"Exit_Zone",2
3161.270,"Info","Arena",7,"Enter_Zone",1
3161.301,"Info","Arena",7,"Exit_Zone",1
3161.301,"Info","Arena",7,"Enter_Zone",2
3161.371,"Info","Arena",7,"Exit_Zone",2
3161.371,"Info","Arena",7,"Enter_Zone",1
3161.585,"Info","Arena",7,"Exit_Zone",1
3161.585,"Info","Arena",7,"Enter_Zone",2
3162.399,"Info","Arena",8,"Exit_Zone",1
3162.399,"Info","Arena",8,"Enter_Zone",4
3162.702,"Info","Arena",1,"Exit_Zone",4
3162.702,"Info","Arena",1,"Enter_Zone",1
3162.881,"Info","Arena",7,"Exit_Zone",2
3162.881,"Info","Arena",7,"Enter_Zone",4
3162.998,"Info","Arena",2,"Exit_Zone",3
3162.998,"Info","Arena",2,"Enter_Zone",4
3163.464,"Info","Arena",7,"Exit_Zone",4
3163.464,"Info","Arena",7,"Enter_Zone",1
3163.501,"Info","Arena",2,"Exit_Zone",4
3163.501,"Info","Arena",2,"Enter_Zone",2
3164.292,"Info","Arena",5,"Exit_Zone",3
3164.292,"Info","Arena",5,"Enter_Zone",4
3165.041,"Info","Arena",5,"Exit_Zone",4
3165.041,"Info","Arena",5,"Enter_Zone",2
3165.193,"Info","Arena",2,"Exit_Zone",2
3165.193,"Info","Arena",2,"Enter_Zone",3
3165.242,"Info","Arena",2,"Exit_Zone",3
3165.242,"Info","Arena",2,"Enter_Zone",2
3165.279,"Info","Arena",8,"Exit_Zone",4
3165.279,"Info","Arena",8,"Enter_Zone",3
3165.351,"Info","Arena",1,"Exit_Zone",1
3165.351,"Info","Arena",1,"Enter_Zone",4
3165.386,"Info","Arena",1,"Exit_Zone",4
3165.386,"Info","Arena",1,"Enter_Zone",1
3165.606,"Info","Arena",1,"Exit_Zone",1
3165.606,"Info","Arena",1,"Enter_Zone",4
3165.677,"Info","Arena",1,"Exit_Zone",4
3165.677,"Info","Arena",1,"Enter_Zone",2
3166.386,"Info","Arena",2,"Exit_Zone",2
3166.386,"Info","Arena",2,"Enter_Zone",3
3166.765,"Info","Arena",2,"Exit_Zone",3
3166.765,"Info","Arena",2,"Enter_Zone",2
3166.800,"Info","Arena",7,"Exit_Zone",1
3166.800,"Info","Arena",7,"Enter_Zone",4
3167.498,"Info","Arena",7,"Exit_Zone",4
3167.498,"Info","Arena",7,"Enter_Zone",3
3167.813,"Info","Arena",2,"Exit_Zone",2
3167.813,"Info","Arena",2,"Enter_Zone",4
3168.220,"Info","Arena",7,"Exit_Zone",3
3168.220,"Info","Arena",7,"Enter_Zone",1
3168.429,"Info","Arena",8,"Exit_Zone",3
3168.429,"Info","Arena",8,"Enter_Zone",4
3168.464,"Info","Arena",7,"Exit_Zone",1
3168.464,"Info","Arena",7,"Enter_Zone",3
3168.570,"Info","Arena",2,"Exit_Zone",4
3168.570,"Info","Arena",2,"Enter_Zone",1
3169.257,"Info","Arena",1,"Exit_Zone",2
3169.257,"Info","Arena",1,"Enter_Zone",4
3169.327,"Info","Arena",7,"Exit_Zone",3
3169.327,"Info","Arena",7,"Enter_Zone",1
3169.541,"Info","Arena",2,"Exit_Zone",1
3169.541,"Info","Arena",2,"Enter_Zone",3
3169.541,"Info","Arena",8,"Exit_Zone",4
3169.541,"Info","Arena",8,"Enter_Zone",2
3169.717,"Info","Arena",2,"Exit_Zone",3
3169.717,"Info","Arena",2,"Enter_Zone",1
3169.823,"Info","Arena",7,"Exit_Zone",1
3169.823,"Info","Arena",7,"Enter_Zone",3
3169.969,"Info","Arena",1,"Exit_Zone",4
3169.969,"Info","Arena",1,"Enter_Zone",1
3170.110,"Info","Arena",7,"Exit_Zone",3
3170.110,"Info","Arena",7,"Enter_Zone",4
3170.149,"Info","Arena",7,"Exit_Zone",4
3170.149,"Info","Arena",7,"Enter_Zone",1
3170.232,"Info","Arena",7,"Exit_Zone",1
3170.232,"Info","Arena",7,"Enter_Zone",4
3170.802,"Info","Arena",7,"Exit_Zone",4
3170.802,"Info","Arena",7,"Enter_Zone",2
3170.939,"Info","Arena",7,"Exit_Zone",2
3170.939,"Info","Arena",7,"Enter_Zone",1
3171.071,"Info","Arena",7,"Exit_Zone",1
3171.071,"Info","Arena",7,"Enter_Zone",2
3171.139,"Info","Arena",5,"Exit_Zone",2
3171.139,"Info","Arena",5,"Enter_Zone",4
3171.515,"Info","Arena",5,"Exit_Zone",4
3171.515,"Info","Arena",5,"Enter_Zone",3
3171.552,"Info","Arena",2,"Exit_Zone",1
3171.552,"Info","Arena",2,"Enter_Zone",4
3171.886,"Info","Arena",6,"Exit_Zone",2
3171.886,"Info","Arena",6,"Enter_Zone",4
3171.919,"Info","Arena",7,"Exit_Zone",2
3171.919,"Info","Arena",7,"Enter_Zone",1
3171.984,"Info","Arena",7,"Exit_Zone",1
3171.984,"Info","Arena",7,"Enter_Zone",2
3172.149,"Info","Arena",7,"Exit_Zone",2
3172.149,"Info","Arena",7,"Enter_Zone",1
3172.325,"Info","Arena",2,"Exit_Zone",4
3172.325,"Info","Arena",2,"Enter_Zone",3
3172.325,"Info","Arena",7,"Exit_Zone",1
3172.325,"Info","Arena",7,"Enter_Zone",2
3172.492,"Info","Arena",6,"Exit_Zone",4
3172.492,"Info","Arena",6,"Enter_Zone",1
3172.559,"Info","Arena",7,"Exit_Zone",2
3172.559,"Info","Arena",7,"Enter_Zone",1
3172.592,"Info","Arena",7,"Exit_Zone",1
3172.592,"Info","Arena",7,"Enter_Zone",2
3172.796,"Info","Arena",7,"Exit_Zone",2
3172.796,"Info","Arena",7,"Enter_Zone",1
3173.030,"Info","Arena",7,"Exit_Zone",1
3173.030,"Info","Arena",7,"Enter_Zone",2
3173.345,"Info","Arena",1,"Exit_Zone",1
3173.345,"Info","Arena",1,"Enter_Zone",4
3173.480,"Info","Arena",7,"Exit_Zone",2
3173.480,"Info","Arena",7,"Enter_Zone",1
3173.580,"Info","Arena",7,"Exit_Zone",1
3173.580,"Info","Arena",7,"Enter_Zone",2
3174.093,"Info","Arena",7,"Exit_Zone",2
3174.093,"Info","Arena",7,"Enter_Zone",4
3174.386,"Info","Arena",1,"Exit_Zone",4
3174.386,"Info","Arena",1,"Enter_Zone",3
3174.712,"Info","Arena",3,"Exit_Zone",1
3174.712,"Info","Arena",3,"Enter_Zone",4
3174.712,"Info","Arena",7,"Exit_Zone",4
3174.712,"Info","Arena",7,"Enter_Zone",1
3174.785,"Info","Arena",8,"Exit_Zone",2
3174.785,"Info","Arena",8,"Enter_Zone",4
3174.964,"Info","Arena",3,"Exit_Zone",4
3174.964,"Info","Arena",3,"Enter_Zone",2
3175.348,"Info","Arena",1,"Exit_Zone",3
3175.348,"Info","Arena",1,"Enter_Zone",4
3175.502,"Info","Arena",1,"Exit_Zone",4
3175.502,"Info","Arena",1,"Enter_Zone",3
3175.543,"Info","Arena",4,"Exit_Zone",3
3175.543,"Info","Arena",4,"Enter_Zone",4
3175.700,"Info","Arena",1,"Exit_Zone",3
3175.700,"Info","Arena",1,"Enter_Zone",4
3175.844,"Info","Arena",1,"Exit_Zone",4
3175.844,"Info","Arena",1,"Enter_Zone",2
3176.203,"Info","Arena",3,"Exit_Zone",2
3176.203,"Info","Arena",3,"Enter_Zone",4
3176.366,"Info","Arena",3,"Exit_Zone",4
3176.366,"Info","Arena",3,"Enter_Zone",3
3176.403,"Info","Arena",1,"Exit_Zone",2
3176.403,"Info","Arena",1,"Enter_Zone",4
3176.438,"Info","Arena",8,"Exit_Zone",4
3176.438,"Info","Arena",8,"Enter_Zone",1
3176.590,"Info","Arena",1,"Exit_Zone",4
3176.590,"Info","Arena",1,"Enter_Zone",1
3176.848,"Info","Arena",4,"Exit_Zone",4
3176.848,"Info","Arena",4,"Enter_Zone",1
3177.594,"Info","Arena",5,"Exit_Zone",3
3177.594,"Info","Arena",5,"Enter_Zone",4
3177.634,"Info","Arena",6,"Exit_Zone",1
3177.634,"Info","Arena",6,"Enter_Zone",4
3177.896,"Info","Arena",6,"Exit_Zone",4
3177.896,"Info","Arena",6,"Enter_Zone",2
3178.204,"Info","Arena",7,"Exit_Zone",1
3178.204,"Info","Arena",7,"Enter_Zone",4
3178.615,"Info","Arena",7,"Exit_Zone",4
3178.615,"Info","Arena",7,"Enter_Zone",3
3179.014,"Info","Arena",5,"Exit_Zone",4
3179.014,"Info","Arena",5,"Enter_Zone",2
3179.324,"Info","Arena",3,"Exit_Zone",3
3179.324,"Info","Arena",3,"Enter_Zone",4
3179.437,"Info","Arena",7,"Exit_Zone",3
3179.437,"Info","Arena",7,"Enter_Zone",1
3179.580,"Info","Arena",7,"Exit_Zone",1
3179.580,"Info","Arena",7,"Enter_Zone",3
3179.720,"Info","Arena",2,"Exit_Zone",3
3179.720,"Info","Arena",2,"Enter_Zone",4
3180.070,"Info","Arena",1,"Exit_Zone",1
3180.070,"Info","Arena",1,"Enter_Zone",4
3180.070,"Info","Arena",2,"Exit_Zone",4
3180.070,"Info","Arena",2,"Enter_Zone",2
3180.219,"Info","Arena",3,"Exit_Zone",4
3180.219,"Info","Arena",3,"Enter_Zone",1
3180.219,"Info","Arena",4,"Exit_Zone",1
3180.219,"Info","Arena",4,"Enter_Zone",4
3180.769,"Info","Arena",1,"Exit_Zone",4
3180.769,"Info","Arena",1,"Enter_Zone",3
3180.769,"Info","Arena",7,"Exit_Zone",3
3180.769,"Info","Arena",7,"Enter_Zone",1
3181.128,"Info","Arena",7,"Exit_Zone",1
3181.128,"Info","Arena",7,"Enter_Zone",3
3181.249,"Info","Arena",7,"Exit_Zone",3
3181.249,"Info","Arena",7,"Enter_Zone",1
3181.281,"Info","Arena",7,"Exit_Zone",1
3181.281,"Info","Arena",7,"Enter_Zone",3
3181.474,"Info","Arena",2,"Exit_Zone",2
3181.474,"Info","Arena",2,"Enter_Zone",3
3181.619,"Info","Arena",7,"Exit_Zone",3
3181.619,"Info","Arena",7,"Enter_Zone",4
3181.878,"Info","Arena",7,"Exit_Zone",4
3181.878,"Info","Arena",7,"Enter_Zone",1
3181.950,"Info","Arena",2,"Exit_Zone",3
3181.950,"Info","Arena",2,"Enter_Zone",2
3182.089,"Info","Arena",7,"Exit_Zone",1
3182.089,"Info","Arena",7,"Enter_Zone",4
3182.162,"Info","Arena",3,"Exit_Zone",1
3182.162,"Info","Arena",3,"Enter_Zone",4
3182.362,"Info","Arena",4,"Exit_Zone",4
3182.362,"Info","Arena",4,"Enter_Zone",1
3182.398,"Info","Arena",7,"Exit_Zone",4
3182.398,"Info","Arena",7,"Enter_Zone",2
3182.510,"Info","Arena",8,"Exit_Zone",1
3182.510,"Info","Arena",8,"Enter_Zone",4
3182.546,"Info","Arena",7,"Exit_Zone",2
3182.546,"Info","Arena",7,"Enter_Zone",1
3182.546,"Info","Arena",8,"Exit_Zone",4
3182.546,"Info","Arena",8,"Enter_Zone",1
3182.583,"Info","Arena",8,"Exit_Zone",1
3182.583,"Info","Arena",8,"Enter_Zone",4
3182.616,"Info","Arena",8,"Exit_Zone",4
3182.616,"Info","Arena",8,"Enter_Zone",1
3182.690,"Info","Arena",8,"Exit_Zone",1
3182.690,"Info","Arena",8,"Enter_Zone",4
3182.760,"Info","Arena",8,"Exit_Zone",4
3182.760,"Info","Arena",8,"Enter_Zone",1
3182.901,"Info","Arena",3,"Exit_Zone",4
3182.901,"Info","Arena",3,"Enter_Zone",3
3182.971,"Info","Arena",7,"Exit_Zone",1
3182.971,"Info","Arena",7,"Enter_Zone",2
3183.086,"Info","Arena",8,"Exit_Zone",1
3183.086,"Info","Arena",8,"Enter_Zone",4
3183.124,"Info","Arena",8,"Exit_Zone",4
3183.124,"Info","Arena",8,"Enter_Zone",1
3183.163,"Info","Arena",8,"Exit_Zone",1
3183.163,"Info","Arena",8,"Enter_Zone",4
3183.439,"Info","Arena",7,"Exit_Zone",2
3183.439,"Info","Arena",7,"Enter_Zone",1
3183.478,"Info","Arena",7,"Exit_Zone",1
3183.478,"Info","Arena",7,"Enter_Zone",2
3183.590,"Info","Arena",7,"Exit_Zone",2
3183.590,"Info","Arena",7,"Enter_Zone",1
3183.777,"Info","Arena",7,"Exit_Zone",1
3183.777,"Info","Arena",7,"Enter_Zone",2
3183.853,"Info","Arena",2,"Exit_Zone",2
3183.853,"Info","Arena",2,"Enter_Zone",4
3183.853,"Info","Arena",6,"Exit_Zone",2
3183.853,"Info","Arena",6,"Enter_Zone",4
3183.961,"Info","Arena",8,"Exit_Zone",4
3183.961,"Info","Arena",8,"Enter_Zone",2
3184.185,"Info","Arena",2,"Exit_Zone",4
3184.185,"Info","Arena",2,"Enter_Zone",1
3184.345,"Info","Arena",7,"Exit_Zone",2
3184.345,"Info","Arena",7,"Enter_Zone",1
3184.420,"Info","Arena",1,"Exit_Zone",3
3184.420,"Info","Arena",1,"Enter_Zone",4
3184.567,"Info","Arena",7,"Exit_Zone",1
3184.567,"Info","Arena",7,"Enter_Zone",2
3184.642,"Info","Arena",6,"Exit_Zone",4
3184.642,"Info","Arena",6,"Enter_Zone",3
3184.680,"Info","Arena",2,"Exit_Zone",1
3184.680,"Info","Arena",2,"Enter_Zone",3
3184.752,"Info","Arena",2,"Exit_Zone",3
3184.752,"Info","Arena",2,"Enter_Zone",1
3185.008,"Info","Arena",1,"Exit_Zone",4
3185.008,"Info","Arena",1,"Enter_Zone",1
3185.278,"Info","Arena",7,"Exit_Zone",2
3185.278,"Info","Arena",7,"Enter_Zone",4
3185.657,"Info","Arena",7,"Exit_Zone",4
3185.657,"Info","Arena",7,"Enter_Zone",1
3185.765,"Info","Arena",8,"Exit_Zone",2
3185.765,"Info","Arena",8,"Enter_Zone",4
3185.799,"Info","Arena",8,"Exit_Zone",4
3185.799,"Info","Arena",8,"Enter_Zone",3
3186.544,"Info","Arena",2,"Exit_Zone",1
3186.544,"Info","Arena",2,"Enter_Zone",3
3186.576,"Info","Arena",2,"Exit_Zone",3
3186.576,"Info","Arena",2,"Enter_Zone",1
3188.066,"Info","Arena",2,"Exit_Zone",1
3188.066,"Info","Arena",2,"Enter_Zone",4
3188.286,"Info","Arena",1,"Exit_Zone",1
3188.286,"Info","Arena",1,"Enter_Zone",4
3188.505,"Info","Arena",2,"Exit_Zone",4
3188.505,"Info","Arena",2,"Enter_Zone",3
3188.808,"Info","Arena",5,"Exit_Zone",2
3188.808,"Info","Arena",5,"Enter_Zone",4
3188.923,"Info","Arena",6,"Exit_Zone",3
3188.923,"Info","Arena",6,"Enter_Zone",4
3188.998,"Info","Arena",1,"Exit_Zone",4
3188.998,"Info","Arena",1,"Enter_Zone",3
3188.998,"Info","Arena",5,"Exit_Zone",4
3188.998,"Info","Arena",5,"Enter_Zone",1
3189.071,"Info","Arena",5,"Exit_Zone",1
3189.071,"Info","Arena",5,"Enter_Zone",4
3189.108,"Info","Arena",5,"Exit_Zone",4
3189.108,"Info","Arena",5,"Enter_Zone",1
3189.492,"Info","Arena",5,"Exit_Zone",1
3189.492,"Info","Arena",5,"Enter_Zone",4
3189.492,"Info","Arena",6,"Exit_Zone",4
3189.492,"Info","Arena",6,"Enter_Zone",2
3190.530,"Info","Arena",5,"Exit_Zone",4
3190.530,"Info","Arena",5,"Enter_Zone",3
3190.892,"Info","Arena",7,"Exit_Zone",1
3190.892,"Info","Arena",7,"Enter_Zone",4
3191.338,"Info","Arena",7,"Exit_Zone",4
3191.338,"Info","Arena",7,"Enter_Zone",3
3192.514,"Info","Arena",2,"Exit_Zone",3
3192.514,"Info","Arena",2,"Enter_Zone",4
3192.758,"Info","Arena",2,"Exit_Zone",4
3192.758,"Info","Arena",2,"Enter_Zone",2
3192.898,"Info","Arena",7,"Exit_Zone",3
3192.898,"Info","Arena",7,"Enter_Zone",1
3193.137,"Info","Arena",7,"Exit_Zone",1
3193.137,"Info","Arena",7,"Enter_Zone",3
3193.823,"Info","Arena",7,"Exit_Zone",3
3193.823,"Info","Arena",7,"Enter_Zone",4
3194.561,"Info","Arena",7,"Exit_Zone",4
3194.561,"Info","Arena",7,"Enter_Zone",1
3194.665,"Info","Arena",7,"Exit_Zone",1
3194.665,"Info","Arena",7,"Enter_Zone",4
3194.740,"Info","Arena",7,"Exit_Zone",4
3194.740,"Info","Arena",7,"Enter_Zone",1
3194.983,"Info","Arena",7,"Exit_Zone",1
3194.983,"Info","Arena",7,"Enter_Zone",2
3195.764,"Info","Arena",7,"Exit_Zone",2
3195.764,"Info","Arena",7,"Enter_Zone",1
3195.799,"Info","Arena",7,"Exit_Zone",1
3195.799,"Info","Arena",7,"Enter_Zone",2
3195.871,"Info","Arena",7,"Exit_Zone",2
3195.871,"Info","Arena",7,"Enter_Zone",1
3195.944,"Info","Arena",7,"Exit_Zone",1
3195.944,"Info","Arena",7,"Enter_Zone",2
3196.460,"Info","Arena",7,"Exit_Zone",2
3196.460,"Info","Arena",7,"Enter_Zone",1
3196.671,"Info","Arena",6,"Exit_Zone",2
3196.671,"Info","Arena",6,"Enter_Zone",4
3196.810,"Info","Arena",6,"Exit_Zone",4
3196.810,"Info","Arena",6,"Enter_Zone",3
3196.845,"Info","Arena",7,"Exit_Zone",1
3196.845,"Info","Arena",7,"Enter_Zone",2
3196.987,"Info","Arena",7,"Exit_Zone",2
3196.987,"Info","Arena",7,"Enter_Zone",1
3197.056,"Info","Arena",7,"Exit_Zone",1
3197.056,"Info","Arena",7,"Enter_Zone",2
3197.679,"Info","Arena",2,"Exit_Zone",2
3197.679,"Info","Arena",2,"Enter_Zone",4
3198.009,"Info","Arena",5,"Exit_Zone",3
3198.009,"Info","Arena",5,"Enter_Zone",4
3198.009,"Info","Arena",7,"Exit_Zone",2
3198.009,"Info","Arena",7,"Enter_Zone",1
3198.083,"Info","Arena",2,"Exit_Zone",4
3198.083,"Info","Arena",2,"Enter_Zone",3
3198.083,"Info","Arena",7,"Exit_Zone",1
3198.083,"Info","Arena",7,"Enter_Zone",2
3198.195,"Info","Arena",7,"Exit_Zone",2
3198.195,"Info","Arena",7,"Enter_Zone",4
3198.393,"Info","Arena",7,"Exit_Zone",4
3198.393,"Info","Arena",7,"Enter_Zone",1
3198.966,"Info","Arena",8,"Exit_Zone",3
3198.966,"Info","Arena",8,"Enter_Zone",4
3199.002,"Info","Arena",8,"Exit_Zone",4
3199.002,"Info","Arena",8,"Enter_Zone",3
3199.225,"Info","Arena",8,"Exit_Zone",3
3199.225,"Info","Arena",8,"Enter_Zone",4
3199.296,"Info","Arena",8,"Exit_Zone",4
3199.296,"Info","Arena",8,"Enter_Zone",3
3199.403,"Info","Arena",8,"Exit_Zone",3
3199.403,"Info","Arena",8,"Enter_Zone",4
3199.542,"Info","Arena",5,"Exit_Zone",4
3199.542,"Info","Arena",5,"Enter_Zone",1
3200.223,"Info","Arena",1,"Exit_Zone",3
3200.223,"Info","Arena",1,"Enter_Zone",4
3200.546,"Info","Arena",1,"Exit_Zone",4
3200.546,"Info","Arena",1,"Enter_Zone",2
3201.287,"Info","Arena",7,"Exit_Zone",1
3201.287,"Info","Arena",7,"Enter_Zone",4
3201.816,"Info","Arena",7,"Exit_Zone",4
3201.816,"Info","Arena",7,"Enter_Zone",2
3201.931,"Info","Arena",7,"Exit_Zone",2
3201.931,"Info","Arena",7,"Enter_Zone",4
3202.155,"Info","Arena",7,"Exit_Zone",4
3202.155,"Info","Arena",7,"Enter_Zone",3
3202.706,"Info","Arena",7,"Exit_Zone",3
3202.706,"Info","Arena",7,"Enter_Zone",1
3202.873,"Info","Arena",7,"Exit_Zone",1
3202.873,"Info","Arena",7,"Enter_Zone",3
3202.979,"Info","Arena",7,"Exit_Zone",3
3202.979,"Info","Arena",7,"Enter_Zone",1
3203.111,"Info","Arena",6,"Exit_Zone",3
3203.111,"Info","Arena",6,"Enter_Zone",4
3203.221,"Info","Arena",7,"Exit_Zone",1
3203.221,"Info","Arena",7,"Enter_Zone",3
3203.991,"Info","Arena",7,"Exit_Zone",3
3203.991,"Info","Arena",7,"Enter_Zone",1
3204.029,"Info","Arena",7,"Exit_Zone",1
3204.029,"Info","Arena",7,"Enter_Zone",3
3204.330,"Info","Arena",6,"Exit_Zone",4
3204.330,"Info","Arena",6,"Enter_Zone",1
3204.365,"Info","Arena",7,"Exit_Zone",3
3204.365,"Info","Arena",7,"Enter_Zone",4
3204.554,"Info","Arena",7,"Exit_Zone",4
3204.554,"Info","Arena",7,"Enter_Zone",2
3205.115,"Info","Arena",1,"Exit_Zone",2
3205.115,"Info","Arena",1,"Enter_Zone",4
3205.115,"Info","Arena",7,"Exit_Zone",2
3205.115,"Info","Arena",7,"Enter_Zone",1
3205.346,"Info","Arena",7,"Exit_Zone",1
3205.346,"Info","Arena",7,"Enter_Zone",2
3205.385,"Info","Arena",7,"Exit_Zone",2
3205.385,"Info","Arena",7,"Enter_Zone",1
3205.571,"Info","Arena",1,"Exit_Zone",4
3205.571,"Info","Arena",1,"Enter_Zone",3
3205.683,"Info","Arena",7,"Exit_Zone",1
3205.683,"Info","Arena",7,"Enter_Zone",2
3206.100,"Info","Arena",7,"Exit_Zone",2
3206.100,"Info","Arena",7,"Enter_Zone",1
3206.174,"Info","Arena",7,"Exit_Zone",1
3206.174,"Info","Arena",7,"Enter_Zone",2
3206.400,"Info","Arena",7,"Exit_Zone",2
3206.400,"Info","Arena",7,"Enter_Zone",1
3206.475,"Info","Arena",7,"Exit_Zone",1
3206.475,"Info","Arena",7,"Enter_Zone",2
3206.660,"Info","Arena",7,"Exit_Zone",2
3206.660,"Info","Arena",7,"Enter_Zone",1
3206.834,"Info","Arena",2,"Exit_Zone",3
3206.834,"Info","Arena",2,"Enter_Zone",4
3206.973,"Info","Arena",7,"Exit_Zone",1
3206.973,"Info","Arena",7,"Enter_Zone",2
3207.148,"Info","Arena",2,"Exit_Zone",4
3207.148,"Info","Arena",2,"Enter_Zone",2
3207.703,"Info","Arena",7,"Exit_Zone",2
3207.703,"Info","Arena",7,"Enter_Zone",1
3207.771,"Info","Arena",7,"Exit_Zone",1
3207.771,"Info","Arena",7,"Enter_Zone",2
3208.070,"Info","Arena",8,"Exit_Zone",4
3208.070,"Info","Arena",8,"Enter_Zone",2
3208.148,"Info","Arena",7,"Exit_Zone",2
3208.148,"Info","Arena",7,"Enter_Zone",4
3208.469,"Info","Arena",2,"Exit_Zone",2
3208.469,"Info","Arena",2,"Enter_Zone",3
3208.504,"Info","Arena",7,"Exit_Zone",4
3208.504,"Info","Arena",7,"Enter_Zone",3
3208.694,"Info","Arena",7,"Exit_Zone",3
3208.694,"Info","Arena",7,"Enter_Zone",1
3208.732,"Info","Arena",7,"Exit_Zone",1
3208.732,"Info","Arena",7,"Enter_Zone",3
3208.842,"Info","Arena",2,"Exit_Zone",3
3208.842,"Info","Arena",2,"Enter_Zone",2
3208.964,"Info","Arena",7,"Exit_Zone",3
3208.964,"Info","Arena",7,"Enter_Zone",1
3209.532,"Info","Arena",1,"Exit_Zone",3
3209.532,"Info","Arena",1,"Enter_Zone",4
3210.017,"Info","Arena",5,"Exit_Zone",1
3210.017,"Info","Arena",5,"Enter_Zone",4
3210.056,"Info","Arena",7,"Exit_Zone",1
3210.056,"Info","Arena",7,"Enter_Zone",3
3210.134,"Info","Arena",4,"Exit_Zone",1
3210.134,"Info","Arena",4,"Enter_Zone",4
3210.329,"Info","Arena",2,"Exit_Zone",2
3210.329,"Info","Arena",2,"Enter_Zone",4
3210.365,"Info","Arena",7,"Exit_Zone",3
3210.365,"Info","Arena",7,"Enter_Zone",1
3210.402,"Info","Arena",7,"Exit_Zone",1
3210.402,"Info","Arena",7,"Enter_Zone",3
3210.473,"Info","Arena",5,"Exit_Zone",4
3210.473,"Info","Arena",5,"Enter_Zone",2
3210.618,"Info","Arena",7,"Exit_Zone",3
3210.618,"Info","Arena",7,"Enter_Zone",1
3210.653,"Info","Arena",7,"Exit_Zone",1
3210.653,"Info","Arena",7,"Enter_Zone",3
3210.725,"Info","Arena",7,"Exit_Zone",3
3210.725,"Info","Arena",7,"Enter_Zone",1
3210.798,"Info","Arena",1,"Exit_Zone",4
3210.798,"Info","Arena",1,"Enter_Zone",1
3210.798,"Info","Arena",7,"Exit_Zone",1
3210.798,"Info","Arena",7,"Enter_Zone",3
3210.907,"Info","Arena",2,"Exit_Zone",4
3210.907,"Info","Arena",2,"Enter_Zone",3
3211.428,"Info","Arena",7,"Exit_Zone",3
3211.428,"Info","Arena",7,"Enter_Zone",1
3211.500,"Info","Arena",7,"Exit_Zone",1
3211.500,"Info","Arena",7,"Enter_Zone",3
3211.839,"Info","Arena",7,"Exit_Zone",3
3211.839,"Info","Arena",7,"Enter_Zone",4
3212.250,"Info","Arena",7,"Exit_Zone",4
3212.250,"Info","Arena",7,"Enter_Zone",2
3213.521,"Info","Arena",7,"Exit_Zone",2
3213.521,"Info","Arena",7,"Enter_Zone",1
3213.918,"Info","Arena",4,"Exit_Zone",4
3213.918,"Info","Arena",4,"Enter_Zone",2
3214.083,"Info","Arena",8,"Exit_Zone",2
3214.083,"Info","Arena",8,"Enter_Zone",4
3214.117,"Info","Arena",7,"Exit_Zone",1
3214.117,"Info","Arena",7,"Enter_Zone",2
3214.435,"Info","Arena",7,"Exit_Zone",2
3214.435,"Info","Arena",7,"Enter_Zone",1
3214.470,"Info","Arena",7,"Exit_Zone",1
3214.470,"Info","Arena",7,"Enter_Zone",2
3214.609,"Info","Arena",8,"Exit_Zone",4
3214.609,"Info","Arena",8,"Enter_Zone",1
3214.747,"Info","Arena",7,"Exit_Zone",2
3214.747,"Info","Arena",7,"Enter_Zone",1
3214.990,"Info","Arena",7,"Exit_Zone",1
3214.990,"Info","Arena",7,"Enter_Zone",2
3215.163,"Info","Arena",7,"Exit_Zone",2
3215.163,"Info","Arena",7,"Enter_Zone",1
3215.479,"Info","Arena",1,"Exit_Zone",1
3215.479,"Info","Arena",1,"Enter_Zone",4
3215.866,"Info","Arena",7,"Exit_Zone",1
3215.866,"Info","Arena",7,"Enter_Zone",2
3216.087,"Info","Arena",1,"Exit_Zone",4
3216.087,"Info","Arena",1,"Enter_Zone",3
3216.471,"Info","Arena",4,"Exit_Zone",2
3216.471,"Info","Arena",4,"Enter_Zone",4
3216.546,"Info","Arena",7,"Exit_Zone",2
3216.546,"Info","Arena",7,"Enter_Zone",4
3217.229,"Info","Arena",7,"Exit_Zone",4
3217.229,"Info","Arena",7,"Enter_Zone",1
3217.630,"Info","Arena",4,"Exit_Zone",4
3217.630,"Info","Arena",4,"Enter_Zone",3
3218.427,"Info","Arena",2,"Exit_Zone",3
3218.427,"Info","Arena",2,"Enter_Zone",4
3218.811,"Info","Arena",5,"Exit_Zone",2
3218.811,"Info","Arena",5,"Enter_Zone",4
3218.884,"Info","Arena",2,"Exit_Zone",4
3218.884,"Info","Arena",2,"Enter_Zone",2
3219.133,"Info","Arena",4,"Exit_Zone",3
3219.133,"Info","Arena",4,"Enter_Zone",1
3219.205,"Info","Arena",4,"Exit_Zone",1
3219.205,"Info","Arena",4,"Enter_Zone",3
3219.540,"Info","Arena",5,"Exit_Zone",4
3219.540,"Info","Arena",5,"Enter_Zone",1
3220.267,"Info","Arena",8,"Exit_Zone",1
3220.267,"Info","Arena",8,"Enter_Zone",4
3220.496,"Info","Arena",4,"Exit_Zone",3
3220.496,"Info","Arena",4,"Enter_Zone",4
3220.608,"Info","Arena",7,"Exit_Zone",1
3220.608,"Info","Arena",7,"Enter_Zone",4
3220.838,"Info","Arena",1,"Exit_Zone",3
3220.838,"Info","Arena",1,"Enter_Zone",4
3221.235,"Info","Arena",2,"Exit_Zone",2
3221.235,"Info","Arena",2,"Enter_Zone",3
3221.312,"Info","Arena",6,"Exit_Zone",1
3221.312,"Info","Arena",6,"Enter_Zone",4
3221.351,"Info","Arena",6,"Exit_Zone",4
3221.351,"Info","Arena",6,"Enter_Zone",1
3221.391,"Info","Arena",2,"Exit_Zone",3
3221.391,"Info","Arena",2,"Enter_Zone",2
3221.391,"Info","Arena",6,"Exit_Zone",1
3221.391,"Info","Arena",6,"Enter_Zone",4
3221.579,"Info","Arena",1,"Exit_Zone",4
3221.579,"Info","Arena",1,"Enter_Zone",2
3221.730,"Info","Arena",7,"Exit_Zone",4
3221.730,"Info","Arena",7,"Enter_Zone",3
3222.151,"Info","Arena",4,"Exit_Zone",4
3222.151,"Info","Arena",4,"Enter_Zone",2
3222.381,"Info","Arena",7,"Exit_Zone",3
3222.381,"Info","Arena",7,"Enter_Zone",1
3222.678,"Info","Arena",7,"Exit_Zone",1
3222.678,"Info","Arena",7,"Enter_Zone",3
3222.866,"Info","Arena",7,"Exit_Zone",3
3222.866,"Info","Arena",7,"Enter_Zone",1
3222.978,"Info","Arena",7,"Exit_Zone",1
3222.978,"Info","Arena",7,"Enter_Zone",3
3223.015,"Info","Arena",2,"Exit_Zone",2
3223.015,"Info","Arena",2,"Enter_Zone",3
3223.124,"Info","Arena",2,"Exit_Zone",3
3223.124,"Info","Arena",2,"Enter_Zone",2
3223.423,"Info","Arena",8,"Exit_Zone",4
3223.423,"Info","Arena",8,"Enter_Zone",2
3223.769,"Info","Arena",7,"Exit_Zone",3
3223.769,"Info","Arena",7,"Enter_Zone",1
3223.972,"Info","Arena",6,"Exit_Zone",4
3223.972,"Info","Arena",6,"Enter_Zone",2
3224.073,"Info","Arena",7,"Exit_Zone",1
3224.073,"Info","Arena",7,"Enter_Zone",3
3224.926,"Info","Arena",7,"Exit_Zone",3
3224.926,"Info","Arena",7,"Enter_Zone",1
3225.061,"Info","Arena",7,"Exit_Zone",1
3225.061,"Info","Arena",7,"Enter_Zone",3
3225.136,"Info","Arena",2,"Exit_Zone",2
3225.136,"Info","Arena",2,"Enter_Zone",4
3225.136,"Info","Arena",7,"Exit_Zone",3
3225.136,"Info","Arena",7,"Enter_Zone",4
3225.774,"Info","Arena",2,"Exit_Zone",4
3225.774,"Info","Arena",2,"Enter_Zone",3
3225.987,"Info","Arena",1,"Exit_Zone",2
3225.987,"Info","Arena",1,"Enter_Zone",4
3226.283,"Info","Arena",7,"Exit_Zone",4
3226.283,"Info","Arena",7,"Enter_Zone",1
3226.701,"Info","Arena",4,"Exit_Zone",2
3226.701,"Info","Arena",4,"Enter_Zone",4
3226.873,"Info","Arena",1,"Exit_Zone",4
3226.873,"Info","Arena",1,"Enter_Zone",3
3227.725,"Info","Arena",4,"Exit_Zone",4
3227.725,"Info","Arena",4,"Enter_Zone",3
3228.921,"Info","Arena",2,"Exit_Zone",3
3228.921,"Info","Arena",2,"Enter_Zone",4
3229.375,"Info","Arena",2,"Exit_Zone",4
3229.375,"Info","Arena",2,"Enter_Zone",2
3229.375,"Info","Arena",8,"Exit_Zone",2
3229.375,"Info","Arena",8,"Enter_Zone",4
3229.886,"Info","Arena",7,"Exit_Zone",1
3229.886,"Info","Arena",7,"Enter_Zone",4
3230.344,"Info","Arena",7,"Exit_Zone",4
3230.344,"Info","Arena",7,"Enter_Zone",1
3230.377,"Info","Arena",7,"Exit_Zone",1
3230.377,"Info","Arena",7,"Enter_Zone",3
3230.377,"Info","Arena",8,"Exit_Zone",4
3230.377,"Info","Arena",8,"Enter_Zone",3
3231.299,"Info","Arena",7,"Exit_Zone",3
3231.299,"Info","Arena",7,"Enter_Zone",1
3231.405,"Info","Arena",2,"Exit_Zone",2
3231.405,"Info","Arena",2,"Enter_Zone",3
3231.507,"Info","Arena",2,"Exit_Zone",3
3231.507,"Info","Arena",2,"Enter_Zone",2
3232.000,"Info","Arena",7,"Exit_Zone",1
3232.000,"Info","Arena",7,"Enter_Zone",3
3232.361,"Info","Arena",4,"Exit_Zone",3
3232.361,"Info","Arena",4,"Enter_Zone",4
3232.706,"Info","Arena",7,"Exit_Zone",3
3232.706,"Info","Arena",7,"Enter_Zone",1
3232.811,"Info","Arena",7,"Exit_Zone",1
3232.811,"Info","Arena",7,"Enter_Zone",3
3232.881,"Info","Arena",2,"Exit_Zone",2
3232.881,"Info","Arena",2,"Enter_Zone",3
3232.917,"Info","Arena",6,"Exit_Zone",2
3232.917,"Info","Arena",6,"Enter_Zone",4
3233.090,"Info","Arena",2,"Exit_Zone",3
3233.090,"Info","Arena",2,"Enter_Zone",2
3233.635,"Info","Arena",4,"Exit_Zone",4
3233.635,"Info","Arena",4,"Enter_Zone",2
3233.891,"Info","Arena",6,"Exit_Zone",4
3233.891,"Info","Arena",6,"Enter_Zone",1
3234.188,"Info","Arena",2,"Exit_Zone",2
3234.188,"Info","Arena",2,"Enter_Zone",4
3234.349,"Info","Arena",7,"Exit_Zone",3
3234.349,"Info","Arena",7,"Enter_Zone",4
3235.017,"Info","Arena",7,"Exit_Zone",4
3235.017,"Info","Arena",7,"Enter_Zone",1
3235.087,"Info","Arena",7,"Exit_Zone",1
3235.087,"Info","Arena",7,"Enter_Zone",4
3235.087,"Info","Arena",8,"Exit_Zone",3
3235.087,"Info","Arena",8,"Enter_Zone",4
3235.355,"Info","Arena",7,"Exit_Zone",4
3235.355,"Info","Arena",7,"Enter_Zone",2
3235.393,"Info","Arena",2,"Exit_Zone",4
3235.393,"Info","Arena",2,"Enter_Zone",1
3236.199,"Info","Arena",5,"Exit_Zone",1
3236.199,"Info","Arena",5,"Enter_Zone",4
3236.199,"Info","Arena",8,"Exit_Zone",4
3236.199,"Info","Arena",8,"Enter_Zone",2
3236.244,"Info","Arena",5,"Exit_Zone",4
3236.244,"Info","Arena",5,"Enter_Zone",1
3236.393,"Info","Arena",5,"Exit_Zone",1
3236.393,"Info","Arena",5,"Enter_Zone",4
3236.575,"Info","Arena",5,"Exit_Zone",4
3236.575,"Info","Arena",5,"Enter_Zone",2
3237.012,"Info","Arena",7,"Exit_Zone",2
3237.012,"Info","Arena",7,"Enter_Zone",1
3237.047,"Info","Arena",7,"Exit_Zone",1
3237.047,"Info","Arena",7,"Enter_Zone",2
3237.851,"Info","Arena",2,"Exit_Zone",1
3237.851,"Info","Arena",2,"Enter_Zone",3
3238.229,"Info","Arena",4,"Exit_Zone",2
3238.229,"Info","Arena",4,"Enter_Zone",4
3238.328,"Info","Arena",2,"Exit_Zone",3
3238.328,"Info","Arena",2,"Enter_Zone",1
3238.537,"Info","Arena",7,"Exit_Zone",2
3238.537,"Info","Arena",7,"Enter_Zone",1
3238.636,"Info","Arena",7,"Exit_Zone",1
3238.636,"Info","Arena",7,"Enter_Zone",2
3239.172,"Info","Arena",7,"Exit_Zone",2
3239.172,"Info","Arena",7,"Enter_Zone",1
3239.390,"Info","Arena",2,"Exit_Zone",1
3239.390,"Info","Arena",2,"Enter_Zone",4
3239.672,"Info","Arena",7,"Exit_Zone",1
3239.672,"Info","Arena",7,"Enter_Zone",2
3239.917,"Info","Arena",7,"Exit_Zone",2
3239.917,"Info","Arena",7,"Enter_Zone",1
3240.025,"Info","Arena",7,"Exit_Zone",1
3240.025,"Info","Arena",7,"Enter_Zone",2
3240.133,"Info","Arena",7,"Exit_Zone",2
3240.133,"Info","Arena",7,"Enter_Zone",1
3240.219,"Info","Arena",7,"Exit_Zone",1
3240.219,"Info","Arena",7,"Enter_Zone",2
3240.328,"Info","Arena",7,"Exit_Zone",2
3240.328,"Info","Arena",7,"Enter_Zone",1
3240.363,"Info","Arena",2,"Exit_Zone",4
3240.363,"Info","Arena",2,"Enter_Zone",3
3240.436,"Info","Arena",8,"Exit_Zone",2
3240.436,"Info","Arena",8,"Enter_Zone",4
3240.544,"Info","Arena",7,"Exit_Zone",1
3240.544,"Info","Arena",7,"Enter_Zone",2
3240.805,"Info","Arena",7,"Exit_Zone",2
3240.805,"Info","Arena",7,"Enter_Zone",1
3240.917,"Info","Arena",4,"Exit_Zone",4
3240.917,"Info","Arena",4,"Enter_Zone",1
3240.952,"Info","Arena",7,"Exit_Zone",1
3240.952,"Info","Arena",7,"Enter_Zone",2
3241.026,"Info","Arena",7,"Exit_Zone",2
3241.026,"Info","Arena",7,"Enter_Zone",4
3241.301,"Info","Arena",7,"Exit_Zone",4
3241.301,"Info","Arena",7,"Enter_Zone",3
3241.374,"Info","Arena",1,"Exit_Zone",3
3241.374,"Info","Arena",1,"Enter_Zone",4
3241.737,"Info","Arena",8,"Exit_Zone",4
3241.737,"Info","Arena",8,"Enter_Zone",3
3241.985,"Info","Arena",7,"Exit_Zone",3
3241.985,"Info","Arena",7,"Enter_Zone",1
3242.673,"Info","Arena",7,"Exit_Zone",1
3242.673,"Info","Arena",7,"Enter_Zone",3
3242.815,"Info","Arena",7,"Exit_Zone",3
3242.815,"Info","Arena",7,"Enter_Zone",1
3242.850,"Info","Arena",7,"Exit_Zone",1
3242.850,"Info","Arena",7,"Enter_Zone",3
3243.024,"Info","Arena",7,"Exit_Zone",3
3243.024,"Info","Arena",7,"Enter_Zone",4
3243.671,"Info","Arena",7,"Exit_Zone",4
3243.671,"Info","Arena",7,"Enter_Zone",2
3243.707,"Info","Arena",7,"Exit_Zone",2
3243.707,"Info","Arena",7,"Enter_Zone",4
3243.811,"Info","Arena",7,"Exit_Zone",4
3243.811,"Info","Arena",7,"Enter_Zone",2
3243.848,"Info","Arena",7,"Exit_Zone",2
3243.848,"Info","Arena",7,"Enter_Zone",1
3244.050,"Info","Arena",1,"Exit_Zone",4
3244.050,"Info","Arena",1,"Enter_Zone",2
3244.153,"Info","Arena",7,"Exit_Zone",1
3244.153,"Info","Arena",7,"Enter_Zone",2
3244.416,"Info","Arena",5,"Exit_Zone",2
3244.416,"Info","Arena",5,"Enter_Zone",4
3244.416,"Info","Arena",7,"Exit_Zone",2
3244.416,"Info","Arena",7,"Enter_Zone",1
3245.430,"Info","Arena",7,"Exit_Zone",1
3245.430,"Info","Arena",7,"Enter_Zone",2
3245.504,"Info","Arena",5,"Exit_Zone",4
3245.504,"Info","Arena",5,"Enter_Zone",1
3245.653,"Info","Arena",4,"Exit_Zone",1
3245.653,"Info","Arena",4,"Enter_Zone",4
3245.762,"Info","Arena",8,"Exit_Zone",3
3245.762,"Info","Arena",8,"Enter_Zone",4
3245.942,"Info","Arena",7,"Exit_Zone",2
3245.942,"Info","Arena",7,"Enter_Zone",1
3246.487,"Info","Arena",7,"Exit_Zone",1
3246.487,"Info","Arena",7,"Enter_Zone",2
3246.596,"Info","Arena",7,"Exit_Zone",2
3246.596,"Info","Arena",7,"Enter_Zone",1
3246.636,"Info","Arena",7,"Exit_Zone",1
3246.636,"Info","Arena",7,"Enter_Zone",2
3246.745,"Info","Arena",8,"Exit_Zone",4
3246.745,"Info","Arena",8,"Enter_Zone",1
3246.971,"Info","Arena",7,"Exit_Zone",2
3246.971,"Info","Arena",7,"Enter_Zone",1
3247.644,"Info","Arena",7,"Exit_Zone",1
3247.644,"Info","Arena",7,"Enter_Zone",2
3247.723,"Info","Arena",7,"Exit_Zone",2
3247.723,"Info","Arena",7,"Enter_Zone",1
3247.949,"Info","Arena",2,"Exit_Zone",3
3247.949,"Info","Arena",2,"Enter_Zone",4
3248.061,"Info","Arena",7,"Exit_Zone",1
3248.061,"Info","Arena",7,"Enter_Zone",2
3248.164,"Info","Arena",7,"Exit_Zone",2
3248.164,"Info","Arena",7,"Enter_Zone",1
3248.290,"Info","Arena",7,"Exit_Zone",1
3248.290,"Info","Arena",7,"Enter_Zone",2
3248.359,"Info","Arena",1,"Exit_Zone",2
3248.359,"Info","Arena",1,"Enter_Zone",4
3248.395,"Info","Arena",2,"Exit_Zone",4
3248.395,"Info","Arena",2,"Enter_Zone",2
3248.461,"Info","Arena",7,"Exit_Zone",2
3248.461,"Info","Arena",7,"Enter_Zone",1
3248.528,"Info","Arena",7,"Exit_Zone",1
3248.528,"Info","Arena",7,"Enter_Zone",2
3248.638,"Info","Arena",7,"Exit_Zone",2
3248.638,"Info","Arena",7,"Enter_Zone",1
3248.674,"Info","Arena",7,"Exit_Zone",1
3248.674,"Info","Arena",7,"Enter_Zone",2
3248.897,"Info","Arena",7,"Exit_Zone",2
3248.897,"Info","Arena",7,"Enter_Zone",1
3249.347,"Info","Arena",1,"Exit_Zone",4
3249.347,"Info","Arena",1,"Enter_Zone",3
3249.387,"Info","Arena",4,"Exit_Zone",4
3249.387,"Info","Arena",4,"Enter_Zone",1
3249.641,"Info","Arena",8,"Exit_Zone",1
3249.641,"Info","Arena",8,"Enter_Zone",4
3249.860,"Info","Arena",4,"Exit_Zone",1
3249.860,"Info","Arena",4,"Enter_Zone",4
3250.332,"Info","Arena",7,"Exit_Zone",1
3250.332,"Info","Arena",7,"Enter_Zone",2
3251.073,"Info","Arena",7,"Exit_Zone",2
3251.073,"Info","Arena",7,"Enter_Zone",4
3251.148,"Info","Arena",4,"Exit_Zone",4
3251.148,"Info","Arena",4,"Enter_Zone",2
3251.270,"Info","Arena",7,"Exit_Zone",4
3251.270,"Info","Arena",7,"Enter_Zone",1
3252.498,"Info","Arena",2,"Exit_Zone",2
3252.498,"Info","Arena",2,"Enter_Zone",4
3252.564,"Info","Arena",5,"Exit_Zone",1
3252.564,"Info","Arena",5,"Enter_Zone",4
3252.732,"Info","Arena",2,"Exit_Zone",4
3252.732,"Info","Arena",2,"Enter_Zone",1
3252.897,"Info","Arena",2,"Exit_Zone",1
3252.897,"Info","Arena",2,"Enter_Zone",3
3252.963,"Info","Arena",2,"Exit_Zone",3
3252.963,"Info","Arena",2,"Enter_Zone",1
3253.127,"Info","Arena",8,"Exit_Zone",4
3253.127,"Info","Arena",8,"Enter_Zone",2
3255.094,"Info","Arena",7,"Exit_Zone",1
3255.094,"Info","Arena",7,"Enter_Zone",4
3255.283,"Info","Arena",1,"Exit_Zone",3
3255.283,"Info","Arena",1,"Enter_Zone",4
3255.320,"Info","Arena",5,"Exit_Zone",4
3255.320,"Info","Arena",5,"Enter_Zone",3
3255.610,"Info","Arena",7,"Exit_Zone",4
3255.610,"Info","Arena",7,"Enter_Zone",2
3255.646,"Info","Arena",2,"Exit_Zone",1
3255.646,"Info","Arena",2,"Enter_Zone",4
3255.646,"Info","Arena",7,"Exit_Zone",2
3255.646,"Info","Arena",7,"Enter_Zone",4
3255.758,"Info","Arena",7,"Exit_Zone",4
3255.758,"Info","Arena",7,"Enter_Zone",1
3255.897,"Info","Arena",7,"Exit_Zone",1
3255.897,"Info","Arena",7,"Enter_Zone",3
3256.046,"Info","Arena",1,"Exit_Zone",4
3256.046,"Info","Arena",1,"Enter_Zone",1
3256.154,"Info","Arena",2,"Exit_Zone",4
3256.154,"Info","Arena",2,"Enter_Zone",3
3256.154,"Info","Arena",8,"Exit_Zone",2
3256.154,"Info","Arena",8,"Enter_Zone",4
3256.388,"Info","Arena",7,"Exit_Zone",3
3256.388,"Info","Arena",7,"Enter_Zone",1
3256.427,"Info","Arena",7,"Exit_Zone",1
3256.427,"Info","Arena",7,"Enter_Zone",3
3256.462,"Info","Arena",7,"Exit_Zone",3
3256.462,"Info","Arena",7,"Enter_Zone",1
3256.964,"Info","Arena",8,"Exit_Zone",4
3256.964,"Info","Arena",8,"Enter_Zone",1
3257.000,"Info","Arena",7,"Exit_Zone",1
3257.000,"Info","Arena",7,"Enter_Zone",3
3257.072,"Info","Arena",7,"Exit_Zone",3
3257.072,"Info","Arena",7,"Enter_Zone",1
3257.179,"Info","Arena",7,"Exit_Zone",1
3257.179,"Info","Arena",7,"Enter_Zone",3
3257.438,"Info","Arena",7,"Exit_Zone",3
3257.438,"Info","Arena",7,"Enter_Zone",1
3257.543,"Info","Arena",7,"Exit_Zone",1
3257.543,"Info","Arena",7,"Enter_Zone",3
3257.720,"Info","Arena",4,"Exit_Zone",2
3257.720,"Info","Arena",4,"Enter_Zone",4
3257.789,"Info","Arena",7,"Exit_Zone",3
3257.789,"Info","Arena",7,"Enter_Zone",1
3257.823,"Info","Arena",7,"Exit_Zone",1
3257.823,"Info","Arena",7,"Enter_Zone",3
3258.061,"Info","Arena",7,"Exit_Zone",3
3258.061,"Info","Arena",7,"Enter_Zone",1
3258.096,"Info","Arena",7,"Exit_Zone",1
3258.096,"Info","Arena",7,"Enter_Zone",3
3258.303,"Info","Arena",7,"Exit_Zone",3
3258.303,"Info","Arena",7,"Enter_Zone",1
3258.460,"Info","Arena",7,"Exit_Zone",1
3258.460,"Info","Arena",7,"Enter_Zone",3
3258.591,"Info","Arena",7,"Exit_Zone",3
3258.591,"Info","Arena",7,"Enter_Zone",1
3258.623,"Info","Arena",7,"Exit_Zone",1
3258.623,"Info","Arena",7,"Enter_Zone",3
3258.656,"Info","Arena",7,"Exit_Zone",3
3258.656,"Info","Arena",7,"Enter_Zone",1
3258.867,"Info","Arena",7,"Exit_Zone",1
3258.867,"Info","Arena",7,"Enter_Zone",3
3259.153,"Info","Arena",7,"Exit_Zone",3
3259.153,"Info","Arena",7,"Enter_Zone",1
3259.348,"Info","Arena",7,"Exit_Zone",1
3259.348,"Info","Arena",7,"Enter_Zone",2
3259.576,"Info","Arena",4,"Exit_Zone",4
3259.576,"Info","Arena",4,"Enter_Zone",3
3260.454,"Info","Arena",7,"Exit_Zone",2
3260.454,"Info","Arena",7,"Enter_Zone",1
3260.488,"Info","Arena",7,"Exit_Zone",1
3260.488,"Info","Arena",7,"Enter_Zone",2
3260.989,"Info","Arena",7,"Exit_Zone",2
3260.989,"Info","Arena",7,"Enter_Zone",1
3261.189,"Info","Arena",7,"Exit_Zone",1
3261.189,"Info","Arena",7,"Enter_Zone",2
3261.267,"Info","Arena",7,"Exit_Zone",2
3261.267,"Info","Arena",7,"Enter_Zone",1
3261.302,"Info","Arena",7,"Exit_Zone",1
3261.302,"Info","Arena",7,"Enter_Zone",2
3261.335,"Info","Arena",7,"Exit_Zone",2
3261.335,"Info","Arena",7,"Enter_Zone",1
3261.402,"Info","Arena",7,"Exit_Zone",1
3261.402,"Info","Arena",7,"Enter_Zone",2
3261.643,"Info","Arena",4,"Exit_Zone",3
3261.643,"Info","Arena",4,"Enter_Zone",4
3261.714,"Info","Arena",5,"Exit_Zone",3
3261.714,"Info","Arena",5,"Enter_Zone",4
3261.714,"Info","Arena",8,"Exit_Zone",1
3261.714,"Info","Arena",8,"Enter_Zone",4
3262.387,"Info","Arena",1,"Exit_Zone",1
3262.387,"Info","Arena",1,"Enter_Zone",4
3262.457,"Info","Arena",1,"Exit_Zone",4
3262.457,"Info","Arena",1,"Enter_Zone",2
3262.493,"Info","Arena",7,"Exit_Zone",2
3262.493,"Info","Arena",7,"Enter_Zone",1
3262.704,"Info","Arena",7,"Exit_Zone",1
3262.704,"Info","Arena",7,"Enter_Zone",2
3262.883,"Info","Arena",8,"Exit_Zone",4
3262.883,"Info","Arena",8,"Enter_Zone",3
3263.216,"Info","Arena",7,"Exit_Zone",2
3263.216,"Info","Arena",7,"Enter_Zone",4
3263.680,"Info","Arena",7,"Exit_Zone",4
3263.680,"Info","Arena",7,"Enter_Zone",1
3265.047,"Info","Arena",4,"Exit_Zone",4
3265.047,"Info","Arena",4,"Enter_Zone",2
3266.254,"Info","Arena",7,"Exit_Zone",1
3266.254,"Info","Arena",7,"Enter_Zone",4
3266.584,"Info","Arena",8,"Exit_Zone",3
3266.584,"Info","Arena",8,"Enter_Zone",4
3266.690,"Info","Arena",7,"Exit_Zone",4
3266.690,"Info","Arena",7,"Enter_Zone",3
3266.868,"Info","Arena",1,"Exit_Zone",2
3266.868,"Info","Arena",1,"Enter_Zone",4
3267.240,"Info","Arena",7,"Exit_Zone",3
3267.240,"Info","Arena",7,"Enter_Zone",1
3267.274,"Info","Arena",5,"Exit_Zone",4
3267.274,"Info","Arena",5,"Enter_Zone",2
3267.553,"Info","Arena",7,"Exit_Zone",1
3267.553,"Info","Arena",7,"Enter_Zone",3
3267.804,"Info","Arena",1,"Exit_Zone",4
3267.804,"Info","Arena",1,"Enter_Zone",1
3267.838,"Info","Arena",8,"Exit_Zone",4
3267.838,"Info","Arena",8,"Enter_Zone",2
3268.189,"Info","Arena",7,"Exit_Zone",3
3268.189,"Info","Arena",7,"Enter_Zone",1
3268.542,"Info","Arena",7,"Exit_Zone",1
3268.542,"Info","Arena",7,"Enter_Zone",3
3269.155,"Info","Arena",2,"Exit_Zone",3
3269.155,"Info","Arena",2,"Enter_Zone",4
3269.482,"Info","Arena",7,"Exit_Zone",3
3269.482,"Info","Arena",7,"Enter_Zone",1
3269.549,"Info","Arena",7,"Exit_Zone",1
3269.549,"Info","Arena",7,"Enter_Zone",4
3269.585,"Info","Arena",2,"Exit_Zone",4
3269.585,"Info","Arena",2,"Enter_Zone",2
3269.585,"Info","Arena",7,"Exit_Zone",4
3269.585,"Info","Arena",7,"Enter_Zone",1
3269.684,"Info","Arena",7,"Exit_Zone",1
3269.684,"Info","Arena",7,"Enter_Zone",4
3269.723,"Info","Arena",4,"Exit_Zone",2
3269.723,"Info","Arena",4,"Enter_Zone",4
3270.386,"Info","Arena",7,"Exit_Zone",4
3270.386,"Info","Arena",7,"Enter_Zone",2
3270.490,"Info","Arena",7,"Exit_Zone",2
3270.490,"Info","Arena",7,"Enter_Zone",1
3270.718,"Info","Arena",7,"Exit_Zone",1
3270.718,"Info","Arena",7,"Enter_Zone",2
3270.922,"Info","Arena",8,"Exit_Zone",2
3270.922,"Info","Arena",8,"Enter_Zone",4
3271.028,"Info","Arena",8,"Exit_Zone",4
3271.028,"Info","Arena",8,"Enter_Zone",2
3271.063,"Info","Arena",8,"Exit_Zone",2
3271.063,"Info","Arena",8,"Enter_Zone",4
3271.101,"Info","Arena",4,"Exit_Zone",4
3271.101,"Info","Arena",4,"Enter_Zone",2
3271.101,"Info","Arena",7,"Exit_Zone",2
3271.101,"Info","Arena",7,"Enter_Zone",1
3271.203,"Info","Arena",7,"Exit_Zone",1
3271.203,"Info","Arena",7,"Enter_Zone",2
3271.499,"Info","Arena",7,"Exit_Zone",2
3271.499,"Info","Arena",7,"Enter_Zone",1
3271.741,"Info","Arena",7,"Exit_Zone",1
3271.741,"Info","Arena",7,"Enter_Zone",2
3271.776,"Info","Arena",7,"Exit_Zone",2
3271.776,"Info","Arena",7,"Enter_Zone",1
3271.914,"Info","Arena",7,"Exit_Zone",1
3271.914,"Info","Arena",7,"Enter_Zone",2
3271.949,"Info","Arena",2,"Exit_Zone",2
3271.949,"Info","Arena",2,"Enter_Zone",3
3272.296,"Info","Arena",1,"Exit_Zone",1
3272.296,"Info","Arena",1,"Enter_Zone",4
3272.330,"Info","Arena",7,"Exit_Zone",2
3272.330,"Info","Arena",7,"Enter_Zone",1
3272.365,"Info","Arena",2,"Exit_Zone",3
3272.365,"Info","Arena",2,"Enter_Zone",2
3272.365,"Info","Arena",7,"Exit_Zone",1
3272.365,"Info","Arena",7,"Enter_Zone",2
3272.365,"Info","Arena",8,"Exit_Zone",4
3272.365,"Info","Arena",8,"Enter_Zone",3
3272.472,"Info","Arena",1,"Exit_Zone",4
3272.472,"Info","Arena",1,"Enter_Zone",2
3272.543,"Info","Arena",5,"Exit_Zone",2
3272.543,"Info","Arena",5,"Enter_Zone",4
3272.880,"Info","Arena",7,"Exit_Zone",2
3272.880,"Info","Arena",7,"Enter_Zone",1
3273.181,"Info","Arena",2,"Exit_Zone",2
3273.181,"Info","Arena",2,"Enter_Zone",4
3273.225,"Info","Arena",5,"Exit_Zone",4
3273.225,"Info","Arena",5,"Enter_Zone",1
3273.793,"Info","Arena",7,"Exit_Zone",1
3273.793,"Info","Arena",7,"Enter_Zone",2
3274.225,"Info","Arena",2,"Exit_Zone",4
3274.225,"Info","Arena",2,"Enter_Zone",1
3274.641,"Info","Arena",7,"Exit_Zone",2
3274.641,"Info","Arena",7,"Enter_Zone",4
3275.303,"Info","Arena",7,"Exit_Zone",4
3275.303,"Info","Arena",7,"Enter_Zone",1
3275.440,"Info","Arena",2,"Exit_Zone",1
3275.440,"Info","Arena",2,"Enter_Zone",3
3275.537,"Info","Arena",2,"Exit_Zone",3
3275.537,"Info","Arena",2,"Enter_Zone",1
3276.452,"Info","Arena",2,"Exit_Zone",1
3276.452,"Info","Arena",2,"Enter_Zone",3
3276.483,"Info","Arena",2,"Exit_Zone",3
3276.483,"Info","Arena",2,"Enter_Zone",1
3277.399,"Info","Arena",5,"Exit_Zone",1
3277.399,"Info","Arena",5,"Enter_Zone",4
3277.436,"Info","Arena",5,"Exit_Zone",4
3277.436,"Info","Arena",5,"Enter_Zone",2
3277.616,"Info","Arena",2,"Exit_Zone",1
3277.616,"Info","Arena",2,"Enter_Zone",4
3277.653,"Info","Arena",6,"Exit_Zone",1
3277.653,"Info","Arena",6,"Enter_Zone",4
3278.143,"Info","Arena",2,"Exit_Zone",4
3278.143,"Info","Arena",2,"Enter_Zone",3
3278.922,"Info","Arena",6,"Exit_Zone",4
3278.922,"Info","Arena",6,"Enter_Zone",3
3280.129,"Info","Arena",7,"Exit_Zone",1
3280.129,"Info","Arena",7,"Enter_Zone",4
3280.570,"Info","Arena",5,"Exit_Zone",2
3280.570,"Info","Arena",5,"Enter_Zone",4
3280.641,"Info","Arena",7,"Exit_Zone",4
3280.641,"Info","Arena",7,"Enter_Zone",1
3280.815,"Info","Arena",1,"Exit_Zone",2
3280.815,"Info","Arena",1,"Enter_Zone",4
3281.108,"Info","Arena",5,"Exit_Zone",4
3281.108,"Info","Arena",5,"Enter_Zone",3
3281.700,"Info","Arena",1,"Exit_Zone",4
3281.700,"Info","Arena",1,"Enter_Zone",1
3282.843,"Info","Arena",4,"Exit_Zone",2
3282.843,"Info","Arena",4,"Enter_Zone",4
3283.017,"Info","Arena",4,"Exit_Zone",4
3283.017,"Info","Arena",4,"Enter_Zone",2
3283.052,"Info","Arena",2,"Exit_Zone",3
3283.052,"Info","Arena",2,"Enter_Zone",4
3283.052,"Info","Arena",4,"Exit_Zone",2
3283.052,"Info","Arena",4,"Enter_Zone",4
3283.088,"Info","Arena",4,"Exit_Zone",4
3283.088,"Info","Arena",4,"Enter_Zone",2
3283.160,"Info","Arena",2,"Exit_Zone",4
3283.160,"Info","Arena",2,"Enter_Zone",2
3283.312,"Info","Arena",4,"Exit_Zone",2
3283.312,"Info","Arena",4,"Enter_Zone",4
3283.348,"Info","Arena",4,"Exit_Zone",4
3283.348,"Info","Arena",4,"Enter_Zone",2
3283.523,"Info","Arena",8,"Exit_Zone",3
3283.523,"Info","Arena",8,"Enter_Zone",4
3283.667,"Info","Arena",4,"Exit_Zone",2
3283.667,"Info","Arena",4,"Enter_Zone",4
3283.704,"Info","Arena",4,"Exit_Zone",4
3283.704,"Info","Arena",4,"Enter_Zone",2
3283.740,"Info","Arena",8,"Exit_Zone",4
3283.740,"Info","Arena",8,"Enter_Zone",2
3283.779,"Info","Arena",4,"Exit_Zone",2
3283.779,"Info","Arena",4,"Enter_Zone",4
3283.815,"Info","Arena",4,"Exit_Zone",4
3283.815,"Info","Arena",4,"Enter_Zone",2
3283.851,"Info","Arena",4,"Exit_Zone",2
3283.851,"Info","Arena",4,"Enter_Zone",4
3283.887,"Info","Arena",4,"Exit_Zone",4
3283.887,"Info","Arena",4,"Enter_Zone",2
3283.887,"Info","Arena",5,"Exit_Zone",3
3283.887,"Info","Arena",5,"Enter_Zone",4
3284.030,"Info","Arena",4,"Exit_Zone",2
3284.030,"Info","Arena",4,"Enter_Zone",4
3284.100,"Info","Arena",4,"Exit_Zone",4
3284.100,"Info","Arena",4,"Enter_Zone",2
3284.100,"Info","Arena",7,"Exit_Zone",1
3284.100,"Info","Arena",7,"Enter_Zone",4
3284.173,"Info","Arena",7,"Exit_Zone",4
3284.173,"Info","Arena",7,"Enter_Zone",2
3284.219,"Info","Arena",4,"Exit_Zone",2
3284.219,"Info","Arena",4,"Enter_Zone",4
3284.361,"Info","Arena",4,"Exit_Zone",4
3284.361,"Info","Arena",4,"Enter_Zone",2
3284.503,"Info","Arena",7,"Exit_Zone",2
3284.503,"Info","Arena",7,"Enter_Zone",1
3284.674,"Info","Arena",4,"Exit_Zone",2
3284.674,"Info","Arena",4,"Enter_Zone",4
3284.780,"Info","Arena",2,"Exit_Zone",2
3284.780,"Info","Arena",2,"Enter_Zone",3
3284.780,"Info","Arena",4,"Exit_Zone",4
3284.780,"Info","Arena",4,"Enter_Zone",2
3284.814,"Info","Arena",4,"Exit_Zone",2
3284.814,"Info","Arena",4,"Enter_Zone",4
3284.850,"Info","Arena",4,"Exit_Zone",4
3284.850,"Info","Arena",4,"Enter_Zone",2
3284.989,"Info","Arena",2,"Exit_Zone",3
3284.989,"Info","Arena",2,"Enter_Zone",2
3285.094,"Info","Arena",6,"Exit_Zone",3
3285.094,"Info","Arena",6,"Enter_Zone",4
3285.250,"Info","Arena",5,"Exit_Zone",4
3285.250,"Info","Arena",5,"Enter_Zone",2
3285.466,"Info","Arena",7,"Exit_Zone",1
3285.466,"Info","Arena",7,"Enter_Zone",2
3285.729,"Info","Arena",1,"Exit_Zone",1
3285.729,"Info","Arena",1,"Enter_Zone",4
3285.881,"Info","Arena",2,"Exit_Zone",2
3285.881,"Info","Arena",2,"Enter_Zone",4
3285.881,"Info","Arena",7,"Exit_Zone",2
3285.881,"Info","Arena",7,"Enter_Zone",1
3286.066,"Info","Arena",8,"Exit_Zone",2
3286.066,"Info","Arena",8,"Enter_Zone",4
3286.182,"Info","Arena",2,"Exit_Zone",4
3286.182,"Info","Arena",2,"Enter_Zone",3
3286.565,"Info","Arena",8,"Exit_Zone",4
3286.565,"Info","Arena",8,"Enter_Zone",3
3286.640,"Info","Arena",1,"Exit_Zone",4
3286.640,"Info","Arena",1,"Enter_Zone",2
3286.745,"Info","Arena",7,"Exit_Zone",1
3286.745,"Info","Arena",7,"Enter_Zone",2
3286.820,"Info","Arena",4,"Exit_Zone",2
3286.820,"Info","Arena",4,"Enter_Zone",4
3286.893,"Info","Arena",4,"Exit_Zone",4
3286.893,"Info","Arena",4,"Enter_Zone",2
3287.413,"Info","Arena",7,"Exit_Zone",2
3287.413,"Info","Arena",7,"Enter_Zone",4
3287.918,"Info","Arena",7,"Exit_Zone",4
3287.918,"Info","Arena",7,"Enter_Zone",3
3288.226,"Info","Arena",6,"Exit_Zone",4
3288.226,"Info","Arena",6,"Enter_Zone",2
3288.299,"Info","Arena",7,"Exit_Zone",3
3288.299,"Info","Arena",7,"Enter_Zone",1
3288.450,"Info","Arena",7,"Exit_Zone",1
3288.450,"Info","Arena",7,"Enter_Zone",3
3288.525,"Info","Arena",4,"Exit_Zone",2
3288.525,"Info","Arena",4,"Enter_Zone",4
3288.717,"Info","Arena",3,"Exit_Zone",3
3288.717,"Info","Arena",3,"Enter_Zone",4
3288.830,"Info","Arena",7,"Exit_Zone",3
3288.830,"Info","Arena",7,"Enter_Zone",1
3288.869,"Info","Arena",4,"Exit_Zone",4
3288.869,"Info","Arena",4,"Enter_Zone",3
3288.943,"Info","Arena",7,"Exit_Zone",1
3288.943,"Info","Arena",7,"Enter_Zone",3
3289.018,"Info","Arena",7,"Exit_Zone",3
3289.018,"Info","Arena",7,"Enter_Zone",1
3289.329,"Info","Arena",1,"Exit_Zone",2
3289.329,"Info","Arena",1,"Enter_Zone",4
3289.401,"Info","Arena",3,"Exit_Zone",4
3289.401,"Info","Arena",3,"Enter_Zone",1
3289.438,"Info","Arena",7,"Exit_Zone",1
3289.438,"Info","Arena",7,"Enter_Zone",3
3289.478,"Info","Arena",5,"Exit_Zone",2
3289.478,"Info","Arena",5,"Enter_Zone",4
3289.777,"Info","Arena",1,"Exit_Zone",4
3289.777,"Info","Arena",1,"Enter_Zone",1
3289.777,"Info","Arena",7,"Exit_Zone",3
3289.777,"Info","Arena",7,"Enter_Zone",1
3289.777,"Info","Arena",8,"Exit_Zone",3
3289.777,"Info","Arena",8,"Enter_Zone",4
3289.925,"Info","Arena",7,"Exit_Zone",1
3289.925,"Info","Arena",7,"Enter_Zone",3
3290.071,"Info","Arena",8,"Exit_Zone",4
3290.071,"Info","Arena",8,"Enter_Zone",2
3290.141,"Info","Arena",5,"Exit_Zone",4
3290.141,"Info","Arena",5,"Enter_Zone",1
3290.369,"Info","Arena",7,"Exit_Zone",3
3290.369,"Info","Arena",7,"Enter_Zone",1
3290.403,"Info","Arena",7,"Exit_Zone",1
3290.403,"Info","Arena",7,"Enter_Zone",3
3290.942,"Info","Arena",7,"Exit_Zone",3
3290.942,"Info","Arena",7,"Enter_Zone",1
3291.249,"Info","Arena",7,"Exit_Zone",1
3291.249,"Info","Arena",7,"Enter_Zone",3
3291.457,"Info","Arena",7,"Exit_Zone",3
3291.457,"Info","Arena",7,"Enter_Zone",1
3291.489,"Info","Arena",7,"Exit_Zone",1
3291.489,"Info","Arena",7,"Enter_Zone",3
3291.831,"Info","Arena",4,"Exit_Zone",3
3291.831,"Info","Arena",4,"Enter_Zone",4
3291.936,"Info","Arena",7,"Exit_Zone",3
3291.936,"Info","Arena",7,"Enter_Zone",4
3292.491,"Info","Arena",8,"Exit_Zone",2
3292.491,"Info","Arena",8,"Enter_Zone",4
3292.951,"Info","Arena",8,"Exit_Zone",4
3292.951,"Info","Arena",8,"Enter_Zone",3
3293.357,"Info","Arena",7,"Exit_Zone",4
3293.357,"Info","Arena",7,"Enter_Zone",1
3293.430,"Info","Arena",4,"Exit_Zone",4
3293.430,"Info","Arena",4,"Enter_Zone",3
3293.718,"Info","Arena",7,"Exit_Zone",1
3293.718,"Info","Arena",7,"Enter_Zone",2
3293.939,"Info","Arena",4,"Exit_Zone",3
3293.939,"Info","Arena",4,"Enter_Zone",4
3294.317,"Info","Arena",7,"Exit_Zone",2
3294.317,"Info","Arena",7,"Enter_Zone",1
3294.458,"Info","Arena",1,"Exit_Zone",1
3294.458,"Info","Arena",1,"Enter_Zone",4
3294.458,"Info","Arena",7,"Exit_Zone",1
3294.458,"Info","Arena",7,"Enter_Zone",2
3294.568,"Info","Arena",7,"Exit_Zone",2
3294.568,"Info","Arena",7,"Enter_Zone",1
3294.957,"Info","Arena",6,"Exit_Zone",2
3294.957,"Info","Arena",6,"Enter_Zone",4
3295.067,"Info","Arena",1,"Exit_Zone",4
3295.067,"Info","Arena",1,"Enter_Zone",2
3295.171,"Info","Arena",7,"Exit_Zone",1
3295.171,"Info","Arena",7,"Enter_Zone",2
3295.661,"Info","Arena",7,"Exit_Zone",2
3295.661,"Info","Arena",7,"Enter_Zone",1
3295.696,"Info","Arena",2,"Exit_Zone",3
3295.696,"Info","Arena",2,"Enter_Zone",4
3295.734,"Info","Arena",7,"Exit_Zone",1
3295.734,"Info","Arena",7,"Enter_Zone",2
3295.845,"Info","Arena",7,"Exit_Zone",2
3295.845,"Info","Arena",7,"Enter_Zone",1
3295.988,"Info","Arena",7,"Exit_Zone",1
3295.988,"Info","Arena",7,"Enter_Zone",2
3296.180,"Info","Arena",2,"Exit_Zone",4
3296.180,"Info","Arena",2,"Enter_Zone",2
3296.384,"Info","Arena",4,"Exit_Zone",4
3296.384,"Info","Arena",4,"Enter_Zone",3
3296.614,"Info","Arena",4,"Exit_Zone",3
3296.614,"Info","Arena",4,"Enter_Zone",4
3296.654,"Info","Arena",5,"Exit_Zone",1
3296.654,"Info","Arena",5,"Enter_Zone",4
3296.731,"Info","Arena",5,"Exit_Zone",4
3296.731,"Info","Arena",5,"Enter_Zone",2
3296.809,"Info","Arena",7,"Exit_Zone",2
3296.809,"Info","Arena",7,"Enter_Zone",1
3296.847,"Info","Arena",4,"Exit_Zone",4
3296.847,"Info","Arena",4,"Enter_Zone",1
3297.140,"Info","Arena",4,"Exit_Zone",1
3297.140,"Info","Arena",4,"Enter_Zone",4
3297.177,"Info","Arena",7,"Exit_Zone",1
3297.177,"Info","Arena",7,"Enter_Zone",2
3297.225,"Info","Arena",7,"Exit_Zone",2
3297.225,"Info","Arena",7,"Enter_Zone",4
3297.674,"Info","Arena",7,"Exit_Zone",4
3297.674,"Info","Arena",7,"Enter_Zone",3
3297.928,"Info","Arena",6,"Exit_Zone",4
3297.928,"Info","Arena",6,"Enter_Zone",3
3297.964,"Info","Arena",2,"Exit_Zone",2
3297.964,"Info","Arena",2,"Enter_Zone",3
3298.148,"Info","Arena",2,"Exit_Zone",3
3298.148,"Info","Arena",2,"Enter_Zone",2
3298.556,"Info","Arena",4,"Exit_Zone",4
3298.556,"Info","Arena",4,"Enter_Zone",1
3298.556,"Info","Arena",7,"Exit_Zone",3
3298.556,"Info","Arena",7,"Enter_Zone",1
3298.730,"Info","Arena",7,"Exit_Zone",1
3298.730,"Info","Arena",7,"Enter_Zone",3
3298.837,"Info","Arena",7,"Exit_Zone",3
3298.837,"Info","Arena",7,"Enter_Zone",1
3299.113,"Info","Arena",7,"Exit_Zone",1
3299.113,"Info","Arena",7,"Enter_Zone",3
3299.569,"Info","Arena",1,"Exit_Zone",2
3299.569,"Info","Arena",1,"Enter_Zone",4
3299.672,"Info","Arena",2,"Exit_Zone",2
3299.672,"Info","Arena",2,"Enter_Zone",3
3299.774,"Info","Arena",2,"Exit_Zone",3
3299.774,"Info","Arena",2,"Enter_Zone",2
3299.875,"Info","Arena",1,"Exit_Zone",4
3299.875,"Info","Arena",1,"Enter_Zone",3
3299.911,"Info","Arena",7,"Exit_Zone",3
3299.911,"Info","Arena",7,"Enter_Zone",1
3300.015,"Info","Arena",7,"Exit_Zone",1
3300.015,"Info","Arena",7,"Enter_Zone",3
3300.164,"Info","Arena",7,"Exit_Zone",3
3300.164,"Info","Arena",7,"Enter_Zone",1
3300.249,"Info","Arena",7,"Exit_Zone",1
3300.249,"Info","Arena",7,"Enter_Zone",3
3300.832,"Info","Arena",7,"Exit_Zone",3
3300.832,"Info","Arena",7,"Enter_Zone",1
3300.869,"Info","Arena",4,"Exit_Zone",1
3300.869,"Info","Arena",4,"Enter_Zone",4
3301.388,"Info","Arena",4,"Exit_Zone",4
3301.388,"Info","Arena",4,"Enter_Zone",3
3301.519,"Info","Arena",2,"Exit_Zone",2
3301.519,"Info","Arena",2,"Enter_Zone",4
3302.004,"Info","Arena",7,"Exit_Zone",1
3302.004,"Info","Arena",7,"Enter_Zone",3
3302.038,"Info","Arena",7,"Exit_Zone",3
3302.038,"Info","Arena",7,"Enter_Zone",1
3302.103,"Info","Arena",7,"Exit_Zone",1
3302.103,"Info","Arena",7,"Enter_Zone",3
3302.330,"Info","Arena",2,"Exit_Zone",4
3302.330,"Info","Arena",2,"Enter_Zone",3
3302.438,"Info","Arena",7,"Exit_Zone",3
3302.438,"Info","Arena",7,"Enter_Zone",1
3302.537,"Info","Arena",7,"Exit_Zone",1
3302.537,"Info","Arena",7,"Enter_Zone",3
3302.949,"Info","Arena",5,"Exit_Zone",2
3302.949,"Info","Arena",5,"Enter_Zone",4
3303.021,"Info","Arena",7,"Exit_Zone",3
3303.021,"Info","Arena",7,"Enter_Zone",1
3303.551,"Info","Arena",5,"Exit_Zone",4
3303.551,"Info","Arena",5,"Enter_Zone",3
3303.587,"Info","Arena",7,"Exit_Zone",1
3303.587,"Info","Arena",7,"Enter_Zone",3
3303.624,"Info","Arena",1,"Exit_Zone",3
3303.624,"Info","Arena",1,"Enter_Zone",4
3303.769,"Info","Arena",7,"Exit_Zone",3
3303.769,"Info","Arena",7,"Enter_Zone",1
3303.875,"Info","Arena",7,"Exit_Zone",1
3303.875,"Info","Arena",7,"Enter_Zone",3
3303.875,"Info","Arena",8,"Exit_Zone",3
3303.875,"Info","Arena",8,"Enter_Zone",1
3303.943,"Info","Arena",8,"Exit_Zone",1
3303.943,"Info","Arena",8,"Enter_Zone",3
3304.016,"Info","Arena",1,"Exit_Zone",4
3304.016,"Info","Arena",1,"Enter_Zone",2
3304.586,"Info","Arena",7,"Exit_Zone",3
3304.586,"Info","Arena",7,"Enter_Zone",1
3304.861,"Info","Arena",7,"Exit_Zone",1
3304.861,"Info","Arena",7,"Enter_Zone",3
3304.896,"Info","Arena",7,"Exit_Zone",3
3304.896,"Info","Arena",7,"Enter_Zone",1
3304.928,"Info","Arena",4,"Exit_Zone",3
3304.928,"Info","Arena",4,"Enter_Zone",4
3305.101,"Info","Arena",7,"Exit_Zone",1
3305.101,"Info","Arena",7,"Enter_Zone",3
3305.319,"Info","Arena",7,"Exit_Zone",3
3305.319,"Info","Arena",7,"Enter_Zone",1
3305.384,"Info","Arena",7,"Exit_Zone",1
3305.384,"Info","Arena",7,"Enter_Zone",3
3305.651,"Info","Arena",7,"Exit_Zone",3
3305.651,"Info","Arena",7,"Enter_Zone",1
3305.717,"Info","Arena",7,"Exit_Zone",1
3305.717,"Info","Arena",7,"Enter_Zone",3
3305.748,"Info","Arena",7,"Exit_Zone",3
3305.748,"Info","Arena",7,"Enter_Zone",1
3305.782,"Info","Arena",7,"Exit_Zone",1
3305.782,"Info","Arena",7,"Enter_Zone",3
3306.251,"Info","Arena",7,"Exit_Zone",3
3306.251,"Info","Arena",7,"Enter_Zone",1
3306.763,"Info","Arena",7,"Exit_Zone",1
3306.763,"Info","Arena",7,"Enter_Zone",3
3307.660,"Info","Arena",4,"Exit_Zone",4
3307.660,"Info","Arena",4,"Enter_Zone",1
3307.660,"Info","Arena",7,"Exit_Zone",3
3307.660,"Info","Arena",7,"Enter_Zone",1
3308.067,"Info","Arena",7,"Exit_Zone",1
3308.067,"Info","Arena",7,"Enter_Zone",3
3308.415,"Info","Arena",7,"Exit_Zone",3
3308.415,"Info","Arena",7,"Enter_Zone",1
3308.792,"Info","Arena",7,"Exit_Zone",1
3308.792,"Info","Arena",7,"Enter_Zone",3
3309.062,"Info","Arena",7,"Exit_Zone",3
3309.062,"Info","Arena",7,"Enter_Zone",1
3309.094,"Info","Arena",7,"Exit_Zone",1
3309.094,"Info","Arena",7,"Enter_Zone",3
3309.472,"Info","Arena",7,"Exit_Zone",3
3309.472,"Info","Arena",7,"Enter_Zone",1
3309.837,"Info","Arena",7,"Exit_Zone",1
3309.837,"Info","Arena",7,"Enter_Zone",3
3310.010,"Info","Arena",1,"Exit_Zone",2
3310.010,"Info","Arena",1,"Enter_Zone",4
3310.297,"Info","Arena",2,"Exit_Zone",3
3310.297,"Info","Arena",2,"Enter_Zone",4
3310.365,"Info","Arena",7,"Exit_Zone",3
3310.365,"Info","Arena",7,"Enter_Zone",1
3310.400,"Info","Arena",7,"Exit_Zone",1
3310.400,"Info","Arena",7,"Enter_Zone",3
3310.576,"Info","Arena",2,"Exit_Zone",4
3310.576,"Info","Arena",2,"Enter_Zone",2
3310.751,"Info","Arena",7,"Exit_Zone",3
3310.751,"Info","Arena",7,"Enter_Zone",1
3310.789,"Info","Arena",7,"Exit_Zone",1
3310.789,"Info","Arena",7,"Enter_Zone",3
3311.252,"Info","Arena",5,"Exit_Zone",3
3311.252,"Info","Arena",5,"Enter_Zone",4
3311.324,"Info","Arena",5,"Exit_Zone",4
3311.324,"Info","Arena",5,"Enter_Zone",3
3311.396,"Info","Arena",5,"Exit_Zone",3
3311.396,"Info","Arena",5,"Enter_Zone",4
3311.435,"Info","Arena",1,"Exit_Zone",4
3311.435,"Info","Arena",1,"Enter_Zone",2
3311.435,"Info","Arena",5,"Exit_Zone",4
3311.435,"Info","Arena",5,"Enter_Zone",3
3311.435,"Info","Arena",7,"Exit_Zone",3
3311.435,"Info","Arena",7,"Enter_Zone",1
3311.472,"Info","Arena",7,"Exit_Zone",1
3311.472,"Info","Arena",7,"Enter_Zone",3
3311.619,"Info","Arena",4,"Exit_Zone",1
3311.619,"Info","Arena",4,"Enter_Zone",4
3312.252,"Info","Arena",5,"Exit_Zone",3
3312.252,"Info","Arena",5,"Enter_Zone",4
3312.325,"Info","Arena",2,"Exit_Zone",2
3312.325,"Info","Arena",2,"Enter_Zone",3
3312.360,"Info","Arena",7,"Exit_Zone",3
3312.360,"Info","Arena",7,"Enter_Zone",1
3312.394,"Info","Arena",2,"Exit_Zone",3
3312.394,"Info","Arena",2,"Enter_Zone",2
3312.465,"Info","Arena",7,"Exit_Zone",1
3312.465,"Info","Arena",7,"Enter_Zone",3
3312.536,"Info","Arena",7,"Exit_Zone",3
3312.536,"Info","Arena",7,"Enter_Zone",1
3312.642,"Info","Arena",2,"Exit_Zone",2
3312.642,"Info","Arena",2,"Enter_Zone",3
3312.713,"Info","Arena",7,"Exit_Zone",1
3312.713,"Info","Arena",7,"Enter_Zone",3
3312.781,"Info","Arena",7,"Exit_Zone",3
3312.781,"Info","Arena",7,"Enter_Zone",1
3312.813,"Info","Arena",2,"Exit_Zone",3
3312.813,"Info","Arena",2,"Enter_Zone",2
3312.916,"Info","Arena",2,"Exit_Zone",2
3312.916,"Info","Arena",2,"Enter_Zone",3
3312.950,"Info","Arena",2,"Exit_Zone",3
3312.950,"Info","Arena",2,"Enter_Zone",2
3313.051,"Info","Arena",2,"Exit_Zone",2
3313.051,"Info","Arena",2,"Enter_Zone",3
3313.083,"Info","Arena",2,"Exit_Zone",3
3313.083,"Info","Arena",2,"Enter_Zone",2
3313.083,"Info","Arena",7,"Exit_Zone",1
3313.083,"Info","Arena",7,"Enter_Zone",3
3313.275,"Info","Arena",4,"Exit_Zone",4
3313.275,"Info","Arena",4,"Enter_Zone",3
3313.700,"Info","Arena",7,"Exit_Zone",3
3313.700,"Info","Arena",7,"Enter_Zone",1
3313.877,"Info","Arena",7,"Exit_Zone",1
3313.877,"Info","Arena",7,"Enter_Zone",3
3313.914,"Info","Arena",7,"Exit_Zone",3
3313.914,"Info","Arena",7,"Enter_Zone",1
3313.984,"Info","Arena",7,"Exit_Zone",1
3313.984,"Info","Arena",7,"Enter_Zone",3
3314.321,"Info","Arena",8,"Exit_Zone",3
3314.321,"Info","Arena",8,"Enter_Zone",1
3314.357,"Info","Arena",8,"Exit_Zone",1
3314.357,"Info","Arena",8,"Enter_Zone",3
3314.463,"Info","Arena",7,"Exit_Zone",3
3314.463,"Info","Arena",7,"Enter_Zone",1
3314.500,"Info","Arena",7,"Exit_Zone",1
3314.500,"Info","Arena",7,"Enter_Zone",3
3314.606,"Info","Arena",5,"Exit_Zone",4
3314.606,"Info","Arena",5,"Enter_Zone",2
3314.606,"Info","Arena",7,"Exit_Zone",3
3314.606,"Info","Arena",7,"Enter_Zone",1
3314.645,"Info","Arena",2,"Exit_Zone",2
3314.645,"Info","Arena",2,"Enter_Zone",4
3314.896,"Info","Arena",7,"Exit_Zone",1
3314.896,"Info","Arena",7,"Enter_Zone",3
3315.263,"Info","Arena",2,"Exit_Zone",4
3315.263,"Info","Arena",2,"Enter_Zone",3
3315.482,"Info","Arena",7,"Exit_Zone",3
3315.482,"Info","Arena",7,"Enter_Zone",1
3315.585,"Info","Arena",7,"Exit_Zone",1
3315.585,"Info","Arena",7,"Enter_Zone",3
3315.833,"Info","Arena",1,"Exit_Zone",2
3315.833,"Info","Arena",1,"Enter_Zone",4
3316.078,"Info","Arena",7,"Exit_Zone",3
3316.078,"Info","Arena",7,"Enter_Zone",1
3316.262,"Info","Arena",7,"Exit_Zone",1
3316.262,"Info","Arena",7,"Enter_Zone",3
3316.337,"Info","Arena",1,"Exit_Zone",4
3316.337,"Info","Arena",1,"Enter_Zone",3
3317.608,"Info","Arena",7,"Exit_Zone",3
3317.608,"Info","Arena",7,"Enter_Zone",1
3317.641,"Info","Arena",7,"Exit_Zone",1
3317.641,"Info","Arena",7,"Enter_Zone",3
3317.744,"Info","Arena",7,"Exit_Zone",3
3317.744,"Info","Arena",7,"Enter_Zone",1
3317.962,"Info","Arena",4,"Exit_Zone",3
3317.962,"Info","Arena",4,"Enter_Zone",4
3317.962,"Info","Arena",7,"Exit_Zone",1
3317.962,"Info","Arena",7,"Enter_Zone",3
3318.292,"Info","Arena",7,"Exit_Zone",3
3318.292,"Info","Arena",7,"Enter_Zone",1
3318.353,"Info","Arena",7,"Exit_Zone",1
3318.353,"Info","Arena",7,"Enter_Zone",3
3318.605,"Info","Arena",7,"Exit_Zone",3
3318.605,"Info","Arena",7,"Enter_Zone",1
3318.785,"Info","Arena",7,"Exit_Zone",1
3318.785,"Info","Arena",7,"Enter_Zone",3
3319.225,"Info","Arena",6,"Exit_Zone",3
3319.225,"Info","Arena",6,"Enter_Zone",4
3319.467,"Info","Arena",7,"Exit_Zone",3
3319.467,"Info","Arena",7,"Enter_Zone",1
3319.828,"Info","Arena",7,"Exit_Zone",1
3319.828,"Info","Arena",7,"Enter_Zone",3
3320.016,"Info","Arena",7,"Exit_Zone",3
3320.016,"Info","Arena",7,"Enter_Zone",1
3320.054,"Info","Arena",7,"Exit_Zone",1
3320.054,"Info","Arena",7,"Enter_Zone",3
3320.437,"Info","Arena",4,"Exit_Zone",4
3320.437,"Info","Arena",4,"Enter_Zone",3
3320.437,"Info","Arena",6,"Exit_Zone",4
3320.437,"Info","Arena",6,"Enter_Zone",2
3321.169,"Info","Arena",2,"Exit_Zone",3
3321.169,"Info","Arena",2,"Enter_Zone",4
3321.251,"Info","Arena",3,"Exit_Zone",1
3321.251,"Info","Arena",3,"Enter_Zone",4
3321.291,"Info","Arena",2,"Exit_Zone",4
3321.291,"Info","Arena",2,"Enter_Zone",2
3321.291,"Info","Arena",5,"Exit_Zone",2
3321.291,"Info","Arena",5,"Enter_Zone",4
3321.472,"Info","Arena",7,"Exit_Zone",3
3321.472,"Info","Arena",7,"Enter_Zone",1
3321.542,"Info","Arena",1,"Exit_Zone",3
3321.542,"Info","Arena",1,"Enter_Zone",4
3321.788,"Info","Arena",5,"Exit_Zone",4
3321.788,"Info","Arena",5,"Enter_Zone",1
3321.788,"Info","Arena",7,"Exit_Zone",1
3321.788,"Info","Arena",7,"Enter_Zone",3
3321.964,"Info","Arena",3,"Exit_Zone",4
3321.964,"Info","Arena",3,"Enter_Zone",3
3322.003,"Info","Arena",7,"Exit_Zone",3
3322.003,"Info","Arena",7,"Enter_Zone",1
3322.137,"Info","Arena",1,"Exit_Zone",4
3322.137,"Info","Arena",1,"Enter_Zone",1
3322.643,"Info","Arena",7,"Exit_Zone",1
3322.643,"Info","Arena",7,"Enter_Zone",3
3323.002,"Info","Arena",7,"Exit_Zone",3
3323.002,"Info","Arena",7,"Enter_Zone",1
3323.133,"Info","Arena",7,"Exit_Zone",1
3323.133,"Info","Arena",7,"Enter_Zone",3
3323.244,"Info","Arena",2,"Exit_Zone",2
3323.244,"Info","Arena",2,"Enter_Zone",3
3323.408,"Info","Arena",7,"Exit_Zone",3
3323.408,"Info","Arena",7,"Enter_Zone",1
3323.473,"Info","Arena",2,"Exit_Zone",3
3323.473,"Info","Arena",2,"Enter_Zone",2
3323.473,"Info","Arena",7,"Exit_Zone",1
3323.473,"Info","Arena",7,"Enter_Zone",3
3323.880,"Info","Arena",6,"Exit_Zone",2
3323.880,"Info","Arena",6,"Enter_Zone",4
3323.948,"Info","Arena",7,"Exit_Zone",3
3323.948,"Info","Arena",7,"Enter_Zone",1
3324.080,"Info","Arena",7,"Exit_Zone",1
3324.080,"Info","Arena",7,"Enter_Zone",3
3324.439,"Info","Arena",4,"Exit_Zone",3
3324.439,"Info","Arena",4,"Enter_Zone",4
3324.613,"Info","Arena",2,"Exit_Zone",2
3324.613,"Info","Arena",2,"Enter_Zone",4
3325.033,"Info","Arena",2,"Exit_Zone",4
3325.033,"Info","Arena",2,"Enter_Zone",3
3325.033,"Info","Arena",4,"Exit_Zone",4
3325.033,"Info","Arena",4,"Enter_Zone",2
3325.070,"Info","Arena",1,"Exit_Zone",1
3325.070,"Info","Arena",1,"Enter_Zone",4
3325.105,"Info","Arena",7,"Exit_Zone",3
3325.105,"Info","Arena",7,"Enter_Zone",1
3325.294,"Info","Arena",6,"Exit_Zone",4
3325.294,"Info","Arena",6,"Enter_Zone",3
3325.603,"Info","Arena",1,"Exit_Zone",4
3325.603,"Info","Arena",1,"Enter_Zone",2
3325.874,"Info","Arena",5,"Exit_Zone",1
3325.874,"Info","Arena",5,"Enter_Zone",4
3326.110,"Info","Arena",7,"Exit_Zone",1
3326.110,"Info","Arena",7,"Enter_Zone",3
3326.224,"Info","Arena",7,"Exit_Zone",3
3326.224,"Info","Arena",7,"Enter_Zone",1
3326.326,"Info","Arena",7,"Exit_Zone",1
3326.326,"Info","Arena",7,"Enter_Zone",2
3326.776,"Info","Arena",7,"Exit_Zone",2
3326.776,"Info","Arena",7,"Enter_Zone",1
3327.180,"Info","Arena",5,"Exit_Zone",4
3327.180,"Info","Arena",5,"Enter_Zone",3
3327.486,"Info","Arena",6,"Exit_Zone",3
3327.486,"Info","Arena",6,"Enter_Zone",4
3327.582,"Info","Arena",7,"Exit_Zone",1
3327.582,"Info","Arena",7,"Enter_Zone",2
3327.810,"Info","Arena",7,"Exit_Zone",2
3327.810,"Info","Arena",7,"Enter_Zone",1
3328.276,"Info","Arena",7,"Exit_Zone",1
3328.276,"Info","Arena",7,"Enter_Zone",2
3328.440,"Info","Arena",7,"Exit_Zone",2
3328.440,"Info","Arena",7,"Enter_Zone",1
3328.504,"Info","Arena",7,"Exit_Zone",1
3328.504,"Info","Arena",7,"Enter_Zone",2
3328.807,"Info","Arena",7,"Exit_Zone",2
3328.807,"Info","Arena",7,"Enter_Zone",1
3328.874,"Info","Arena",7,"Exit_Zone",1
3328.874,"Info","Arena",7,"Enter_Zone",2
3328.942,"Info","Arena",7,"Exit_Zone",2
3328.942,"Info","Arena",7,"Enter_Zone",1
3328.976,"Info","Arena",7,"Exit_Zone",1
3328.976,"Info","Arena",7,"Enter_Zone",2
3329.012,"Info","Arena",7,"Exit_Zone",2
3329.012,"Info","Arena",7,"Enter_Zone",1
3329.179,"Info","Arena",7,"Exit_Zone",1
3329.179,"Info","Arena",7,"Enter_Zone",2
3329.291,"Info","Arena",6,"Exit_Zone",4
3329.291,"Info","Arena",6,"Enter_Zone",1
3329.291,"Info","Arena",7,"Exit_Zone",2
3329.291,"Info","Arena",7,"Enter_Zone",1
3329.427,"Info","Arena",3,"Exit_Zone",3
3329.427,"Info","Arena",3,"Enter_Zone",4
3329.459,"Info","Arena",7,"Exit_Zone",1
3329.459,"Info","Arena",7,"Enter_Zone",2
3329.527,"Info","Arena",7,"Exit_Zone",2
3329.527,"Info","Arena",7,"Enter_Zone",1
3329.561,"Info","Arena",7,"Exit_Zone",1
3329.561,"Info","Arena",7,"Enter_Zone",2
3329.902,"Info","Arena",7,"Exit_Zone",2
3329.902,"Info","Arena",7,"Enter_Zone",1
3329.933,"Info","Arena",7,"Exit_Zone",1
3329.933,"Info","Arena",7,"Enter_Zone",2
3329.997,"Info","Arena",7,"Exit_Zone",2
3329.997,"Info","Arena",7,"Enter_Zone",1
3330.156,"Info","Arena",7,"Exit_Zone",1
3330.156,"Info","Arena",7,"Enter_Zone",2
3330.386,"Info","Arena",7,"Exit_Zone",2
3330.386,"Info","Arena",7,"Enter_Zone",1
3330.418,"Info","Arena",7,"Exit_Zone",1
3330.418,"Info","Arena",7,"Enter_Zone",2
3330.482,"Info","Arena",3,"Exit_Zone",4
3330.482,"Info","Arena",3,"Enter_Zone",1
3330.609,"Info","Arena",7,"Exit_Zone",2
3330.609,"Info","Arena",7,"Enter_Zone",1
3331.137,"Info","Arena",7,"Exit_Zone",1
3331.137,"Info","Arena",7,"Enter_Zone",2
3331.347,"Info","Arena",7,"Exit_Zone",2
3331.347,"Info","Arena",7,"Enter_Zone",1
3331.379,"Info","Arena",7,"Exit_Zone",1
3331.379,"Info","Arena",7,"Enter_Zone",2
3331.671,"Info","Arena",7,"Exit_Zone",2
3331.671,"Info","Arena",7,"Enter_Zone",1
3331.703,"Info","Arena",7,"Exit_Zone",1
3331.703,"Info","Arena",7,"Enter_Zone",2
3331.927,"Info","Arena",7,"Exit_Zone",2
3331.927,"Info","Arena",7,"Enter_Zone",1
3332.388,"Info","Arena",7,"Exit_Zone",1
3332.388,"Info","Arena",7,"Enter_Zone",2
3332.788,"Info","Arena",4,"Exit_Zone",2
3332.788,"Info","Arena",4,"Enter_Zone",4
3332.922,"Info","Arena",5,"Exit_Zone",3
3332.922,"Info","Arena",5,"Enter_Zone",4
3333.026,"Info","Arena",7,"Exit_Zone",2
3333.026,"Info","Arena",7,"Enter_Zone",1
3333.341,"Info","Arena",7,"Exit_Zone",1
3333.341,"Info","Arena",7,"Enter_Zone",2
3333.410,"Info","Arena",7,"Exit_Zone",2
3333.410,"Info","Arena",7,"Enter_Zone",1
3333.481,"Info","Arena",7,"Exit_Zone",1
3333.481,"Info","Arena",7,"Enter_Zone",2
3333.689,"Info","Arena",7,"Exit_Zone",2
3333.689,"Info","Arena",7,"Enter_Zone",1
3333.829,"Info","Arena",1,"Exit_Zone",2
3333.829,"Info","Arena",1,"Enter_Zone",4
3333.934,"Info","Arena",1,"Exit_Zone",4
3333.934,"Info","Arena",1,"Enter_Zone",1
3334.103,"Info","Arena",7,"Exit_Zone",1
3334.103,"Info","Arena",7,"Enter_Zone",2
3334.218,"Info","Arena",7,"Exit_Zone",2
3334.218,"Info","Arena",7,"Enter_Zone",1
3334.317,"Info","Arena",7,"Exit_Zone",1
3334.317,"Info","Arena",7,"Enter_Zone",2
3334.898,"Info","Arena",7,"Exit_Zone",2
3334.898,"Info","Arena",7,"Enter_Zone",1
3335.066,"Info","Arena",7,"Exit_Zone",1
3335.066,"Info","Arena",7,"Enter_Zone",2
3335.101,"Info","Arena",3,"Exit_Zone",1
3335.101,"Info","Arena",3,"Enter_Zone",4
3335.135,"Info","Arena",4,"Exit_Zone",4
3335.135,"Info","Arena",4,"Enter_Zone",1
3335.687,"Info","Arena",5,"Exit_Zone",4
3335.687,"Info","Arena",5,"Enter_Zone",1
3335.856,"Info","Arena",7,"Exit_Zone",2
3335.856,"Info","Arena",7,"Enter_Zone",1
3335.924,"Info","Arena",7,"Exit_Zone",1
3335.924,"Info","Arena",7,"Enter_Zone",2
3336.129,"Info","Arena",7,"Exit_Zone",2
3336.129,"Info","Arena",7,"Enter_Zone",1
3336.241,"Info","Arena",3,"Exit_Zone",4
3336.241,"Info","Arena",3,"Enter_Zone",3
3336.342,"Info","Arena",7,"Exit_Zone",1
3336.342,"Info","Arena",7,"Enter_Zone",2
3336.411,"Info","Arena",7,"Exit_Zone",2
3336.411,"Info","Arena",7,"Enter_Zone",1
3336.577,"Info","Arena",7,"Exit_Zone",1
3336.577,"Info","Arena",7,"Enter_Zone",2
3336.750,"Info","Arena",7,"Exit_Zone",2
3336.750,"Info","Arena",7,"Enter_Zone",1
3336.884,"Info","Arena",7,"Exit_Zone",1
3336.884,"Info","Arena",7,"Enter_Zone",2
3336.917,"Info","Arena",7,"Exit_Zone",2
3336.917,"Info","Arena",7,"Enter_Zone",4
3337.018,"Info","Arena",7,"Exit_Zone",4
3337.018,"Info","Arena",7,"Enter_Zone",1
3337.051,"Info","Arena",3,"Exit_Zone",3
3337.051,"Info","Arena",3,"Enter_Zone",4
3337.290,"Info","Arena",3,"Exit_Zone",4
3337.290,"Info","Arena",3,"Enter_Zone",1
3339.086,"Info","Arena",1,"Exit_Zone",1
3339.086,"Info","Arena",1,"Enter_Zone",4
3339.587,"Info","Arena",1,"Exit_Zone",4
3339.587,"Info","Arena",1,"Enter_Zone",2
3340.920,"Info","Arena",3,"Exit_Zone",1
3340.920,"Info","Arena",3,"Enter_Zone",2
3341.022,"Info","Arena",2,"Exit_Zone",3
3341.022,"Info","Arena",2,"Enter_Zone",4
3341.229,"Info","Arena",3,"Exit_Zone",2
3341.229,"Info","Arena",3,"Enter_Zone",1
3341.292,"Info","Arena",3,"Exit_Zone",1
3341.292,"Info","Arena",3,"Enter_Zone",2
3341.324,"Info","Arena",2,"Exit_Zone",4
3341.324,"Info","Arena",2,"Enter_Zone",1
3341.939,"Info","Arena",3,"Exit_Zone",2
3341.939,"Info","Arena",3,"Enter_Zone",4
3342.012,"Info","Arena",3,"Exit_Zone",4
3342.012,"Info","Arena",3,"Enter_Zone",1
3342.385,"Info","Arena",2,"Exit_Zone",1
3342.385,"Info","Arena",2,"Enter_Zone",3
3342.562,"Info","Arena",2,"Exit_Zone",3
3342.562,"Info","Arena",2,"Enter_Zone",1
3342.920,"Info","Arena",8,"Exit_Zone",3
3342.920,"Info","Arena",8,"Enter_Zone",4
3343.162,"Info","Arena",2,"Exit_Zone",1
3343.162,"Info","Arena",2,"Enter_Zone",3
3343.199,"Info","Arena",2,"Exit_Zone",3
3343.199,"Info","Arena",2,"Enter_Zone",1
3343.972,"Info","Arena",4,"Exit_Zone",1
3343.972,"Info","Arena",4,"Enter_Zone",4
3343.972,"Info","Arena",8,"Exit_Zone",4
3343.972,"Info","Arena",8,"Enter_Zone",2
3344.011,"Info","Arena",1,"Exit_Zone",2
3344.011,"Info","Arena",1,"Enter_Zone",4
3344.278,"Info","Arena",7,"Exit_Zone",1
3344.278,"Info","Arena",7,"Enter_Zone",4
3344.426,"Info","Arena",4,"Exit_Zone",4
3344.426,"Info","Arena",4,"Enter_Zone",2
3344.497,"Info","Arena",2,"Exit_Zone",1
3344.497,"Info","Arena",2,"Enter_Zone",4
3344.642,"Info","Arena",1,"Exit_Zone",4
3344.642,"Info","Arena",1,"Enter_Zone",3
3344.753,"Info","Arena",4,"Exit_Zone",2
3344.753,"Info","Arena",4,"Enter_Zone",4
3344.826,"Info","Arena",7,"Exit_Zone",4
3344.826,"Info","Arena",7,"Enter_Zone",3
3345.371,"Info","Arena",4,"Exit_Zone",4
3345.371,"Info","Arena",4,"Enter_Zone",1
3345.518,"Info","Arena",7,"Exit_Zone",3
3345.518,"Info","Arena",7,"Enter_Zone",1
3345.553,"Info","Arena",2,"Exit_Zone",4
3345.553,"Info","Arena",2,"Enter_Zone",3
3345.588,"Info","Arena",7,"Exit_Zone",1
3345.588,"Info","Arena",7,"Enter_Zone",3
3345.801,"Info","Arena",7,"Exit_Zone",3
3345.801,"Info","Arena",7,"Enter_Zone",1
3345.905,"Info","Arena",7,"Exit_Zone",1
3345.905,"Info","Arena",7,"Enter_Zone",3
3346.081,"Info","Arena",7,"Exit_Zone",3
3346.081,"Info","Arena",7,"Enter_Zone",1
3346.266,"Info","Arena",7,"Exit_Zone",1
3346.266,"Info","Arena",7,"Enter_Zone",3
3346.587,"Info","Arena",4,"Exit_Zone",1
3346.587,"Info","Arena",4,"Enter_Zone",4
3346.697,"Info","Arena",4,"Exit_Zone",4
3346.697,"Info","Arena",4,"Enter_Zone",2
3346.879,"Info","Arena",8,"Exit_Zone",2
3346.879,"Info","Arena",8,"Enter_Zone",4
3347.024,"Info","Arena",7,"Exit_Zone",3
3347.024,"Info","Arena",7,"Enter_Zone",4
3347.621,"Info","Arena",7,"Exit_Zone",4
3347.621,"Info","Arena",7,"Enter_Zone",1
3347.656,"Info","Arena",7,"Exit_Zone",1
3347.656,"Info","Arena",7,"Enter_Zone",2
3347.948,"Info","Arena",8,"Exit_Zone",4
3347.948,"Info","Arena",8,"Enter_Zone",1
3348.311,"Info","Arena",7,"Exit_Zone",2
3348.311,"Info","Arena",7,"Enter_Zone",1
3348.411,"Info","Arena",7,"Exit_Zone",1
3348.411,"Info","Arena",7,"Enter_Zone",2
3348.757,"Info","Arena",7,"Exit_Zone",2
3348.757,"Info","Arena",7,"Enter_Zone",1
3348.890,"Info","Arena",1,"Exit_Zone",3
3348.890,"Info","Arena",1,"Enter_Zone",4
3348.923,"Info","Arena",7,"Exit_Zone",1
3348.923,"Info","Arena",7,"Enter_Zone",2
3349.125,"Info","Arena",7,"Exit_Zone",2
3349.125,"Info","Arena",7,"Enter_Zone",1
3349.193,"Info","Arena",7,"Exit_Zone",1
3349.193,"Info","Arena",7,"Enter_Zone",2
3349.372,"Info","Arena",4,"Exit_Zone",2
3349.372,"Info","Arena",4,"Enter_Zone",4
3349.474,"Info","Arena",7,"Exit_Zone",2
3349.474,"Info","Arena",7,"Enter_Zone",1
3349.505,"Info","Arena",7,"Exit_Zone",1
3349.505,"Info","Arena",7,"Enter_Zone",2
3349.978,"Info","Arena",7,"Exit_Zone",2
3349.978,"Info","Arena",7,"Enter_Zone",1
3350.012,"Info","Arena",1,"Exit_Zone",4
3350.012,"Info","Arena",1,"Enter_Zone",2
3350.045,"Info","Arena",3,"Exit_Zone",1
3350.045,"Info","Arena",3,"Enter_Zone",4
3350.268,"Info","Arena",7,"Exit_Zone",1
3350.268,"Info","Arena",7,"Enter_Zone",2
3350.381,"Info","Arena",7,"Exit_Zone",2
3350.381,"Info","Arena",7,"Enter_Zone",1
3350.455,"Info","Arena",4,"Exit_Zone",4
3350.455,"Info","Arena",4,"Enter_Zone",3
3351.032,"Info","Arena",3,"Exit_Zone",4
3351.032,"Info","Arena",3,"Enter_Zone",2
3351.105,"Info","Arena",7,"Exit_Zone",1
3351.105,"Info","Arena",7,"Enter_Zone",2
3351.384,"Info","Arena",8,"Exit_Zone",1
3351.384,"Info","Arena",8,"Enter_Zone",4
3351.806,"Info","Arena",7,"Exit_Zone",2
3351.806,"Info","Arena",7,"Enter_Zone",4
3351.844,"Info","Arena",7,"Exit_Zone",4
3351.844,"Info","Arena",7,"Enter_Zone",2
3351.881,"Info","Arena",7,"Exit_Zone",2
3351.881,"Info","Arena",7,"Enter_Zone",4
3352.103,"Info","Arena",8,"Exit_Zone",4
3352.103,"Info","Arena",8,"Enter_Zone",2
3352.426,"Info","Arena",7,"Exit_Zone",4
3352.426,"Info","Arena",7,"Enter_Zone",1
3353.619,"Info","Arena",3,"Exit_Zone",2
3353.619,"Info","Arena",3,"Enter_Zone",1
3353.651,"Info","Arena",3,"Exit_Zone",1
3353.651,"Info","Arena",3,"Enter_Zone",2
3354.195,"Info","Arena",1,"Exit_Zone",2
3354.195,"Info","Arena",1,"Enter_Zone",4
3355.253,"Info","Arena",1,"Exit_Zone",4
3355.253,"Info","Arena",1,"Enter_Zone",3
3355.493,"Info","Arena",5,"Exit_Zone",1
3355.493,"Info","Arena",5,"Enter_Zone",4
3355.897,"Info","Arena",5,"Exit_Zone",4
3355.897,"Info","Arena",5,"Enter_Zone",2
3356.358,"Info","Arena",7,"Exit_Zone",1
3356.358,"Info","Arena",7,"Enter_Zone",4
3356.912,"Info","Arena",7,"Exit_Zone",4
3356.912,"Info","Arena",7,"Enter_Zone",3
3356.947,"Info","Arena",8,"Exit_Zone",2
3356.947,"Info","Arena",8,"Enter_Zone",4
3357.019,"Info","Arena",7,"Exit_Zone",3
3357.019,"Info","Arena",7,"Enter_Zone",1
3357.019,"Info","Arena",8,"Exit_Zone",4
3357.019,"Info","Arena",8,"Enter_Zone",3
3357.086,"Info","Arena",7,"Exit_Zone",1
3357.086,"Info","Arena",7,"Enter_Zone",3
3357.375,"Info","Arena",7,"Exit_Zone",3
3357.375,"Info","Arena",7,"Enter_Zone",4
3357.690,"Info","Arena",7,"Exit_Zone",4
3357.690,"Info","Arena",7,"Enter_Zone",1
3357.839,"Info","Arena",7,"Exit_Zone",1
3357.839,"Info","Arena",7,"Enter_Zone",4
3358.020,"Info","Arena",3,"Exit_Zone",2
3358.020,"Info","Arena",3,"Enter_Zone",4
3358.167,"Info","Arena",7,"Exit_Zone",4
3358.167,"Info","Arena",7,"Enter_Zone",3
3358.354,"Info","Arena",3,"Exit_Zone",4
3358.354,"Info","Arena",3,"Enter_Zone",3
3358.423,"Info","Arena",7,"Exit_Zone",3
3358.423,"Info","Arena",7,"Enter_Zone",1
3358.623,"Info","Arena",1,"Exit_Zone",3
3358.623,"Info","Arena",1,"Enter_Zone",4
3358.723,"Info","Arena",7,"Exit_Zone",1
3358.723,"Info","Arena",7,"Enter_Zone",3
3359.204,"Info","Arena",1,"Exit_Zone",4
3359.204,"Info","Arena",1,"Enter_Zone",1
3359.619,"Info","Arena",7,"Exit_Zone",3
3359.619,"Info","Arena",7,"Enter_Zone",1
3360.073,"Info","Arena",8,"Exit_Zone",3
3360.073,"Info","Arena",8,"Enter_Zone",4
3360.144,"Info","Arena",7,"Exit_Zone",1
3360.144,"Info","Arena",7,"Enter_Zone",3
3360.858,"Info","Arena",8,"Exit_Zone",4
3360.858,"Info","Arena",8,"Enter_Zone",1
3360.928,"Info","Arena",7,"Exit_Zone",3
3360.928,"Info","Arena",7,"Enter_Zone",4
3361.170,"Info","Arena",8,"Exit_Zone",1
3361.170,"Info","Arena",8,"Enter_Zone",4
3361.249,"Info","Arena",7,"Exit_Zone",4
3361.249,"Info","Arena",7,"Enter_Zone",2
3361.982,"Info","Arena",7,"Exit_Zone",2
3361.982,"Info","Arena",7,"Enter_Zone",1
3362.266,"Info","Arena",8,"Exit_Zone",4
3362.266,"Info","Arena",8,"Enter_Zone",2
3362.300,"Info","Arena",7,"Exit_Zone",1
3362.300,"Info","Arena",7,"Enter_Zone",2
3362.579,"Info","Arena",7,"Exit_Zone",2
3362.579,"Info","Arena",7,"Enter_Zone",1
3362.717,"Info","Arena",7,"Exit_Zone",1
3362.717,"Info","Arena",7,"Enter_Zone",2
3363.132,"Info","Arena",8,"Exit_Zone",2
3363.132,"Info","Arena",8,"Enter_Zone",4
3363.951,"Info","Arena",8,"Exit_Zone",4
3363.951,"Info","Arena",8,"Enter_Zone",1
3363.983,"Info","Arena",7,"Exit_Zone",2
3363.983,"Info","Arena",7,"Enter_Zone",1
3364.083,"Info","Arena",7,"Exit_Zone",1
3364.083,"Info","Arena",7,"Enter_Zone",2
3364.152,"Info","Arena",7,"Exit_Zone",2
3364.152,"Info","Arena",7,"Enter_Zone",1
3364.187,"Info","Arena",7,"Exit_Zone",1
3364.187,"Info","Arena",7,"Enter_Zone",2
3364.382,"Info","Arena",7,"Exit_Zone",2
3364.382,"Info","Arena",7,"Enter_Zone",1
3364.514,"Info","Arena",7,"Exit_Zone",1
3364.514,"Info","Arena",7,"Enter_Zone",2
3365.602,"Info","Arena",8,"Exit_Zone",1
3365.602,"Info","Arena",8,"Enter_Zone",4
3365.673,"Info","Arena",7,"Exit_Zone",2
3365.673,"Info","Arena",7,"Enter_Zone",4
3366.110,"Info","Arena",8,"Exit_Zone",4
3366.110,"Info","Arena",8,"Enter_Zone",3
3366.184,"Info","Arena",7,"Exit_Zone",4
3366.184,"Info","Arena",7,"Enter_Zone",1
3368.844,"Info","Arena",5,"Exit_Zone",2
3368.844,"Info","Arena",5,"Enter_Zone",4
3369.023,"Info","Arena",5,"Exit_Zone",4
3369.023,"Info","Arena",5,"Enter_Zone",1
3369.868,"Info","Arena",7,"Exit_Zone",1
3369.868,"Info","Arena",7,"Enter_Zone",4
3370.334,"Info","Arena",7,"Exit_Zone",4
3370.334,"Info","Arena",7,"Enter_Zone",3
3370.471,"Info","Arena",5,"Exit_Zone",1
3370.471,"Info","Arena",5,"Enter_Zone",2
3370.505,"Info","Arena",5,"Exit_Zone",2
3370.505,"Info","Arena",5,"Enter_Zone",1
3370.605,"Info","Arena",5,"Exit_Zone",1
3370.605,"Info","Arena",5,"Enter_Zone",2
3370.640,"Info","Arena",5,"Exit_Zone",2
3370.640,"Info","Arena",5,"Enter_Zone",1
3372.143,"Info","Arena",7,"Exit_Zone",3
3372.143,"Info","Arena",7,"Enter_Zone",1
3372.540,"Info","Arena",5,"Exit_Zone",1
3372.540,"Info","Arena",5,"Enter_Zone",4
3372.670,"Info","Arena",7,"Exit_Zone",1
3372.670,"Info","Arena",7,"Enter_Zone",3
3373.693,"Info","Arena",7,"Exit_Zone",3
3373.693,"Info","Arena",7,"Enter_Zone",4
3374.544,"Info","Arena",7,"Exit_Zone",4
3374.544,"Info","Arena",7,"Enter_Zone",2
3374.846,"Info","Arena",7,"Exit_Zone",2
3374.846,"Info","Arena",7,"Enter_Zone",1
3374.879,"Info","Arena",7,"Exit_Zone",1
3374.879,"Info","Arena",7,"Enter_Zone",2
3374.946,"Info","Arena",8,"Exit_Zone",3
3374.946,"Info","Arena",8,"Enter_Zone",4
3375.759,"Info","Arena",7,"Exit_Zone",2
3375.759,"Info","Arena",7,"Enter_Zone",1
3375.858,"Info","Arena",7,"Exit_Zone",1
3375.858,"Info","Arena",7,"Enter_Zone",2
3377.551,"Info","Arena",7,"Exit_Zone",2
3377.551,"Info","Arena",7,"Enter_Zone",1
3377.845,"Info","Arena",7,"Exit_Zone",1
3377.845,"Info","Arena",7,"Enter_Zone",2
3378.126,"Info","Arena",7,"Exit_Zone",2
3378.126,"Info","Arena",7,"Enter_Zone",1
3378.158,"Info","Arena",7,"Exit_Zone",1
3378.158,"Info","Arena",7,"Enter_Zone",2
3378.311,"Info","Arena",7,"Exit_Zone",2
3378.311,"Info","Arena",7,"Enter_Zone",1
3378.379,"Info","Arena",7,"Exit_Zone",1
3378.379,"Info","Arena",7,"Enter_Zone",2
3378.631,"Info","Arena",5,"Exit_Zone",4
3378.631,"Info","Arena",5,"Enter_Zone",3
3378.665,"Info","Arena",3,"Exit_Zone",3
3378.665,"Info","Arena",3,"Enter_Zone",4
3378.665,"Info","Arena",5,"Exit_Zone",3
3378.665,"Info","Arena",5,"Enter_Zone",4
3378.741,"Info","Arena",5,"Exit_Zone",4
3378.741,"Info","Arena",5,"Enter_Zone",3
3378.960,"Info","Arena",8,"Exit_Zone",4
3378.960,"Info","Arena",8,"Enter_Zone",1
3379.033,"Info","Arena",7,"Exit_Zone",2
3379.033,"Info","Arena",7,"Enter_Zone",4
3379.479,"Info","Arena",3,"Exit_Zone",4
3379.479,"Info","Arena",3,"Enter_Zone",1
3379.803,"Info","Arena",7,"Exit_Zone",4
3379.803,"Info","Arena",7,"Enter_Zone",1
3381.487,"Info","Arena",2,"Exit_Zone",3
3381.487,"Info","Arena",2,"Enter_Zone",4
3381.742,"Info","Arena",2,"Exit_Zone",4
3381.742,"Info","Arena",2,"Enter_Zone",2
3383.039,"Info","Arena",7,"Exit_Zone",1
3383.039,"Info","Arena",7,"Enter_Zone",4
3383.262,"Info","Arena",2,"Exit_Zone",2
3383.262,"Info","Arena",2,"Enter_Zone",3
3383.430,"Info","Arena",2,"Exit_Zone",3
3383.430,"Info","Arena",2,"Enter_Zone",2
3383.466,"Info","Arena",7,"Exit_Zone",4
3383.466,"Info","Arena",7,"Enter_Zone",1
3383.501,"Info","Arena",7,"Exit_Zone",1
3383.501,"Info","Arena",7,"Enter_Zone",4
3383.703,"Info","Arena",7,"Exit_Zone",4
3383.703,"Info","Arena",7,"Enter_Zone",3
3383.907,"Info","Arena",1,"Exit_Zone",1
3383.907,"Info","Arena",1,"Enter_Zone",4
3384.084,"Info","Arena",1,"Exit_Zone",4
3384.084,"Info","Arena",1,"Enter_Zone",2
3384.191,"Info","Arena",7,"Exit_Zone",3
3384.191,"Info","Arena",7,"Enter_Zone",1
3384.895,"Info","Arena",2,"Exit_Zone",2
3384.895,"Info","Arena",2,"Enter_Zone",3
3384.958,"Info","Arena",7,"Exit_Zone",1
3384.958,"Info","Arena",7,"Enter_Zone",3
3385.024,"Info","Arena",2,"Exit_Zone",3
3385.024,"Info","Arena",2,"Enter_Zone",2
3385.766,"Info","Arena",7,"Exit_Zone",3
3385.766,"Info","Arena",7,"Enter_Zone",1
3386.292,"Info","Arena",7,"Exit_Zone",1
3386.292,"Info","Arena",7,"Enter_Zone",3
3387.145,"Info","Arena",7,"Exit_Zone",3
3387.145,"Info","Arena",7,"Enter_Zone",1
3387.320,"Info","Arena",7,"Exit_Zone",1
3387.320,"Info","Arena",7,"Enter_Zone",4
3388.028,"Info","Arena",7,"Exit_Zone",4
3388.028,"Info","Arena",7,"Enter_Zone",2
3388.135,"Info","Arena",7,"Exit_Zone",2
3388.135,"Info","Arena",7,"Enter_Zone",1
3388.591,"Info","Arena",7,"Exit_Zone",1
3388.591,"Info","Arena",7,"Enter_Zone",2
3388.737,"Info","Arena",2,"Exit_Zone",2
3388.737,"Info","Arena",2,"Enter_Zone",4
3388.881,"Info","Arena",2,"Exit_Zone",4
3388.881,"Info","Arena",2,"Enter_Zone",3
3389.246,"Info","Arena",8,"Exit_Zone",1
3389.246,"Info","Arena",8,"Enter_Zone",4
3389.283,"Info","Arena",8,"Exit_Zone",4
3389.283,"Info","Arena",8,"Enter_Zone",1
3389.537,"Info","Arena",7,"Exit_Zone",2
3389.537,"Info","Arena",7,"Enter_Zone",1
3389.607,"Info","Arena",8,"Exit_Zone",1
3389.607,"Info","Arena",8,"Enter_Zone",4
3389.887,"Info","Arena",8,"Exit_Zone",4
3389.887,"Info","Arena",8,"Enter_Zone",1
3389.923,"Info","Arena",8,"Exit_Zone",1
3389.923,"Info","Arena",8,"Enter_Zone",4
3389.957,"Info","Arena",8,"Exit_Zone",4
3389.957,"Info","Arena",8,"Enter_Zone",1
3389.993,"Info","Arena",8,"Exit_Zone",1
3389.993,"Info","Arena",8,"Enter_Zone",4
3390.062,"Info","Arena",8,"Exit_Zone",4
3390.062,"Info","Arena",8,"Enter_Zone",1
3390.165,"Info","Arena",8,"Exit_Zone",1
3390.165,"Info","Arena",8,"Enter_Zone",4
3390.201,"Info","Arena",7,"Exit_Zone",1
3390.201,"Info","Arena",7,"Enter_Zone",2
3390.351,"Info","Arena",8,"Exit_Zone",4
3390.351,"Info","Arena",8,"Enter_Zone",1
3390.385,"Info","Arena",8,"Exit_Zone",1
3390.385,"Info","Arena",8,"Enter_Zone",4
3390.420,"Info","Arena",7,"Exit_Zone",2
3390.420,"Info","Arena",7,"Enter_Zone",1
3390.588,"Info","Arena",7,"Exit_Zone",1
3390.588,"Info","Arena",7,"Enter_Zone",2
3390.658,"Info","Arena",7,"Exit_Zone",2
3390.658,"Info","Arena",7,"Enter_Zone",1
3390.725,"Info","Arena",7,"Exit_Zone",1
3390.725,"Info","Arena",7,"Enter_Zone",2
3391.406,"Info","Arena",5,"Exit_Zone",3
3391.406,"Info","Arena",5,"Enter_Zone",4
3391.906,"Info","Arena",7,"Exit_Zone",2
3391.906,"Info","Arena",7,"Enter_Zone",4
3392.627,"Info","Arena",7,"Exit_Zone",4
3392.627,"Info","Arena",7,"Enter_Zone",1
3392.806,"Info","Arena",8,"Exit_Zone",4
3392.806,"Info","Arena",8,"Enter_Zone",1
3392.843,"Info","Arena",8,"Exit_Zone",1
3392.843,"Info","Arena",8,"Enter_Zone",4
3392.879,"Info","Arena",8,"Exit_Zone",4
3392.879,"Info","Arena",8,"Enter_Zone",1
3392.915,"Info","Arena",8,"Exit_Zone",1
3392.915,"Info","Arena",8,"Enter_Zone",4
3393.057,"Info","Arena",8,"Exit_Zone",4
3393.057,"Info","Arena",8,"Enter_Zone",1
3393.092,"Info","Arena",8,"Exit_Zone",1
3393.092,"Info","Arena",8,"Enter_Zone",4
3393.132,"Info","Arena",1,"Exit_Zone",2
3393.132,"Info","Arena",1,"Enter_Zone",4
3394.614,"Info","Arena",1,"Exit_Zone",4
3394.614,"Info","Arena",1,"Enter_Zone",3
3395.808,"Info","Arena",8,"Exit_Zone",4
3395.808,"Info","Arena",8,"Enter_Zone",2
3396.754,"Info","Arena",7,"Exit_Zone",1
3396.754,"Info","Arena",7,"Enter_Zone",4
3397.827,"Info","Arena",7,"Exit_Zone",4
3397.827,"Info","Arena",7,"Enter_Zone",3
3397.867,"Info","Arena",7,"Exit_Zone",3
3397.867,"Info","Arena",7,"Enter_Zone",1
3397.946,"Info","Arena",7,"Exit_Zone",1
3397.946,"Info","Arena",7,"Enter_Zone",3
3398.585,"Info","Arena",1,"Exit_Zone",3
3398.585,"Info","Arena",1,"Enter_Zone",4
3398.765,"Info","Arena",7,"Exit_Zone",3
3398.765,"Info","Arena",7,"Enter_Zone",1
3398.798,"Info","Arena",7,"Exit_Zone",1
3398.798,"Info","Arena",7,"Enter_Zone",3
3398.937,"Info","Arena",5,"Exit_Zone",4
3398.937,"Info","Arena",5,"Enter_Zone",2
3399.110,"Info","Arena",7,"Exit_Zone",3
3399.110,"Info","Arena",7,"Enter_Zone",1
3399.355,"Info","Arena",7,"Exit_Zone",1
3399.355,"Info","Arena",7,"Enter_Zone",3
3399.623,"Info","Arena",1,"Exit_Zone",4
3399.623,"Info","Arena",1,"Enter_Zone",1
3399.928,"Info","Arena",1,"Exit_Zone",1
3399.928,"Info","Arena",1,"Enter_Zone",4
3400.132,"Info","Arena",7,"Exit_Zone",3
3400.132,"Info","Arena",7,"Enter_Zone",1
3400.164,"Info","Arena",7,"Exit_Zone",1
3400.164,"Info","Arena",7,"Enter_Zone",3
3400.309,"Info","Arena",7,"Exit_Zone",3
3400.309,"Info","Arena",7,"Enter_Zone",4
3400.513,"Info","Arena",7,"Exit_Zone",4
3400.513,"Info","Arena",7,"Enter_Zone",2
3400.582,"Info","Arena",1,"Exit_Zone",4
3400.582,"Info","Arena",1,"Enter_Zone",3
3400.961,"Info","Arena",7,"Exit_Zone",2
3400.961,"Info","Arena",7,"Enter_Zone",1
3401.030,"Info","Arena",7,"Exit_Zone",1
3401.030,"Info","Arena",7,"Enter_Zone",2
3401.413,"Info","Arena",7,"Exit_Zone",2
3401.413,"Info","Arena",7,"Enter_Zone",1
3401.479,"Info","Arena",7,"Exit_Zone",1
3401.479,"Info","Arena",7,"Enter_Zone",2
3402.666,"Info","Arena",7,"Exit_Zone",2
3402.666,"Info","Arena",7,"Enter_Zone",1
3403.298,"Info","Arena",7,"Exit_Zone",1
3403.298,"Info","Arena",7,"Enter_Zone",2
3404.373,"Info","Arena",7,"Exit_Zone",2
3404.373,"Info","Arena",7,"Enter_Zone",4
3405.089,"Info","Arena",7,"Exit_Zone",4
3405.089,"Info","Arena",7,"Enter_Zone",1
3405.125,"Info","Arena",2,"Exit_Zone",3
3405.125,"Info","Arena",2,"Enter_Zone",4
3405.125,"Info","Arena",4,"Exit_Zone",3
3405.125,"Info","Arena",4,"Enter_Zone",4
3405.639,"Info","Arena",8,"Exit_Zone",2
3405.639,"Info","Arena",8,"Enter_Zone",4
3405.792,"Info","Arena",2,"Exit_Zone",4
3405.792,"Info","Arena",2,"Enter_Zone",2
3405.914,"Info","Arena",1,"Exit_Zone",3
3405.914,"Info","Arena",1,"Enter_Zone",4
3406.625,"Info","Arena",1,"Exit_Zone",4
3406.625,"Info","Arena",1,"Enter_Zone",1
3406.662,"Info","Arena",8,"Exit_Zone",4
3406.662,"Info","Arena",8,"Enter_Zone",1
3408.858,"Info","Arena",7,"Exit_Zone",1
3408.858,"Info","Arena",7,"Enter_Zone",4
3408.896,"Info","Arena",2,"Exit_Zone",2
3408.896,"Info","Arena",2,"Enter_Zone",3
3409.046,"Info","Arena",2,"Exit_Zone",3
3409.046,"Info","Arena",2,"Enter_Zone",2
3409.087,"Info","Arena",2,"Exit_Zone",2
3409.087,"Info","Arena",2,"Enter_Zone",3
3409.198,"Info","Arena",2,"Exit_Zone",3
3409.198,"Info","Arena",2,"Enter_Zone",2
3409.587,"Info","Arena",7,"Exit_Zone",4
3409.587,"Info","Arena",7,"Enter_Zone",3
3409.702,"Info","Arena",5,"Exit_Zone",2
3409.702,"Info","Arena",5,"Enter_Zone",4
3409.741,"Info","Arena",1,"Exit_Zone",1
3409.741,"Info","Arena",1,"Enter_Zone",4
3410.037,"Info","Arena",1,"Exit_Zone",4
3410.037,"Info","Arena",1,"Enter_Zone",2
3410.037,"Info","Arena",7,"Exit_Zone",3
3410.037,"Info","Arena",7,"Enter_Zone",1
3410.662,"Info","Arena",7,"Exit_Zone",1
3410.662,"Info","Arena",7,"Enter_Zone",3
3410.842,"Info","Arena",6,"Exit_Zone",1
3410.842,"Info","Arena",6,"Enter_Zone",4
3410.879,"Info","Arena",5,"Exit_Zone",4
3410.879,"Info","Arena",5,"Enter_Zone",1
3410.951,"Info","Arena",2,"Exit_Zone",2
3410.951,"Info","Arena",2,"Enter_Zone",3
3411.239,"Info","Arena",2,"Exit_Zone",3
3411.239,"Info","Arena",2,"Enter_Zone",2
3411.272,"Info","Arena",7,"Exit_Zone",3
3411.272,"Info","Arena",7,"Enter_Zone",1
3411.659,"Info","Arena",7,"Exit_Zone",1
3411.659,"Info","Arena",7,"Enter_Zone",3
3412.170,"Info","Arena",7,"Exit_Zone",3
3412.170,"Info","Arena",7,"Enter_Zone",1
3412.278,"Info","Arena",6,"Exit_Zone",4
3412.278,"Info","Arena",6,"Enter_Zone",3
3412.411,"Info","Arena",7,"Exit_Zone",1
3412.411,"Info","Arena",7,"Enter_Zone",3
3412.686,"Info","Arena",2,"Exit_Zone",2
3412.686,"Info","Arena",2,"Enter_Zone",4
3413.188,"Info","Arena",7,"Exit_Zone",3
3413.188,"Info","Arena",7,"Enter_Zone",1
3413.274,"Info","Arena",2,"Exit_Zone",4
3413.274,"Info","Arena",2,"Enter_Zone",3
3413.382,"Info","Arena",7,"Exit_Zone",1
3413.382,"Info","Arena",7,"Enter_Zone",3
3413.909,"Info","Arena",7,"Exit_Zone",3
3413.909,"Info","Arena",7,"Enter_Zone",4
3414.293,"Info","Arena",7,"Exit_Zone",4
3414.293,"Info","Arena",7,"Enter_Zone",2
3415.221,"Info","Arena",7,"Exit_Zone",2
3415.221,"Info","Arena",7,"Enter_Zone",1
3415.470,"Info","Arena",7,"Exit_Zone",1
3415.470,"Info","Arena",7,"Enter_Zone",2
3415.653,"Info","Arena",1,"Exit_Zone",2
3415.653,"Info","Arena",1,"Enter_Zone",4
3416.016,"Info","Arena",1,"Exit_Zone",4
3416.016,"Info","Arena",1,"Enter_Zone",1
3416.282,"Info","Arena",6,"Exit_Zone",3
3416.282,"Info","Arena",6,"Enter_Zone",4
3416.531,"Info","Arena",7,"Exit_Zone",2
3416.531,"Info","Arena",7,"Enter_Zone",1
3416.602,"Info","Arena",7,"Exit_Zone",1
3416.602,"Info","Arena",7,"Enter_Zone",2
3416.676,"Info","Arena",7,"Exit_Zone",2
3416.676,"Info","Arena",7,"Enter_Zone",1
3417.045,"Info","Arena",7,"Exit_Zone",1
3417.045,"Info","Arena",7,"Enter_Zone",2
3417.615,"Info","Arena",7,"Exit_Zone",2
3417.615,"Info","Arena",7,"Enter_Zone",1
3417.688,"Info","Arena",7,"Exit_Zone",1
3417.688,"Info","Arena",7,"Enter_Zone",2
3418.141,"Info","Arena",7,"Exit_Zone",2
3418.141,"Info","Arena",7,"Enter_Zone",4
3418.450,"Info","Arena",7,"Exit_Zone",4
3418.450,"Info","Arena",7,"Enter_Zone",1
3418.484,"Info","Arena",7,"Exit_Zone",1
3418.484,"Info","Arena",7,"Enter_Zone",4
3418.561,"Info","Arena",7,"Exit_Zone",4
3418.561,"Info","Arena",7,"Enter_Zone",3
3418.790,"Info","Arena",7,"Exit_Zone",3
3418.790,"Info","Arena",7,"Enter_Zone",1
3419.086,"Info","Arena",5,"Exit_Zone",1
3419.086,"Info","Arena",5,"Enter_Zone",4
3419.284,"Info","Arena",7,"Exit_Zone",1
3419.284,"Info","Arena",7,"Enter_Zone",3
3419.322,"Info","Arena",7,"Exit_Zone",3
3419.322,"Info","Arena",7,"Enter_Zone",1
3419.885,"Info","Arena",4,"Exit_Zone",4
3419.885,"Info","Arena",4,"Enter_Zone",1
3420.266,"Info","Arena",7,"Exit_Zone",1
3420.266,"Info","Arena",7,"Enter_Zone",3
3420.449,"Info","Arena",7,"Exit_Zone",3
3420.449,"Info","Arena",7,"Enter_Zone",1
3420.630,"Info","Arena",7,"Exit_Zone",1
3420.630,"Info","Arena",7,"Enter_Zone",3
3421.262,"Info","Arena",5,"Exit_Zone",4
3421.262,"Info","Arena",5,"Enter_Zone",2
3421.383,"Info","Arena",2,"Exit_Zone",3
3421.383,"Info","Arena",2,"Enter_Zone",4
3421.539,"Info","Arena",4,"Exit_Zone",1
3421.539,"Info","Arena",4,"Enter_Zone",4
3421.618,"Info","Arena",7,"Exit_Zone",3
3421.618,"Info","Arena",7,"Enter_Zone",1
3421.657,"Info","Arena",6,"Exit_Zone",4
3421.657,"Info","Arena",6,"Enter_Zone",3
3421.732,"Info","Arena",2,"Exit_Zone",4
3421.732,"Info","Arena",2,"Enter_Zone",2
3422.030,"Info","Arena",7,"Exit_Zone",1
3422.030,"Info","Arena",7,"Enter_Zone",4
3422.307,"Info","Arena",7,"Exit_Zone",4
3422.307,"Info","Arena",7,"Enter_Zone",2
3422.616,"Info","Arena",1,"Exit_Zone",1
3422.616,"Info","Arena",1,"Enter_Zone",4
3423.148,"Info","Arena",2,"Exit_Zone",2
3423.148,"Info","Arena",2,"Enter_Zone",3
3423.148,"Info","Arena",7,"Exit_Zone",2
3423.148,"Info","Arena",7,"Enter_Zone",1
3423.183,"Info","Arena",7,"Exit_Zone",1
3423.183,"Info","Arena",7,"Enter_Zone",2
3423.267,"Info","Arena",2,"Exit_Zone",3
3423.267,"Info","Arena",2,"Enter_Zone",2
3423.267,"Info","Arena",8,"Exit_Zone",1
3423.267,"Info","Arena",8,"Enter_Zone",4
3423.342,"Info","Arena",8,"Exit_Zone",4
3423.342,"Info","Arena",8,"Enter_Zone",1
3423.415,"Info","Arena",8,"Exit_Zone",1
3423.415,"Info","Arena",8,"Enter_Zone",4
3423.638,"Info","Arena",7,"Exit_Zone",2
3423.638,"Info","Arena",7,"Enter_Zone",1
3423.743,"Info","Arena",1,"Exit_Zone",4
3423.743,"Info","Arena",1,"Enter_Zone",2
3423.743,"Info","Arena",7,"Exit_Zone",1
3423.743,"Info","Arena",7,"Enter_Zone",2
3424.871,"Info","Arena",2,"Exit_Zone",2
3424.871,"Info","Arena",2,"Enter_Zone",3
3425.031,"Info","Arena",4,"Exit_Zone",4
3425.031,"Info","Arena",4,"Enter_Zone",2
3425.031,"Info","Arena",7,"Exit_Zone",2
3425.031,"Info","Arena",7,"Enter_Zone",1
3425.064,"Info","Arena",7,"Exit_Zone",1
3425.064,"Info","Arena",7,"Enter_Zone",2
3425.132,"Info","Arena",2,"Exit_Zone",3
3425.132,"Info","Arena",2,"Enter_Zone",2
3425.132,"Info","Arena",6,"Exit_Zone",3
3425.132,"Info","Arena",6,"Enter_Zone",4
3425.308,"Info","Arena",7,"Exit_Zone",2
3425.308,"Info","Arena",7,"Enter_Zone",1
3425.865,"Info","Arena",7,"Exit_Zone",1
3425.865,"Info","Arena",7,"Enter_Zone",2
3426.455,"Info","Arena",2,"Exit_Zone",2
3426.455,"Info","Arena",2,"Enter_Zone",4
3426.526,"Info","Arena",7,"Exit_Zone",2
3426.526,"Info","Arena",7,"Enter_Zone",1
3426.560,"Info","Arena",7,"Exit_Zone",1
3426.560,"Info","Arena",7,"Enter_Zone",2
3427.254,"Info","Arena",2,"Exit_Zone",4
3427.254,"Info","Arena",2,"Enter_Zone",1
3427.354,"Info","Arena",7,"Exit_Zone",2
3427.354,"Info","Arena",7,"Enter_Zone",4
3427.891,"Info","Arena",7,"Exit_Zone",4
3427.891,"Info","Arena",7,"Enter_Zone",1
3428.051,"Info","Arena",6,"Exit_Zone",4
3428.051,"Info","Arena",6,"Enter_Zone",2
3428.685,"Info","Arena",2,"Exit_Zone",1
3428.685,"Info","Arena",2,"Enter_Zone",3
3428.718,"Info","Arena",2,"Exit_Zone",3
3428.718,"Info","Arena",2,"Enter_Zone",1
3429.609,"Info","Arena",8,"Exit_Zone",4
3429.609,"Info","Arena",8,"Enter_Zone",2
3430.655,"Info","Arena",1,"Exit_Zone",2
3430.655,"Info","Arena",1,"Enter_Zone",4
3430.904,"Info","Arena",5,"Exit_Zone",2
3430.904,"Info","Arena",5,"Enter_Zone",4
3431.158,"Info","Arena",5,"Exit_Zone",4
3431.158,"Info","Arena",5,"Enter_Zone",3
3431.384,"Info","Arena",2,"Exit_Zone",1
3431.384,"Info","Arena",2,"Enter_Zone",4
3431.601,"Info","Arena",1,"Exit_Zone",4
3431.601,"Info","Arena",1,"Enter_Zone",1
3431.892,"Info","Arena",5,"Exit_Zone",3
3431.892,"Info","Arena",5,"Enter_Zone",4
3432.071,"Info","Arena",7,"Exit_Zone",1
3432.071,"Info","Arena",7,"Enter_Zone",4
3432.141,"Info","Arena",2,"Exit_Zone",4
3432.141,"Info","Arena",2,"Enter_Zone",3
3432.776,"Info","Arena",7,"Exit_Zone",4
3432.776,"Info","Arena",7,"Enter_Zone",3
3432.979,"Info","Arena",5,"Exit_Zone",4
3432.979,"Info","Arena",5,"Enter_Zone",1
3433.538,"Info","Arena",7,"Exit_Zone",3
3433.538,"Info","Arena",7,"Enter_Zone",1
3434.028,"Info","Arena",7,"Exit_Zone",1
3434.028,"Info","Arena",7,"Enter_Zone",3
3434.193,"Info","Arena",7,"Exit_Zone",3
3434.193,"Info","Arena",7,"Enter_Zone",1
3434.438,"Info","Arena",8,"Exit_Zone",2
3434.438,"Info","Arena",8,"Enter_Zone",4
3434.603,"Info","Arena",7,"Exit_Zone",1
3434.603,"Info","Arena",7,"Enter_Zone",3
3435.064,"Info","Arena",1,"Exit_Zone",1
3435.064,"Info","Arena",1,"Enter_Zone",4
3435.138,"Info","Arena",7,"Exit_Zone",3
3435.138,"Info","Arena",7,"Enter_Zone",1
3435.248,"Info","Arena",5,"Exit_Zone",1
3435.248,"Info","Arena",5,"Enter_Zone",2
3435.282,"Info","Arena",5,"Exit_Zone",2
3435.282,"Info","Arena",5,"Enter_Zone",1
3435.282,"Info","Arena",7,"Exit_Zone",1
3435.282,"Info","Arena",7,"Enter_Zone",3
3435.420,"Info","Arena",7,"Exit_Zone",3
3435.420,"Info","Arena",7,"Enter_Zone",1
3435.451,"Info","Arena",7,"Exit_Zone",1
3435.451,"Info","Arena",7,"Enter_Zone",3
3435.486,"Info","Arena",1,"Exit_Zone",4
3435.486,"Info","Arena",1,"Enter_Zone",2
3436.045,"Info","Arena",7,"Exit_Zone",3
3436.045,"Info","Arena",7,"Enter_Zone",4
3436.863,"Info","Arena",7,"Exit_Zone",4
3436.863,"Info","Arena",7,"Enter_Zone",2
3437.464,"Info","Arena",8,"Exit_Zone",4
3437.464,"Info","Arena",8,"Enter_Zone",1
3438.178,"Info","Arena",7,"Exit_Zone",2
3438.178,"Info","Arena",7,"Enter_Zone",1
3438.372,"Info","Arena",2,"Exit_Zone",3
3438.372,"Info","Arena",2,"Enter_Zone",4
3438.372,"Info","Arena",7,"Exit_Zone",1
3438.372,"Info","Arena",7,"Enter_Zone",2
3438.755,"Info","Arena",2,"Exit_Zone",4
3438.755,"Info","Arena",2,"Enter_Zone",2
3439.267,"Info","Arena",7,"Exit_Zone",2
3439.267,"Info","Arena",7,"Enter_Zone",1
3439.333,"Info","Arena",5,"Exit_Zone",1
3439.333,"Info","Arena",5,"Enter_Zone",4
3439.365,"Info","Arena",5,"Exit_Zone",4
3439.365,"Info","Arena",5,"Enter_Zone",2
3439.398,"Info","Arena",2,"Exit_Zone",2
3439.398,"Info","Arena",2,"Enter_Zone",3
3439.429,"Info","Arena",2,"Exit_Zone",3
3439.429,"Info","Arena",2,"Enter_Zone",2
3439.464,"Info","Arena",5,"Exit_Zone",2
3439.464,"Info","Arena",5,"Enter_Zone",4
3439.496,"Info","Arena",5,"Exit_Zone",4
3439.496,"Info","Arena",5,"Enter_Zone",2
3439.822,"Info","Arena",7,"Exit_Zone",1
3439.822,"Info","Arena",7,"Enter_Zone",2
3440.377,"Info","Arena",2,"Exit_Zone",2
3440.377,"Info","Arena",2,"Enter_Zone",4
3440.946,"Info","Arena",2,"Exit_Zone",4
3440.946,"Info","Arena",2,"Enter_Zone",1
3441.520,"Info","Arena",7,"Exit_Zone",2
3441.520,"Info","Arena",7,"Enter_Zone",4
3441.992,"Info","Arena",2,"Exit_Zone",1
3441.992,"Info","Arena",2,"Enter_Zone",4
3442.205,"Info","Arena",7,"Exit_Zone",4
3442.205,"Info","Arena",7,"Enter_Zone",1
3442.321,"Info","Arena",8,"Exit_Zone",1
3442.321,"Info","Arena",8,"Enter_Zone",4
3442.580,"Info","Arena",2,"Exit_Zone",4
3442.580,"Info","Arena",2,"Enter_Zone",3
3443.731,"Info","Arena",8,"Exit_Zone",4
3443.731,"Info","Arena",8,"Enter_Zone",3
3445.438,"Info","Arena",1,"Exit_Zone",2
3445.438,"Info","Arena",1,"Enter_Zone",4
3446.585,"Info","Arena",7,"Exit_Zone",1
3446.585,"Info","Arena",7,"Enter_Zone",4
3446.917,"Info","Arena",4,"Exit_Zone",2
3446.917,"Info","Arena",4,"Enter_Zone",4
3447.186,"Info","Arena",4,"Exit_Zone",4
3447.186,"Info","Arena",4,"Enter_Zone",3
3447.314,"Info","Arena",7,"Exit_Zone",4
3447.314,"Info","Arena",7,"Enter_Zone",3
3447.601,"Info","Arena",5,"Exit_Zone",2
3447.601,"Info","Arena",5,"Enter_Zone",4
3448.059,"Info","Arena",7,"Exit_Zone",3
3448.059,"Info","Arena",7,"Enter_Zone",1
3448.134,"Info","Arena",5,"Exit_Zone",4
3448.134,"Info","Arena",5,"Enter_Zone",1
3448.415,"Info","Arena",7,"Exit_Zone",1
3448.415,"Info","Arena",7,"Enter_Zone",3
3448.742,"Info","Arena",3,"Exit_Zone",1
3448.742,"Info","Arena",3,"Enter_Zone",4
3449.073,"Info","Arena",3,"Exit_Zone",4
3449.073,"Info","Arena",3,"Enter_Zone",2
3449.305,"Info","Arena",1,"Exit_Zone",4
3449.305,"Info","Arena",1,"Enter_Zone",1
3449.675,"Info","Arena",7,"Exit_Zone",3
3449.675,"Info","Arena",7,"Enter_Zone",4
3449.749,"Info","Arena",3,"Exit_Zone",2
3449.749,"Info","Arena",3,"Enter_Zone",4
3449.786,"Info","Arena",7,"Exit_Zone",4
3449.786,"Info","Arena",7,"Enter_Zone",2
3449.863,"Info","Arena",3,"Exit_Zone",4
3449.863,"Info","Arena",3,"Enter_Zone",1
3449.863,"Info","Arena",7,"Exit_Zone",2
3449.863,"Info","Arena",7,"Enter_Zone",4
3449.943,"Info","Arena",7,"Exit_Zone",4
3449.943,"Info","Arena",7,"Enter_Zone",3
3450.136,"Info","Arena",7,"Exit_Zone",3
3450.136,"Info","Arena",7,"Enter_Zone",1
3450.172,"Info","Arena",7,"Exit_Zone",1
3450.172,"Info","Arena",7,"Enter_Zone",3
3450.256,"Info","Arena",7,"Exit_Zone",3
3450.256,"Info","Arena",7,"Enter_Zone",1
3450.369,"Info","Arena",7,"Exit_Zone",1
3450.369,"Info","Arena",7,"Enter_Zone",3
3450.480,"Info","Arena",8,"Exit_Zone",3
3450.480,"Info","Arena",8,"Enter_Zone",4
3450.664,"Info","Arena",7,"Exit_Zone",3
3450.664,"Info","Arena",7,"Enter_Zone",1
3450.698,"Info","Arena",7,"Exit_Zone",1
3450.698,"Info","Arena",7,"Enter_Zone",3
3450.734,"Info","Arena",7,"Exit_Zone",3
3450.734,"Info","Arena",7,"Enter_Zone",1
3450.842,"Info","Arena",7,"Exit_Zone",1
3450.842,"Info","Arena",7,"Enter_Zone",3
3451.345,"Info","Arena",7,"Exit_Zone",3
3451.345,"Info","Arena",7,"Enter_Zone",1
3451.383,"Info","Arena",7,"Exit_Zone",1
3451.383,"Info","Arena",7,"Enter_Zone",3
3452.026,"Info","Arena",7,"Exit_Zone",3
3452.026,"Info","Arena",7,"Enter_Zone",4
3452.134,"Info","Arena",7,"Exit_Zone",4
3452.134,"Info","Arena",7,"Enter_Zone",1
3452.204,"Info","Arena",7,"Exit_Zone",1
3452.204,"Info","Arena",7,"Enter_Zone",2
3452.983,"Info","Arena",7,"Exit_Zone",2
3452.983,"Info","Arena",7,"Enter_Zone",1
3453.016,"Info","Arena",7,"Exit_Zone",1
3453.016,"Info","Arena",7,"Enter_Zone",2
3454.070,"Info","Arena",7,"Exit_Zone",2
3454.070,"Info","Arena",7,"Enter_Zone",1
3454.231,"Info","Arena",1,"Exit_Zone",1
3454.231,"Info","Arena",1,"Enter_Zone",4
3454.308,"Info","Arena",7,"Exit_Zone",1
3454.308,"Info","Arena",7,"Enter_Zone",2
3454.462,"Info","Arena",5,"Exit_Zone",1
3454.462,"Info","Arena",5,"Enter_Zone",4
3454.462,"Info","Arena",7,"Exit_Zone",2
3454.462,"Info","Arena",7,"Enter_Zone",1
3454.540,"Info","Arena",7,"Exit_Zone",1
3454.540,"Info","Arena",7,"Enter_Zone",2
3454.845,"Info","Arena",2,"Exit_Zone",3
3454.845,"Info","Arena",2,"Enter_Zone",4
3455.037,"Info","Arena",7,"Exit_Zone",2
3455.037,"Info","Arena",7,"Enter_Zone",1
3455.237,"Info","Arena",2,"Exit_Zone",4
3455.237,"Info","Arena",2,"Enter_Zone",2
3455.543,"Info","Arena",6,"Exit_Zone",2
3455.543,"Info","Arena",6,"Enter_Zone",4
3455.650,"Info","Arena",5,"Exit_Zone",4
3455.650,"Info","Arena",5,"Enter_Zone",2
3456.301,"Info","Arena",7,"Exit_Zone",1
3456.301,"Info","Arena",7,"Enter_Zone",2
3456.337,"Info","Arena",6,"Exit_Zone",4
3456.337,"Info","Arena",6,"Enter_Zone",3
3456.482,"Info","Arena",8,"Exit_Zone",4
3456.482,"Info","Arena",8,"Enter_Zone",2
3456.627,"Info","Arena",7,"Exit_Zone",2
3456.627,"Info","Arena",7,"Enter_Zone",1
3456.742,"Info","Arena",1,"Exit_Zone",4
3456.742,"Info","Arena",1,"Enter_Zone",2
3456.929,"Info","Arena",2,"Exit_Zone",2
3456.929,"Info","Arena",2,"Enter_Zone",3
3457.041,"Info","Arena",2,"Exit_Zone",3
3457.041,"Info","Arena",2,"Enter_Zone",2
3457.187,"Info","Arena",7,"Exit_Zone",1
3457.187,"Info","Arena",7,"Enter_Zone",2
3457.277,"Info","Arena",2,"Exit_Zone",2
3457.277,"Info","Arena",2,"Enter_Zone",3
3457.378,"Info","Arena",2,"Exit_Zone",3
3457.378,"Info","Arena",2,"Enter_Zone",2
3457.638,"Info","Arena",7,"Exit_Zone",2
3457.638,"Info","Arena",7,"Enter_Zone",1
3457.674,"Info","Arena",7,"Exit_Zone",1
3457.674,"Info","Arena",7,"Enter_Zone",2
3457.713,"Info","Arena",7,"Exit_Zone",2
3457.713,"Info","Arena",7,"Enter_Zone",1
3457.848,"Info","Arena",2,"Exit_Zone",2
3457.848,"Info","Arena",2,"Enter_Zone",3
3457.879,"Info","Arena",2,"Exit_Zone",3
3457.879,"Info","Arena",2,"Enter_Zone",2
3457.977,"Info","Arena",2,"Exit_Zone",2
3457.977,"Info","Arena",2,"Enter_Zone",3
3458.009,"Info","Arena",7,"Exit_Zone",1
3458.009,"Info","Arena",7,"Enter_Zone",3
3458.074,"Info","Arena",2,"Exit_Zone",3
3458.074,"Info","Arena",2,"Enter_Zone",2
3458.325,"Info","Arena",2,"Exit_Zone",2
3458.325,"Info","Arena",2,"Enter_Zone",3
3458.484,"Info","Arena",2,"Exit_Zone",3
3458.484,"Info","Arena",2,"Enter_Zone",2
3459.074,"Info","Arena",7,"Exit_Zone",3
3459.074,"Info","Arena",7,"Enter_Zone",4
3459.664,"Info","Arena",7,"Exit_Zone",4
3459.664,"Info","Arena",7,"Enter_Zone",2
3459.698,"Info","Arena",7,"Exit_Zone",2
3459.698,"Info","Arena",7,"Enter_Zone",1
3459.769,"Info","Arena",7,"Exit_Zone",1
3459.769,"Info","Arena",7,"Enter_Zone",2
3459.882,"Info","Arena",8,"Exit_Zone",2
3459.882,"Info","Arena",8,"Enter_Zone",4
3460.025,"Info","Arena",7,"Exit_Zone",2
3460.025,"Info","Arena",7,"Enter_Zone",1
3460.624,"Info","Arena",2,"Exit_Zone",2
3460.624,"Info","Arena",2,"Enter_Zone",4
3461.005,"Info","Arena",7,"Exit_Zone",1
3461.005,"Info","Arena",7,"Enter_Zone",2
3461.189,"Info","Arena",7,"Exit_Zone",2
3461.189,"Info","Arena",7,"Enter_Zone",1
3461.272,"Info","Arena",8,"Exit_Zone",4
3461.272,"Info","Arena",8,"Enter_Zone",1
3461.388,"Info","Arena",6,"Exit_Zone",3
3461.388,"Info","Arena",6,"Enter_Zone",4
3461.502,"Info","Arena",2,"Exit_Zone",4
3461.502,"Info","Arena",2,"Enter_Zone",3
3461.578,"Info","Arena",7,"Exit_Zone",1
3461.578,"Info","Arena",7,"Enter_Zone",2
3461.613,"Info","Arena",7,"Exit_Zone",2
3461.613,"Info","Arena",7,"Enter_Zone",1
3461.648,"Info","Arena",7,"Exit_Zone",1
3461.648,"Info","Arena",7,"Enter_Zone",2
3462.251,"Info","Arena",7,"Exit_Zone",2
3462.251,"Info","Arena",7,"Enter_Zone",1
3462.677,"Info","Arena",6,"Exit_Zone",4
3462.677,"Info","Arena",6,"Enter_Zone",2
3462.979,"Info","Arena",7,"Exit_Zone",1
3462.979,"Info","Arena",7,"Enter_Zone",2
3463.151,"Info","Arena",7,"Exit_Zone",2
3463.151,"Info","Arena",7,"Enter_Zone",1
3463.188,"Info","Arena",7,"Exit_Zone",1
3463.188,"Info","Arena",7,"Enter_Zone",2
3463.479,"Info","Arena",7,"Exit_Zone",2
3463.479,"Info","Arena",7,"Enter_Zone",1
3463.654,"Info","Arena",7,"Exit_Zone",1
3463.654,"Info","Arena",7,"Enter_Zone",4
3463.764,"Info","Arena",7,"Exit_Zone",4
3463.764,"Info","Arena",7,"Enter_Zone",1
3464.070,"Info","Arena",7,"Exit_Zone",1
3464.070,"Info","Arena",7,"Enter_Zone",4
3464.142,"Info","Arena",7,"Exit_Zone",4
3464.142,"Info","Arena",7,"Enter_Zone",3
3464.747,"Info","Arena",7,"Exit_Zone",3
3464.747,"Info","Arena",7,"Enter_Zone",1
3464.812,"Info","Arena",5,"Exit_Zone",2
3464.812,"Info","Arena",5,"Enter_Zone",4
3464.845,"Info","Arena",5,"Exit_Zone",4
3464.845,"Info","Arena",5,"Enter_Zone",2
3464.880,"Info","Arena",5,"Exit_Zone",2
3464.880,"Info","Arena",5,"Enter_Zone",4
3464.980,"Info","Arena",7,"Exit_Zone",1
3464.980,"Info","Arena",7,"Enter_Zone",3
3465.121,"Info","Arena",7,"Exit_Zone",3
3465.121,"Info","Arena",7,"Enter_Zone",1
3465.234,"Info","Arena",7,"Exit_Zone",1
3465.234,"Info","Arena",7,"Enter_Zone",3
3465.406,"Info","Arena",7,"Exit_Zone",3
3465.406,"Info","Arena",7,"Enter_Zone",4
3466.301,"Info","Arena",7,"Exit_Zone",4
3466.301,"Info","Arena",7,"Enter_Zone",2
3466.374,"Info","Arena",7,"Exit_Zone",2
3466.374,"Info","Arena",7,"Enter_Zone",1
3466.695,"Info","Arena",7,"Exit_Zone",1
3466.695,"Info","Arena",7,"Enter_Zone",2
3466.880,"Info","Arena",7,"Exit_Zone",2
3466.880,"Info","Arena",7,"Enter_Zone",1
3467.233,"Info","Arena",5,"Exit_Zone",4
3467.233,"Info","Arena",5,"Enter_Zone",1
3467.337,"Info","Arena",7,"Exit_Zone",1
3467.337,"Info","Arena",7,"Enter_Zone",2
3467.513,"Info","Arena",1,"Exit_Zone",2
3467.513,"Info","Arena",1,"Enter_Zone",4
3467.548,"Info","Arena",7,"Exit_Zone",2
3467.548,"Info","Arena",7,"Enter_Zone",1
3467.548,"Info","Arena",8,"Exit_Zone",1
3467.548,"Info","Arena",8,"Enter_Zone",4
3467.583,"Info","Arena",7,"Exit_Zone",1
3467.583,"Info","Arena",7,"Enter_Zone",2
3467.619,"Info","Arena",7,"Exit_Zone",2
3467.619,"Info","Arena",7,"Enter_Zone",1
3467.798,"Info","Arena",7,"Exit_Zone",1
3467.798,"Info","Arena",7,"Enter_Zone",2
3468.246,"Info","Arena",7,"Exit_Zone",2
3468.246,"Info","Arena",7,"Enter_Zone",1
3468.279,"Info","Arena",7,"Exit_Zone",1
3468.279,"Info","Arena",7,"Enter_Zone",2
3468.352,"Info","Arena",7,"Exit_Zone",2
3468.352,"Info","Arena",7,"Enter_Zone",4
3468.576,"Info","Arena",7,"Exit_Zone",4
3468.576,"Info","Arena",7,"Enter_Zone",1
3469.736,"Info","Arena",1,"Exit_Zone",4
3469.736,"Info","Arena",1,"Enter_Zone",3
3470.908,"Info","Arena",8,"Exit_Zone",4
3470.908,"Info","Arena",8,"Enter_Zone",3
3471.479,"Info","Arena",2,"Exit_Zone",3
3471.479,"Info","Arena",2,"Enter_Zone",4
3471.842,"Info","Arena",2,"Exit_Zone",4
3471.842,"Info","Arena",2,"Enter_Zone",2
3472.020,"Info","Arena",7,"Exit_Zone",1
3472.020,"Info","Arena",7,"Enter_Zone",4
3472.281,"Info","Arena",7,"Exit_Zone",4
3472.281,"Info","Arena",7,"Enter_Zone",1
3472.314,"Info","Arena",7,"Exit_Zone",1
3472.314,"Info","Arena",7,"Enter_Zone",4
3472.349,"Info","Arena",7,"Exit_Zone",4
3472.349,"Info","Arena",7,"Enter_Zone",2
3472.737,"Info","Arena",7,"Exit_Zone",2
3472.737,"Info","Arena",7,"Enter_Zone",4
3472.807,"Info","Arena",7,"Exit_Zone",4
3472.807,"Info","Arena",7,"Enter_Zone",1
3472.907,"Info","Arena",7,"Exit_Zone",1
3472.907,"Info","Arena",7,"Enter_Zone",4
3472.941,"Info","Arena",7,"Exit_Zone",4
3472.941,"Info","Arena",7,"Enter_Zone",3
3472.976,"Info","Arena",5,"Exit_Zone",1
3472.976,"Info","Arena",5,"Enter_Zone",4
3473.012,"Info","Arena",6,"Exit_Zone",2
3473.012,"Info","Arena",6,"Enter_Zone",4
3473.439,"Info","Arena",7,"Exit_Zone",3
3473.439,"Info","Arena",7,"Enter_Zone",1
3474.323,"Info","Arena",7,"Exit_Zone",1
3474.323,"Info","Arena",7,"Enter_Zone",3
3474.427,"Info","Arena",7,"Exit_Zone",3
3474.427,"Info","Arena",7,"Enter_Zone",1
3474.460,"Info","Arena",7,"Exit_Zone",1
3474.460,"Info","Arena",7,"Enter_Zone",3
3474.636,"Info","Arena",7,"Exit_Zone",3
3474.636,"Info","Arena",7,"Enter_Zone",1
3475.010,"Info","Arena",7,"Exit_Zone",1
3475.010,"Info","Arena",7,"Enter_Zone",3
3475.270,"Info","Arena",5,"Exit_Zone",4
3475.270,"Info","Arena",5,"Enter_Zone",3
3475.445,"Info","Arena",7,"Exit_Zone",3
3475.445,"Info","Arena",7,"Enter_Zone",1
3475.582,"Info","Arena",7,"Exit_Zone",1
3475.582,"Info","Arena",7,"Enter_Zone",4
3476.048,"Info","Arena",7,"Exit_Zone",4
3476.048,"Info","Arena",7,"Enter_Zone",1
3476.294,"Info","Arena",6,"Exit_Zone",4
3476.294,"Info","Arena",6,"Enter_Zone",3
3476.535,"Info","Arena",7,"Exit_Zone",1
3476.535,"Info","Arena",7,"Enter_Zone",2
3476.676,"Info","Arena",8,"Exit_Zone",3
3476.676,"Info","Arena",8,"Enter_Zone",4
3476.818,"Info","Arena",7,"Exit_Zone",2
3476.818,"Info","Arena",7,"Enter_Zone",1
3476.956,"Info","Arena",2,"Exit_Zone",2
3476.956,"Info","Arena",2,"Enter_Zone",4
3477.128,"Info","Arena",2,"Exit_Zone",4
3477.128,"Info","Arena",2,"Enter_Zone",3
3477.528,"Info","Arena",8,"Exit_Zone",4
3477.528,"Info","Arena",8,"Enter_Zone",2
3477.740,"Info","Arena",7,"Exit_Zone",1
3477.740,"Info","Arena",7,"Enter_Zone",2
3477.950,"Info","Arena",7,"Exit_Zone",2
3477.950,"Info","Arena",7,"Enter_Zone",1
3478.055,"Info","Arena",7,"Exit_Zone",1
3478.055,"Info","Arena",7,"Enter_Zone",2
3478.554,"Info","Arena",1,"Exit_Zone",3
3478.554,"Info","Arena",1,"Enter_Zone",4
3478.623,"Info","Arena",7,"Exit_Zone",2
3478.623,"Info","Arena",7,"Enter_Zone",1
3478.726,"Info","Arena",7,"Exit_Zone",1
3478.726,"Info","Arena",7,"Enter_Zone",2
3478.864,"Info","Arena",7,"Exit_Zone",2
3478.864,"Info","Arena",7,"Enter_Zone",1
3478.998,"Info","Arena",7,"Exit_Zone",1
3478.998,"Info","Arena",7,"Enter_Zone",2
3479.031,"Info","Arena",7,"Exit_Zone",2
3479.031,"Info","Arena",7,"Enter_Zone",1
3479.097,"Info","Arena",7,"Exit_Zone",1
3479.097,"Info","Arena",7,"Enter_Zone",2
3479.201,"Info","Arena",7,"Exit_Zone",2
3479.201,"Info","Arena",7,"Enter_Zone",1
3479.278,"Info","Arena",7,"Exit_Zone",1
3479.278,"Info","Arena",7,"Enter_Zone",2
3479.485,"Info","Arena",7,"Exit_Zone",2
3479.485,"Info","Arena",7,"Enter_Zone",1
3479.614,"Info","Arena",1,"Exit_Zone",4
3479.614,"Info","Arena",1,"Enter_Zone",1
3479.800,"Info","Arena",7,"Exit_Zone",1
3479.800,"Info","Arena",7,"Enter_Zone",4
3480.200,"Info","Arena",7,"Exit_Zone",4
3480.200,"Info","Arena",7,"Enter_Zone",1
3480.242,"Info","Arena",7,"Exit_Zone",1
3480.242,"Info","Arena",7,"Enter_Zone",4
3480.343,"Info","Arena",7,"Exit_Zone",4
3480.343,"Info","Arena",7,"Enter_Zone",3
3481.152,"Info","Arena",7,"Exit_Zone",3
3481.152,"Info","Arena",7,"Enter_Zone",1
3481.571,"Info","Arena",7,"Exit_Zone",1
3481.571,"Info","Arena",7,"Enter_Zone",3
3481.853,"Info","Arena",7,"Exit_Zone",3
3481.853,"Info","Arena",7,"Enter_Zone",1
3482.092,"Info","Arena",7,"Exit_Zone",1
3482.092,"Info","Arena",7,"Enter_Zone",3
3482.316,"Info","Arena",6,"Exit_Zone",3
3482.316,"Info","Arena",6,"Enter_Zone",4
3482.491,"Info","Arena",7,"Exit_Zone",3
3482.491,"Info","Arena",7,"Enter_Zone",4
3482.564,"Info","Arena",8,"Exit_Zone",2
3482.564,"Info","Arena",8,"Enter_Zone",4
3482.989,"Info","Arena",6,"Exit_Zone",4
3482.989,"Info","Arena",6,"Enter_Zone",2
3483.352,"Info","Arena",7,"Exit_Zone",4
3483.352,"Info","Arena",7,"Enter_Zone",1
3483.562,"Info","Arena",8,"Exit_Zone",4
3483.562,"Info","Arena",8,"Enter_Zone",1
3483.808,"Info","Arena",5,"Exit_Zone",3
3483.808,"Info","Arena",5,"Enter_Zone",4
3483.844,"Info","Arena",5,"Exit_Zone",4
3483.844,"Info","Arena",5,"Enter_Zone",3
3483.878,"Info","Arena",5,"Exit_Zone",3
3483.878,"Info","Arena",5,"Enter_Zone",4
3483.913,"Info","Arena",5,"Exit_Zone",4
3483.913,"Info","Arena",5,"Enter_Zone",3
3483.983,"Info","Arena",5,"Exit_Zone",3
3483.983,"Info","Arena",5,"Enter_Zone",4
3485.436,"Info","Arena",1,"Exit_Zone",1
3485.436,"Info","Arena",1,"Enter_Zone",4
3485.901,"Info","Arena",5,"Exit_Zone",4
3485.901,"Info","Arena",5,"Enter_Zone",1
3486.377,"Info","Arena",8,"Exit_Zone",1
3486.377,"Info","Arena",8,"Enter_Zone",4
3486.774,"Info","Arena",7,"Exit_Zone",1
3486.774,"Info","Arena",7,"Enter_Zone",4
3486.892,"Info","Arena",1,"Exit_Zone",4
3486.892,"Info","Arena",1,"Enter_Zone",2
3487.163,"Info","Arena",8,"Exit_Zone",4
3487.163,"Info","Arena",8,"Enter_Zone",3
3487.409,"Info","Arena",7,"Exit_Zone",4
3487.409,"Info","Arena",7,"Enter_Zone",2
3487.446,"Info","Arena",7,"Exit_Zone",2
3487.446,"Info","Arena",7,"Enter_Zone",4
3487.607,"Info","Arena",7,"Exit_Zone",4
3487.607,"Info","Arena",7,"Enter_Zone",1
3487.959,"Info","Arena",6,"Exit_Zone",2
3487.959,"Info","Arena",6,"Enter_Zone",4
3487.998,"Info","Arena",3,"Exit_Zone",1
3487.998,"Info","Arena",3,"Enter_Zone",4
3488.158,"Info","Arena",2,"Exit_Zone",3
3488.158,"Info","Arena",2,"Enter_Zone",4
3488.318,"Info","Arena",3,"Exit_Zone",4
3488.318,"Info","Arena",3,"Enter_Zone",2
3488.471,"Info","Arena",2,"Exit_Zone",4
3488.471,"Info","Arena",2,"Enter_Zone",1
3488.843,"Info","Arena",3,"Exit_Zone",2
3488.843,"Info","Arena",3,"Enter_Zone",4
3489.169,"Info","Arena",3,"Exit_Zone",4
3489.169,"Info","Arena",3,"Enter_Zone",1
3489.326,"Info","Arena",2,"Exit_Zone",1
3489.326,"Info","Arena",2,"Enter_Zone",3
3489.473,"Info","Arena",6,"Exit_Zone",4
3489.473,"Info","Arena",6,"Enter_Zone",3
3489.542,"Info","Arena",2,"Exit_Zone",3
3489.542,"Info","Arena",2,"Enter_Zone",1
3490.743,"Info","Arena",6,"Exit_Zone",3
3490.743,"Info","Arena",6,"Enter_Zone",2
3490.775,"Info","Arena",2,"Exit_Zone",1
3490.775,"Info","Arena",2,"Enter_Zone",3
3490.775,"Info","Arena",6,"Exit_Zone",2
3490.775,"Info","Arena",6,"Enter_Zone",3
3491.974,"Info","Arena",2,"Exit_Zone",3
3491.974,"Info","Arena",2,"Enter_Zone",1
3492.813,"Info","Arena",2,"Exit_Zone",1
3492.813,"Info","Arena",2,"Enter_Zone",4
3492.813,"Info","Arena",8,"Exit_Zone",3
3492.813,"Info","Arena",8,"Enter_Zone",4
3492.952,"Info","Arena",5,"Exit_Zone",1
3492.952,"Info","Arena",5,"Enter_Zone",4
3493.576,"Info","Arena",6,"Exit_Zone",3
3493.576,"Info","Arena",6,"Enter_Zone",4
3493.650,"Info","Arena",2,"Exit_Zone",4
3493.650,"Info","Arena",2,"Enter_Zone",3
3494.087,"Info","Arena",8,"Exit_Zone",4
3494.087,"Info","Arena",8,"Enter_Zone",2
3494.157,"Info","Arena",1,"Exit_Zone",2
3494.157,"Info","Arena",1,"Enter_Zone",4
3495.099,"Info","Arena",1,"Exit_Zone",4
3495.099,"Info","Arena",1,"Enter_Zone",1
3495.399,"Info","Arena",5,"Exit_Zone",4
3495.399,"Info","Arena",5,"Enter_Zone",3
3495.749,"Info","Arena",6,"Exit_Zone",4
3495.749,"Info","Arena",6,"Enter_Zone",2
3496.580,"Info","Arena",7,"Exit_Zone",1
3496.580,"Info","Arena",7,"Enter_Zone",4
3496.955,"Info","Arena",7,"Exit_Zone",4
3496.955,"Info","Arena",7,"Enter_Zone",2
3497.423,"Info","Arena",7,"Exit_Zone",2
3497.423,"Info","Arena",7,"Enter_Zone",1
3497.581,"Info","Arena",7,"Exit_Zone",1
3497.581,"Info","Arena",7,"Enter_Zone",2
3498.028,"Info","Arena",7,"Exit_Zone",2
3498.028,"Info","Arena",7,"Enter_Zone",1
3498.279,"Info","Arena",7,"Exit_Zone",1
3498.279,"Info","Arena",7,"Enter_Zone",2
3498.374,"Info","Arena",7,"Exit_Zone",2
3498.374,"Info","Arena",7,"Enter_Zone",1
3498.472,"Info","Arena",7,"Exit_Zone",1
3498.472,"Info","Arena",7,"Enter_Zone",2
3498.503,"Info","Arena",7,"Exit_Zone",2
3498.503,"Info","Arena",7,"Enter_Zone",1
3498.763,"Info","Arena",7,"Exit_Zone",1
3498.763,"Info","Arena",7,"Enter_Zone",2
3499.475,"Info","Arena",1,"Exit_Zone",1
3499.475,"Info","Arena",1,"Enter_Zone",4
3499.652,"Info","Arena",7,"Exit_Zone",2
3499.652,"Info","Arena",7,"Enter_Zone",1
3499.686,"Info","Arena",7,"Exit_Zone",1
3499.686,"Info","Arena",7,"Enter_Zone",2
3499.758,"Info","Arena",2,"Exit_Zone",3
3499.758,"Info","Arena",2,"Enter_Zone",4
3499.829,"Info","Arena",1,"Exit_Zone",4
3499.829,"Info","Arena",1,"Enter_Zone",2
3500.047,"Info","Arena",6,"Exit_Zone",2
3500.047,"Info","Arena",6,"Enter_Zone",4
3500.084,"Info","Arena",2,"Exit_Zone",4
3500.084,"Info","Arena",2,"Enter_Zone",2
3500.119,"Info","Arena",7,"Exit_Zone",2
3500.119,"Info","Arena",7,"Enter_Zone",4
3500.879,"Info","Arena",7,"Exit_Zone",4
3500.879,"Info","Arena",7,"Enter_Zone",1
3500.879,"Info","Arena",8,"Exit_Zone",2
3500.879,"Info","Arena",8,"Enter_Zone",4
3501.094,"Info","Arena",6,"Exit_Zone",4
3501.094,"Info","Arena",6,"Enter_Zone",3
3501.459,"Info","Arena",2,"Exit_Zone",2
3501.459,"Info","Arena",2,"Enter_Zone",3
3501.492,"Info","Arena",2,"Exit_Zone",3
3501.492,"Info","Arena",2,"Enter_Zone",2
3501.562,"Info","Arena",8,"Exit_Zone",4
3501.562,"Info","Arena",8,"Enter_Zone",1
3501.836,"Info","Arena",2,"Exit_Zone",2
3501.836,"Info","Arena",2,"Enter_Zone",3
3501.871,"Info","Arena",2,"Exit_Zone",3
3501.871,"Info","Arena",2,"Enter_Zone",2
3501.972,"Info","Arena",5,"Exit_Zone",3
3501.972,"Info","Arena",5,"Enter_Zone",4
3502.075,"Info","Arena",2,"Exit_Zone",2
3502.075,"Info","Arena",2,"Enter_Zone",3
3502.140,"Info","Arena",5,"Exit_Zone",4
3502.140,"Info","Arena",5,"Enter_Zone",3
3502.219,"Info","Arena",2,"Exit_Zone",3
3502.219,"Info","Arena",2,"Enter_Zone",2
3502.219,"Info","Arena",5,"Exit_Zone",3
3502.219,"Info","Arena",5,"Enter_Zone",4
3503.625,"Info","Arena",1,"Exit_Zone",2
3503.625,"Info","Arena",1,"Enter_Zone",4
3504.022,"Info","Arena",1,"Exit_Zone",4
3504.022,"Info","Arena",1,"Enter_Zone",3
3504.231,"Info","Arena",1,"Exit_Zone",3
3504.231,"Info","Arena",1,"Enter_Zone",4
3504.525,"Info","Arena",2,"Exit_Zone",2
3504.525,"Info","Arena",2,"Enter_Zone",4
3504.896,"Info","Arena",7,"Exit_Zone",1
3504.896,"Info","Arena",7,"Enter_Zone",4
3505.359,"Info","Arena",6,"Exit_Zone",3
3505.359,"Info","Arena",6,"Enter_Zone",4
3505.401,"Info","Arena",1,"Exit_Zone",4
3505.401,"Info","Arena",1,"Enter_Zone",1
3505.439,"Info","Arena",7,"Exit_Zone",4
3505.439,"Info","Arena",7,"Enter_Zone",1
3505.513,"Info","Arena",7,"Exit_Zone",1
3505.513,"Info","Arena",7,"Enter_Zone",4
3505.594,"Info","Arena",7,"Exit_Zone",4
3505.594,"Info","Arena",7,"Enter_Zone",1
3505.634,"Info","Arena",7,"Exit_Zone",1
3505.634,"Info","Arena",7,"Enter_Zone",3
3506.102,"Info","Arena",7,"Exit_Zone",3
3506.102,"Info","Arena",7,"Enter_Zone",1
3506.140,"Info","Arena",8,"Exit_Zone",1
3506.140,"Info","Arena",8,"Enter_Zone",4
3506.488,"Info","Arena",2,"Exit_Zone",4
3506.488,"Info","Arena",2,"Enter_Zone",3
3506.971,"Info","Arena",8,"Exit_Zone",4
3506.971,"Info","Arena",8,"Enter_Zone",2
3507.009,"Info","Arena",7,"Exit_Zone",1
3507.009,"Info","Arena",7,"Enter_Zone",3
3507.158,"Info","Arena",5,"Exit_Zone",4
3507.158,"Info","Arena",5,"Enter_Zone",2
3507.241,"Info","Arena",6,"Exit_Zone",4
3507.241,"Info","Arena",6,"Enter_Zone",2
3507.722,"Info","Arena",7,"Exit_Zone",3
3507.722,"Info","Arena",7,"Enter_Zone",1
3507.835,"Info","Arena",7,"Exit_Zone",1
3507.835,"Info","Arena",7,"Enter_Zone",3
3507.906,"Info","Arena",7,"Exit_Zone",3
3507.906,"Info","Arena",7,"Enter_Zone",1
3508.294,"Info","Arena",7,"Exit_Zone",1
3508.294,"Info","Arena",7,"Enter_Zone",3
3508.673,"Info","Arena",1,"Exit_Zone",1
3508.673,"Info","Arena",1,"Enter_Zone",4
3508.886,"Info","Arena",7,"Exit_Zone",3
3508.886,"Info","Arena",7,"Enter_Zone",4
3509.025,"Info","Arena",7,"Exit_Zone",4
3509.025,"Info","Arena",7,"Enter_Zone",1
3509.058,"Info","Arena",7,"Exit_Zone",1
3509.058,"Info","Arena",7,"Enter_Zone",4
3509.246,"Info","Arena",1,"Exit_Zone",4
3509.246,"Info","Arena",1,"Enter_Zone",3
3509.695,"Info","Arena",7,"Exit_Zone",4
3509.695,"Info","Arena",7,"Enter_Zone",2
3509.799,"Info","Arena",7,"Exit_Zone",2
3509.799,"Info","Arena",7,"Enter_Zone",1
3510.151,"Info","Arena",7,"Exit_Zone",1
3510.151,"Info","Arena",7,"Enter_Zone",2
3510.829,"Info","Arena",7,"Exit_Zone",2
3510.829,"Info","Arena",7,"Enter_Zone",1
3511.281,"Info","Arena",7,"Exit_Zone",1
3511.281,"Info","Arena",7,"Enter_Zone",2
3511.538,"Info","Arena",7,"Exit_Zone",2
3511.538,"Info","Arena",7,"Enter_Zone",1
3511.902,"Info","Arena",7,"Exit_Zone",1
3511.902,"Info","Arena",7,"Enter_Zone",2
3512.246,"Info","Arena",6,"Exit_Zone",2
3512.246,"Info","Arena",6,"Enter_Zone",4
3512.320,"Info","Arena",7,"Exit_Zone",2
3512.320,"Info","Arena",7,"Enter_Zone",1
3512.767,"Info","Arena",6,"Exit_Zone",4
3512.767,"Info","Arena",6,"Enter_Zone",1
3513.027,"Info","Arena",7,"Exit_Zone",1
3513.027,"Info","Arena",7,"Enter_Zone",2
3513.736,"Info","Arena",7,"Exit_Zone",2
3513.736,"Info","Arena",7,"Enter_Zone",4
3513.847,"Info","Arena",7,"Exit_Zone",4
3513.847,"Info","Arena",7,"Enter_Zone",1
3514.107,"Info","Arena",7,"Exit_Zone",1
3514.107,"Info","Arena",7,"Enter_Zone",4
3514.271,"Info","Arena",1,"Exit_Zone",3
3514.271,"Info","Arena",1,"Enter_Zone",4
3514.271,"Info","Arena",5,"Exit_Zone",2
3514.271,"Info","Arena",5,"Enter_Zone",4
3514.308,"Info","Arena",7,"Exit_Zone",4
3514.308,"Info","Arena",7,"Enter_Zone",1
3515.285,"Info","Arena",5,"Exit_Zone",4
3515.285,"Info","Arena",5,"Enter_Zone",3
3515.385,"Info","Arena",1,"Exit_Zone",4
3515.385,"Info","Arena",1,"Enter_Zone",2
3515.421,"Info","Arena",1,"Exit_Zone",2
3515.421,"Info","Arena",1,"Enter_Zone",4
3515.454,"Info","Arena",1,"Exit_Zone",4
3515.454,"Info","Arena",1,"Enter_Zone",2
3516.895,"Info","Arena",8,"Exit_Zone",2
3516.895,"Info","Arena",8,"Enter_Zone",4
3517.634,"Info","Arena",1,"Exit_Zone",2
3517.634,"Info","Arena",1,"Enter_Zone",4
3518.181,"Info","Arena",7,"Exit_Zone",1
3518.181,"Info","Arena",7,"Enter_Zone",4
3518.229,"Info","Arena",1,"Exit_Zone",4
3518.229,"Info","Arena",1,"Enter_Zone",3
3518.267,"Info","Arena",6,"Exit_Zone",1
3518.267,"Info","Arena",6,"Enter_Zone",4
3518.267,"Info","Arena",8,"Exit_Zone",4
3518.267,"Info","Arena",8,"Enter_Zone",2
3518.481,"Info","Arena",8,"Exit_Zone",2
3518.481,"Info","Arena",8,"Enter_Zone",4
3518.517,"Info","Arena",8,"Exit_Zone",4
3518.517,"Info","Arena",8,"Enter_Zone",2
3518.697,"Info","Arena",7,"Exit_Zone",4
3518.697,"Info","Arena",7,"Enter_Zone",3
3519.602,"Info","Arena",7,"Exit_Zone",3
3519.602,"Info","Arena",7,"Enter_Zone",1
3519.635,"Info","Arena",6,"Exit_Zone",4
3519.635,"Info","Arena",6,"Enter_Zone",3
3519.880,"Info","Arena",1,"Exit_Zone",3
3519.880,"Info","Arena",1,"Enter_Zone",4
3520.024,"Info","Arena",7,"Exit_Zone",1
3520.024,"Info","Arena",7,"Enter_Zone",3
3520.094,"Info","Arena",7,"Exit_Zone",3
3520.094,"Info","Arena",7,"Enter_Zone",1
3520.094,"Info","Arena",8,"Exit_Zone",2
3520.094,"Info","Arena",8,"Enter_Zone",4
3520.128,"Info","Arena",7,"Exit_Zone",1
3520.128,"Info","Arena",7,"Enter_Zone",3
3520.674,"Info","Arena",2,"Exit_Zone",3
3520.674,"Info","Arena",2,"Enter_Zone",4
3520.818,"Info","Arena",7,"Exit_Zone",3
3520.818,"Info","Arena",7,"Enter_Zone",1
3521.027,"Info","Arena",1,"Exit_Zone",4
3521.027,"Info","Arena",1,"Enter_Zone",3
3521.169,"Info","Arena",7,"Exit_Zone",1
3521.169,"Info","Arena",7,"Enter_Zone",3
3521.402,"Info","Arena",2,"Exit_Zone",4
3521.402,"Info","Arena",2,"Enter_Zone",3
3521.934,"Info","Arena",7,"Exit_Zone",3
3521.934,"Info","Arena",7,"Enter_Zone",4
3522.163,"Info","Arena",7,"Exit_Zone",4
3522.163,"Info","Arena",7,"Enter_Zone",3
3522.289,"Info","Arena",2,"Exit_Zone",3
3522.289,"Info","Arena",2,"Enter_Zone",4
3522.331,"Info","Arena",6,"Exit_Zone",3
3522.331,"Info","Arena",6,"Enter_Zone",4
3522.368,"Info","Arena",2,"Exit_Zone",4
3522.368,"Info","Arena",2,"Enter_Zone",2
3522.519,"Info","Arena",7,"Exit_Zone",3
3522.519,"Info","Arena",7,"Enter_Zone",1
3522.557,"Info","Arena",7,"Exit_Zone",1
3522.557,"Info","Arena",7,"Enter_Zone",3
3522.743,"Info","Arena",7,"Exit_Zone",3
3522.743,"Info","Arena",7,"Enter_Zone",1
3522.856,"Info","Arena",6,"Exit_Zone",4
3522.856,"Info","Arena",6,"Enter_Zone",2
3522.999,"Info","Arena",7,"Exit_Zone",1
3522.999,"Info","Arena",7,"Enter_Zone",3
3523.037,"Info","Arena",8,"Exit_Zone",4
3523.037,"Info","Arena",8,"Enter_Zone",1
3524.047,"Info","Arena",7,"Exit_Zone",3
3524.047,"Info","Arena",7,"Enter_Zone",1
3524.080,"Info","Arena",2,"Exit_Zone",2
3524.080,"Info","Arena",2,"Enter_Zone",3
3524.147,"Info","Arena",7,"Exit_Zone",1
3524.147,"Info","Arena",7,"Enter_Zone",3
3524.294,"Info","Arena",2,"Exit_Zone",3
3524.294,"Info","Arena",2,"Enter_Zone",2
3524.468,"Info","Arena",2,"Exit_Zone",2
3524.468,"Info","Arena",2,"Enter_Zone",3
3524.778,"Info","Arena",2,"Exit_Zone",3
3524.778,"Info","Arena",2,"Enter_Zone",2
3524.815,"Info","Arena",2,"Exit_Zone",2
3524.815,"Info","Arena",2,"Enter_Zone",3
3525.061,"Info","Arena",2,"Exit_Zone",3
3525.061,"Info","Arena",2,"Enter_Zone",2
3525.061,"Info","Arena",7,"Exit_Zone",3
3525.061,"Info","Arena",7,"Enter_Zone",4
3525.204,"Info","Arena",1,"Exit_Zone",3
3525.204,"Info","Arena",1,"Enter_Zone",4
3525.250,"Info","Arena",2,"Exit_Zone",2
3525.250,"Info","Arena",2,"Enter_Zone",3
3525.701,"Info","Arena",5,"Exit_Zone",3
3525.701,"Info","Arena",5,"Enter_Zone",4
3525.771,"Info","Arena",7,"Exit_Zone",4
3525.771,"Info","Arena",7,"Enter_Zone",1
3525.936,"Info","Arena",2,"Exit_Zone",3
3525.936,"Info","Arena",2,"Enter_Zone",2
3525.936,"Info","Arena",7,"Exit_Zone",1
3525.936,"Info","Arena",7,"Enter_Zone",2
3526.151,"Info","Arena",6,"Exit_Zone",2
3526.151,"Info","Arena",6,"Enter_Zone",4
3526.375,"Info","Arena",5,"Exit_Zone",4
3526.375,"Info","Arena",5,"Enter_Zone",1
3526.412,"Info","Arena",1,"Exit_Zone",4
3526.412,"Info","Arena",1,"Enter_Zone",1
3527.308,"Info","Arena",6,"Exit_Zone",4
3527.308,"Info","Arena",6,"Enter_Zone",1
3527.543,"Info","Arena",7,"Exit_Zone",2
3527.543,"Info","Arena",7,"Enter_Zone",1
3527.845,"Info","Arena",7,"Exit_Zone",1
3527.845,"Info","Arena",7,"Enter_Zone",2
3528.283,"Info","Arena",5,"Exit_Zone",1
3528.283,"Info","Arena",5,"Enter_Zone",2
3528.349,"Info","Arena",5,"Exit_Zone",2
3528.349,"Info","Arena",5,"Enter_Zone",1
3528.480,"Info","Arena",6,"Exit_Zone",1
3528.480,"Info","Arena",6,"Enter_Zone",4
3528.679,"Info","Arena",7,"Exit_Zone",2
3528.679,"Info","Arena",7,"Enter_Zone",1
3529.032,"Info","Arena",7,"Exit_Zone",1
3529.032,"Info","Arena",7,"Enter_Zone",2
3529.133,"Info","Arena",6,"Exit_Zone",4
3529.133,"Info","Arena",6,"Enter_Zone",2
3530.066,"Info","Arena",7,"Exit_Zone",2
3530.066,"Info","Arena",7,"Enter_Zone",4
3530.568,"Info","Arena",7,"Exit_Zone",4
3530.568,"Info","Arena",7,"Enter_Zone",1
3530.672,"Info","Arena",8,"Exit_Zone",1
3530.672,"Info","Arena",8,"Enter_Zone",4
3532.601,"Info","Arena",5,"Exit_Zone",1
3532.601,"Info","Arena",5,"Enter_Zone",4
3532.708,"Info","Arena",6,"Exit_Zone",2
3532.708,"Info","Arena",6,"Enter_Zone",4
3532.924,"Info","Arena",1,"Exit_Zone",1
3532.924,"Info","Arena",1,"Enter_Zone",4
3533.973,"Info","Arena",1,"Exit_Zone",4
3533.973,"Info","Arena",1,"Enter_Zone",3
3533.973,"Info","Arena",6,"Exit_Zone",4
3533.973,"Info","Arena",6,"Enter_Zone",1
3534.046,"Info","Arena",7,"Exit_Zone",1
3534.046,"Info","Arena",7,"Enter_Zone",4
3534.123,"Info","Arena",2,"Exit_Zone",2
3534.123,"Info","Arena",2,"Enter_Zone",4
3534.463,"Info","Arena",7,"Exit_Zone",4
3534.463,"Info","Arena",7,"Enter_Zone",2
3534.575,"Info","Arena",2,"Exit_Zone",4
3534.575,"Info","Arena",2,"Enter_Zone",3
3534.610,"Info","Arena",5,"Exit_Zone",4
3534.610,"Info","Arena",5,"Enter_Zone",3
3534.648,"Info","Arena",7,"Exit_Zone",2
3534.648,"Info","Arena",7,"Enter_Zone",4
3534.871,"Info","Arena",7,"Exit_Zone",4
3534.871,"Info","Arena",7,"Enter_Zone",3
3534.943,"Info","Arena",8,"Exit_Zone",4
3534.943,"Info","Arena",8,"Enter_Zone",3
3536.248,"Info","Arena",7,"Exit_Zone",3
3536.248,"Info","Arena",7,"Enter_Zone",1
3536.280,"Info","Arena",7,"Exit_Zone",1
3536.280,"Info","Arena",7,"Enter_Zone",3
3537.309,"Info","Arena",1,"Exit_Zone",3
3537.309,"Info","Arena",1,"Enter_Zone",4
3537.440,"Info","Arena",8,"Exit_Zone",3
3537.440,"Info","Arena",8,"Enter_Zone",1
3537.473,"Info","Arena",7,"Exit_Zone",3
3537.473,"Info","Arena",7,"Enter_Zone",1
3537.473,"Info","Arena",8,"Exit_Zone",1
3537.473,"Info","Arena",8,"Enter_Zone",3
3537.635,"Info","Arena",4,"Exit_Zone",3
3537.635,"Info","Arena",4,"Enter_Zone",4
3537.831,"Info","Arena",7,"Exit_Zone",1
3537.831,"Info","Arena",7,"Enter_Zone",3
3538.357,"Info","Arena",1,"Exit_Zone",4
3538.357,"Info","Arena",1,"Enter_Zone",2
3539.007,"Info","Arena",7,"Exit_Zone",3
3539.007,"Info","Arena",7,"Enter_Zone",4
3539.075,"Info","Arena",4,"Exit_Zone",4
3539.075,"Info","Arena",4,"Enter_Zone",3
3539.075,"Info","Arena",8,"Exit_Zone",3
3539.075,"Info","Arena",8,"Enter_Zone",4
3539.110,"Info","Arena",4,"Exit_Zone",3
3539.110,"Info","Arena",4,"Enter_Zone",4
3539.178,"Info","Arena",4,"Exit_Zone",4
3539.178,"Info","Arena",4,"Enter_Zone",3
3539.290,"Info","Arena",4,"Exit_Zone",3
3539.290,"Info","Arena",4,"Enter_Zone",4
3539.326,"Info","Arena",4,"Exit_Zone",4
3539.326,"Info","Arena",4,"Enter_Zone",3
3539.674,"Info","Arena",7,"Exit_Zone",4
3539.674,"Info","Arena",7,"Enter_Zone",1
3539.706,"Info","Arena",7,"Exit_Zone",1
3539.706,"Info","Arena",7,"Enter_Zone",2
3539.843,"Info","Arena",7,"Exit_Zone",2
3539.843,"Info","Arena",7,"Enter_Zone",1
3540.008,"Info","Arena",7,"Exit_Zone",1
3540.008,"Info","Arena",7,"Enter_Zone",2
3540.590,"Info","Arena",7,"Exit_Zone",2
3540.590,"Info","Arena",7,"Enter_Zone",1
3540.751,"Info","Arena",7,"Exit_Zone",1
3540.751,"Info","Arena",7,"Enter_Zone",2
3540.883,"Info","Arena",7,"Exit_Zone",2
3540.883,"Info","Arena",7,"Enter_Zone",1
3540.947,"Info","Arena",7,"Exit_Zone",1
3540.947,"Info","Arena",7,"Enter_Zone",2
3541.148,"Info","Arena",7,"Exit_Zone",2
3541.148,"Info","Arena",7,"Enter_Zone",1
3541.418,"Info","Arena",8,"Exit_Zone",4
3541.418,"Info","Arena",8,"Enter_Zone",1
3541.549,"Info","Arena",7,"Exit_Zone",1
3541.549,"Info","Arena",7,"Enter_Zone",2
3541.683,"Info","Arena",7,"Exit_Zone",2
3541.683,"Info","Arena",7,"Enter_Zone",1
3541.717,"Info","Arena",7,"Exit_Zone",1
3541.717,"Info","Arena",7,"Enter_Zone",2
3541.951,"Info","Arena",7,"Exit_Zone",2
3541.951,"Info","Arena",7,"Enter_Zone",1
3542.019,"Info","Arena",7,"Exit_Zone",1
3542.019,"Info","Arena",7,"Enter_Zone",2
3542.084,"Info","Arena",7,"Exit_Zone",2
3542.084,"Info","Arena",7,"Enter_Zone",1
3542.151,"Info","Arena",6,"Exit_Zone",1
3542.151,"Info","Arena",6,"Enter_Zone",4
3542.557,"Info","Arena",6,"Exit_Zone",4
3542.557,"Info","Arena",6,"Enter_Zone",2
3542.657,"Info","Arena",5,"Exit_Zone",3
3542.657,"Info","Arena",5,"Enter_Zone",4
3543.193,"Info","Arena",7,"Exit_Zone",1
3543.193,"Info","Arena",7,"Enter_Zone",2
3543.556,"Info","Arena",7,"Exit_Zone",2
3543.556,"Info","Arena",7,"Enter_Zone",4
3543.732,"Info","Arena",5,"Exit_Zone",4
3543.732,"Info","Arena",5,"Enter_Zone",2
3544.088,"Info","Arena",7,"Exit_Zone",4
3544.088,"Info","Arena",7,"Enter_Zone",1
3544.695,"Info","Arena",1,"Exit_Zone",2
3544.695,"Info","Arena",1,"Enter_Zone",4
3545.050,"Info","Arena",1,"Exit_Zone",4
3545.050,"Info","Arena",1,"Enter_Zone",3
3547.630,"Info","Arena",1,"Exit_Zone",3
3547.630,"Info","Arena",1,"Enter_Zone",4
3548.365,"Info","Arena",1,"Exit_Zone",4
3548.365,"Info","Arena",1,"Enter_Zone",2
3548.436,"Info","Arena",7,"Exit_Zone",1
3548.436,"Info","Arena",7,"Enter_Zone",4
3548.510,"Info","Arena",6,"Exit_Zone",2
3548.510,"Info","Arena",6,"Enter_Zone",4
3549.310,"Info","Arena",7,"Exit_Zone",4
3549.310,"Info","Arena",7,"Enter_Zone",3
3549.381,"Info","Arena",6,"Exit_Zone",4
3549.381,"Info","Arena",6,"Enter_Zone",1
3549.731,"Info","Arena",2,"Exit_Zone",3
3549.731,"Info","Arena",2,"Enter_Zone",4
3550.187,"Info","Arena",2,"Exit_Zone",4
3550.187,"Info","Arena",2,"Enter_Zone",2
3550.509,"Info","Arena",7,"Exit_Zone",3
3550.509,"Info","Arena",7,"Enter_Zone",1
3550.785,"Info","Arena",7,"Exit_Zone",1
3550.785,"Info","Arena",7,"Enter_Zone",3
3551.171,"Info","Arena",8,"Exit_Zone",1
3551.171,"Info","Arena",8,"Enter_Zone",4
3551.285,"Info","Arena",8,"Exit_Zone",4
3551.285,"Info","Arena",8,"Enter_Zone",1
3551.322,"Info","Arena",5,"Exit_Zone",2
3551.322,"Info","Arena",5,"Enter_Zone",4
3551.461,"Info","Arena",8,"Exit_Zone",1
3551.461,"Info","Arena",8,"Enter_Zone",4
3551.495,"Info","Arena",8,"Exit_Zone",4
3551.495,"Info","Arena",8,"Enter_Zone",1
3551.564,"Info","Arena",8,"Exit_Zone",1
3551.564,"Info","Arena",8,"Enter_Zone",4
3551.600,"Info","Arena",8,"Exit_Zone",4
3551.600,"Info","Arena",8,"Enter_Zone",1
3551.633,"Info","Arena",5,"Exit_Zone",4
3551.633,"Info","Arena",5,"Enter_Zone",3
3551.873,"Info","Arena",7,"Exit_Zone",3
3551.873,"Info","Arena",7,"Enter_Zone",1
3552.077,"Info","Arena",7,"Exit_Zone",1
3552.077,"Info","Arena",7,"Enter_Zone",3
3552.629,"Info","Arena",2,"Exit_Zone",2
3552.629,"Info","Arena",2,"Enter_Zone",4
3552.738,"Info","Arena",1,"Exit_Zone",2
3552.738,"Info","Arena",1,"Enter_Zone",4
3552.773,"Info","Arena",2,"Exit_Zone",4
3552.773,"Info","Arena",2,"Enter_Zone",3
3552.773,"Info","Arena",7,"Exit_Zone",3
3552.773,"Info","Arena",7,"Enter_Zone",4
3553.244,"Info","Arena",7,"Exit_Zone",4
3553.244,"Info","Arena",7,"Enter_Zone",1
3553.543,"Info","Arena",7,"Exit_Zone",1
3553.543,"Info","Arena",7,"Enter_Zone",2
3553.853,"Info","Arena",1,"Exit_Zone",4
3553.853,"Info","Arena",1,"Enter_Zone",1
3554.192,"Info","Arena",7,"Exit_Zone",2
3554.192,"Info","Arena",7,"Enter_Zone",1
3554.400,"Info","Arena",7,"Exit_Zone",1
3554.400,"Info","Arena",7,"Enter_Zone",2
3554.603,"Info","Arena",7,"Exit_Zone",2
3554.603,"Info","Arena",7,"Enter_Zone",1
3554.702,"Info","Arena",7,"Exit_Zone",1
3554.702,"Info","Arena",7,"Enter_Zone",2
3554.835,"Info","Arena",6,"Exit_Zone",1
3554.835,"Info","Arena",6,"Enter_Zone",4
3555.004,"Info","Arena",4,"Exit_Zone",3
3555.004,"Info","Arena",4,"Enter_Zone",4
3555.036,"Info","Arena",4,"Exit_Zone",4
3555.036,"Info","Arena",4,"Enter_Zone",3
3555.069,"Info","Arena",7,"Exit_Zone",2
3555.069,"Info","Arena",7,"Enter_Zone",1
3555.101,"Info","Arena",4,"Exit_Zone",3
3555.101,"Info","Arena",4,"Enter_Zone",4
3555.101,"Info","Arena",7,"Exit_Zone",1
3555.101,"Info","Arena",7,"Enter_Zone",2
3555.466,"Info","Arena",7,"Exit_Zone",2
3555.466,"Info","Arena",7,"Enter_Zone",1
3555.574,"Info","Arena",7,"Exit_Zone",1
3555.574,"Info","Arena",7,"Enter_Zone",2
3555.681,"Info","Arena",7,"Exit_Zone",2
3555.681,"Info","Arena",7,"Enter_Zone",1
3556.540,"Info","Arena",4,"Exit_Zone",4
3556.540,"Info","Arena",4,"Enter_Zone",3
3556.580,"Info","Arena",4,"Exit_Zone",3
3556.580,"Info","Arena",4,"Enter_Zone",4
3556.758,"Info","Arena",7,"Exit_Zone",1
3556.758,"Info","Arena",7,"Enter_Zone",2
3557.146,"Info","Arena",8,"Exit_Zone",1
3557.146,"Info","Arena",8,"Enter_Zone",4
3557.331,"Info","Arena",8,"Exit_Zone",4
3557.331,"Info","Arena",8,"Enter_Zone",1
3557.367,"Info","Arena",7,"Exit_Zone",2
3557.367,"Info","Arena",7,"Enter_Zone",4
3557.404,"Info","Arena",6,"Exit_Zone",4
3557.404,"Info","Arena",6,"Enter_Zone",3
3557.404,"Info","Arena",8,"Exit_Zone",1
3557.404,"Info","Arena",8,"Enter_Zone",4
3557.441,"Info","Arena",8,"Exit_Zone",4
3557.441,"Info","Arena",8,"Enter_Zone",1
3557.478,"Info","Arena",8,"Exit_Zone",1
3557.478,"Info","Arena",8,"Enter_Zone",4
3557.632,"Info","Arena",8,"Exit_Zone",4
3557.632,"Info","Arena",8,"Enter_Zone",1
3557.672,"Info","Arena",8,"Exit_Zone",1
3557.672,"Info","Arena",8,"Enter_Zone",4
3557.975,"Info","Arena",7,"Exit_Zone",4
3557.975,"Info","Arena",7,"Enter_Zone",1
3558.988,"Info","Arena",4,"Exit_Zone",4
3558.988,"Info","Arena",4,"Enter_Zone",3
3559.022,"Info","Arena",1,"Exit_Zone",1
3559.022,"Info","Arena",1,"Enter_Zone",4
3559.022,"Info","Arena",4,"Exit_Zone",3
3559.022,"Info","Arena",4,"Enter_Zone",4
3559.294,"Info","Arena",4,"Exit_Zone",4
3559.294,"Info","Arena",4,"Enter_Zone",3
3559.330,"Info","Arena",4,"Exit_Zone",3
3559.330,"Info","Arena",4,"Enter_Zone",4
3559.366,"Info","Arena",4,"Exit_Zone",4
3559.366,"Info","Arena",4,"Enter_Zone",3
3560.023,"Info","Arena",2,"Exit_Zone",3
3560.023,"Info","Arena",2,"Enter_Zone",4
3560.203,"Info","Arena",1,"Exit_Zone",4
3560.203,"Info","Arena",1,"Enter_Zone",3
3560.577,"Info","Arena",2,"Exit_Zone",4
3560.577,"Info","Arena",2,"Enter_Zone",2
3560.614,"Info","Arena",8,"Exit_Zone",4
3560.614,"Info","Arena",8,"Enter_Zone",2
3560.681,"Info","Arena",4,"Exit_Zone",3
3560.681,"Info","Arena",4,"Enter_Zone",4
3560.750,"Info","Arena",4,"Exit_Zone",4
3560.750,"Info","Arena",4,"Enter_Zone",3
3561.038,"Info","Arena",4,"Exit_Zone",3
3561.038,"Info","Arena",4,"Enter_Zone",4
3561.110,"Info","Arena",4,"Exit_Zone",4
3561.110,"Info","Arena",4,"Enter_Zone",3
3561.186,"Info","Arena",4,"Exit_Zone",3
3561.186,"Info","Arena",4,"Enter_Zone",4
3561.309,"Info","Arena",4,"Exit_Zone",4
3561.309,"Info","Arena",4,"Enter_Zone",3
3561.309,"Info","Arena",5,"Exit_Zone",3
3561.309,"Info","Arena",5,"Enter_Zone",4
3561.349,"Info","Arena",7,"Exit_Zone",1
3561.349,"Info","Arena",7,"Enter_Zone",4
3561.385,"Info","Arena",4,"Exit_Zone",3
3561.385,"Info","Arena",4,"Enter_Zone",4
3561.727,"Info","Arena",7,"Exit_Zone",4
3561.727,"Info","Arena",7,"Enter_Zone",3
3561.913,"Info","Arena",7,"Exit_Zone",3
3561.913,"Info","Arena",7,"Enter_Zone",1
3561.985,"Info","Arena",7,"Exit_Zone",1
3561.985,"Info","Arena",7,"Enter_Zone",3
3562.433,"Info","Arena",5,"Exit_Zone",4
3562.433,"Info","Arena",5,"Enter_Zone",2
3562.503,"Info","Arena",1,"Exit_Zone",3
3562.503,"Info","Arena",1,"Enter_Zone",4
3562.689,"Info","Arena",7,"Exit_Zone",3
3562.689,"Info","Arena",7,"Enter_Zone",1
3562.761,"Info","Arena",7,"Exit_Zone",1
3562.761,"Info","Arena",7,"Enter_Zone",3
3562.796,"Info","Arena",7,"Exit_Zone",3
3562.796,"Info","Arena",7,"Enter_Zone",1
3562.830,"Info","Arena",7,"Exit_Zone",1
3562.830,"Info","Arena",7,"Enter_Zone",3
3563.122,"Info","Arena",7,"Exit_Zone",3
3563.122,"Info","Arena",7,"Enter_Zone",1
3563.158,"Info","Arena",7,"Exit_Zone",1
3563.158,"Info","Arena",7,"Enter_Zone",3
3563.353,"Info","Arena",2,"Exit_Zone",2
3563.353,"Info","Arena",2,"Enter_Zone",4
3563.392,"Info","Arena",7,"Exit_Zone",3
3563.392,"Info","Arena",7,"Enter_Zone",1
3563.562,"Info","Arena",7,"Exit_Zone",1
3563.562,"Info","Arena",7,"Enter_Zone",3
3563.596,"Info","Arena",7,"Exit_Zone",3
3563.596,"Info","Arena",7,"Enter_Zone",1
3563.665,"Info","Arena",2,"Exit_Zone",4
3563.665,"Info","Arena",2,"Enter_Zone",3
3563.665,"Info","Arena",7,"Exit_Zone",1
3563.665,"Info","Arena",7,"Enter_Zone",3
3564.191,"Info","Arena",1,"Exit_Zone",4
3564.191,"Info","Arena",1,"Enter_Zone",1
3564.375,"Info","Arena",5,"Exit_Zone",2
3564.375,"Info","Arena",5,"Enter_Zone",4
3564.375,"Info","Arena",7,"Exit_Zone",3
3564.375,"Info","Arena",7,"Enter_Zone",4
3564.551,"Info","Arena",7,"Exit_Zone",4
3564.551,"Info","Arena",7,"Enter_Zone",2
3564.690,"Info","Arena",7,"Exit_Zone",2
3564.690,"Info","Arena",7,"Enter_Zone",1
3564.859,"Info","Arena",4,"Exit_Zone",4
3564.859,"Info","Arena",4,"Enter_Zone",3
3564.893,"Info","Arena",4,"Exit_Zone",3
3564.893,"Info","Arena",4,"Enter_Zone",4
3564.893,"Info","Arena",7,"Exit_Zone",1
3564.893,"Info","Arena",7,"Enter_Zone",2
3564.926,"Info","Arena",7,"Exit_Zone",2
3564.926,"Info","Arena",7,"Enter_Zone",1
3564.963,"Info","Arena",4,"Exit_Zone",4
3564.963,"Info","Arena",4,"Enter_Zone",3
3564.963,"Info","Arena",7,"Exit_Zone",1
3564.963,"Info","Arena",7,"Enter_Zone",2
3565.282,"Info","Arena",5,"Exit_Zone",4
3565.282,"Info","Arena",5,"Enter_Zone",3
3565.318,"Info","Arena",7,"Exit_Zone",2
3565.318,"Info","Arena",7,"Enter_Zone",4
3565.418,"Info","Arena",7,"Exit_Zone",4
3565.418,"Info","Arena",7,"Enter_Zone",1
3566.029,"Info","Arena",1,"Exit_Zone",1
3566.029,"Info","Arena",1,"Enter_Zone",2
3566.238,"Info","Arena",1,"Exit_Zone",2
3566.238,"Info","Arena",1,"Enter_Zone",1
3567.675,"Info","Arena",8,"Exit_Zone",2
3567.675,"Info","Arena",8,"Enter_Zone",4
3568.132,"Info","Arena",2,"Exit_Zone",3
3568.132,"Info","Arena",2,"Enter_Zone",4
3568.202,"Info","Arena",7,"Exit_Zone",1
3568.202,"Info","Arena",7,"Enter_Zone",4
3568.392,"Info","Arena",8,"Exit_Zone",4
3568.392,"Info","Arena",8,"Enter_Zone",3
3568.467,"Info","Arena",7,"Exit_Zone",4
3568.467,"Info","Arena",7,"Enter_Zone",2
3568.827,"Info","Arena",7,"Exit_Zone",2
3568.827,"Info","Arena",7,"Enter_Zone",4
3568.862,"Info","Arena",7,"Exit_Zone",4
3568.862,"Info","Arena",7,"Enter_Zone",1
3568.932,"Info","Arena",7,"Exit_Zone",1
3568.932,"Info","Arena",7,"Enter_Zone",4
3569.076,"Info","Arena",7,"Exit_Zone",4
3569.076,"Info","Arena",7,"Enter_Zone",3
3569.112,"Info","Arena",2,"Exit_Zone",4
3569.112,"Info","Arena",2,"Enter_Zone",3
3569.655,"Info","Arena",7,"Exit_Zone",3
3569.655,"Info","Arena",7,"Enter_Zone",1
3569.724,"Info","Arena",7,"Exit_Zone",1
3569.724,"Info","Arena",7,"Enter_Zone",3
3569.901,"Info","Arena",7,"Exit_Zone",3
3569.901,"Info","Arena",7,"Enter_Zone",1
3569.969,"Info","Arena",7,"Exit_Zone",1
3569.969,"Info","Arena",7,"Enter_Zone",3
3570.071,"Info","Arena",1,"Exit_Zone",1
3570.071,"Info","Arena",1,"Enter_Zone",4
3570.257,"Info","Arena",6,"Exit_Zone",3
3570.257,"Info","Arena",6,"Enter_Zone",4
3570.708,"Info","Arena",7,"Exit_Zone",3
3570.708,"Info","Arena",7,"Enter_Zone",1
3570.879,"Info","Arena",6,"Exit_Zone",4
3570.879,"Info","Arena",6,"Enter_Zone",1
3570.981,"Info","Arena",7,"Exit_Zone",1
3570.981,"Info","Arena",7,"Enter_Zone",3
3571.018,"Info","Arena",1,"Exit_Zone",4
3571.018,"Info","Arena",1,"Enter_Zone",2
3571.090,"Info","Arena",3,"Exit_Zone",1
3571.090,"Info","Arena",3,"Enter_Zone",4
3571.315,"Info","Arena",7,"Exit_Zone",3
3571.315,"Info","Arena",7,"Enter_Zone",1
3571.351,"Info","Arena",7,"Exit_Zone",1
3571.351,"Info","Arena",7,"Enter_Zone",3
3571.496,"Info","Arena",2,"Exit_Zone",3
3571.496,"Info","Arena",2,"Enter_Zone",4
3571.496,"Info","Arena",3,"Exit_Zone",4
3571.496,"Info","Arena",3,"Enter_Zone",2
3571.606,"Info","Arena",7,"Exit_Zone",3
3571.606,"Info","Arena",7,"Enter_Zone",1
3571.678,"Info","Arena",7,"Exit_Zone",1
3571.678,"Info","Arena",7,"Enter_Zone",3
3571.751,"Info","Arena",7,"Exit_Zone",3
3571.751,"Info","Arena",7,"Enter_Zone",4
3572.077,"Info","Arena",3,"Exit_Zone",2
3572.077,"Info","Arena",3,"Enter_Zone",4
3572.116,"Info","Arena",7,"Exit_Zone",4
3572.116,"Info","Arena",7,"Enter_Zone",2
3572.520,"Info","Arena",3,"Exit_Zone",4
3572.520,"Info","Arena",3,"Enter_Zone",1
3573.119,"Info","Arena",2,"Exit_Zone",4
3573.119,"Info","Arena",2,"Enter_Zone",3
3573.465,"Info","Arena",7,"Exit_Zone",2
3573.465,"Info","Arena",7,"Enter_Zone",1
3573.833,"Info","Arena",2,"Exit_Zone",3
3573.833,"Info","Arena",2,"Enter_Zone",4
3573.901,"Info","Arena",2,"Exit_Zone",4
3573.901,"Info","Arena",2,"Enter_Zone",2
3574.177,"Info","Arena",7,"Exit_Zone",1
3574.177,"Info","Arena",7,"Enter_Zone",2
3574.467,"Info","Arena",7,"Exit_Zone",2
3574.467,"Info","Arena",7,"Enter_Zone",1
3574.533,"Info","Arena",7,"Exit_Zone",1
3574.533,"Info","Arena",7,"Enter_Zone",2
3574.569,"Info","Arena",7,"Exit_Zone",2
3574.569,"Info","Arena",7,"Enter_Zone",1
3574.600,"Info","Arena",4,"Exit_Zone",3
3574.600,"Info","Arena",4,"Enter_Zone",4
3574.600,"Info","Arena",7,"Exit_Zone",1
3574.600,"Info","Arena",7,"Enter_Zone",2
3574.741,"Info","Arena",8,"Exit_Zone",3
3574.741,"Info","Arena",8,"Enter_Zone",4
3574.880,"Info","Arena",7,"Exit_Zone",2
3574.880,"Info","Arena",7,"Enter_Zone",1
3574.948,"Info","Arena",7,"Exit_Zone",1
3574.948,"Info","Arena",7,"Enter_Zone",2
3574.983,"Info","Arena",7,"Exit_Zone",2
3574.983,"Info","Arena",7,"Enter_Zone",1
3575.017,"Info","Arena",7,"Exit_Zone",1
3575.017,"Info","Arena",7,"Enter_Zone",2
3575.245,"Info","Arena",1,"Exit_Zone",2
3575.245,"Info","Arena",1,"Enter_Zone",4
3575.359,"Info","Arena",6,"Exit_Zone",1
3575.359,"Info","Arena",6,"Enter_Zone",4
3575.470,"Info","Arena",7,"Exit_Zone",2
3575.470,"Info","Arena",7,"Enter_Zone",1
3575.577,"Info","Arena",7,"Exit_Zone",1
3575.577,"Info","Arena",7,"Enter_Zone",2
3575.652,"Info","Arena",1,"Exit_Zone",4
3575.652,"Info","Arena",1,"Enter_Zone",3
3575.909,"Info","Arena",4,"Exit_Zone",4
3575.909,"Info","Arena",4,"Enter_Zone",2
3576.578,"Info","Arena",7,"Exit_Zone",2
3576.578,"Info","Arena",7,"Enter_Zone",1
3576.615,"Info","Arena",7,"Exit_Zone",1
3576.615,"Info","Arena",7,"Enter_Zone",2
3576.720,"Info","Arena",7,"Exit_Zone",2
3576.720,"Info","Arena",7,"Enter_Zone",1
3576.826,"Info","Arena",7,"Exit_Zone",1
3576.826,"Info","Arena",7,"Enter_Zone",2
3576.898,"Info","Arena",7,"Exit_Zone",2
3576.898,"Info","Arena",7,"Enter_Zone",1
3576.931,"Info","Arena",6,"Exit_Zone",4
3576.931,"Info","Arena",6,"Enter_Zone",2
3576.966,"Info","Arena",7,"Exit_Zone",1
3576.966,"Info","Arena",7,"Enter_Zone",2
3577.139,"Info","Arena",7,"Exit_Zone",2
3577.139,"Info","Arena",7,"Enter_Zone",1
3577.218,"Info","Arena",7,"Exit_Zone",1
3577.218,"Info","Arena",7,"Enter_Zone",2
3577.326,"Info","Arena",7,"Exit_Zone",2
3577.326,"Info","Arena",7,"Enter_Zone",1
3577.358,"Info","Arena",7,"Exit_Zone",1
3577.358,"Info","Arena",7,"Enter_Zone",2
3578.024,"Info","Arena",7,"Exit_Zone",2
3578.024,"Info","Arena",7,"Enter_Zone",4
3578.133,"Info","Arena",8,"Exit_Zone",4
3578.133,"Info","Arena",8,"Enter_Zone",3
3578.169,"Info","Arena",8,"Exit_Zone",3
3578.169,"Info","Arena",8,"Enter_Zone",4
3578.203,"Info","Arena",8,"Exit_Zone",4
3578.203,"Info","Arena",8,"Enter_Zone",3
3578.252,"Info","Arena",7,"Exit_Zone",4
3578.252,"Info","Arena",7,"Enter_Zone",1
3579.843,"Info","Arena",5,"Exit_Zone",3
3579.843,"Info","Arena",5,"Enter_Zone",4
3580.034,"Info","Arena",1,"Exit_Zone",3
3580.034,"Info","Arena",1,"Enter_Zone",4
3580.490,"Info","Arena",5,"Exit_Zone",4
3580.490,"Info","Arena",5,"Enter_Zone",1
3581.562,"Info","Arena",8,"Exit_Zone",3
3581.562,"Info","Arena",8,"Enter_Zone",4
3581.637,"Info","Arena",7,"Exit_Zone",1
3581.637,"Info","Arena",7,"Enter_Zone",4
3582.281,"Info","Arena",1,"Exit_Zone",4
3582.281,"Info","Arena",1,"Enter_Zone",1
3582.281,"Info","Arena",4,"Exit_Zone",2
3582.281,"Info","Arena",4,"Enter_Zone",4
3582.281,"Info","Arena",7,"Exit_Zone",4
3582.281,"Info","Arena",7,"Enter_Zone",3
3582.722,"Info","Arena",6,"Exit_Zone",2
3582.722,"Info","Arena",6,"Enter_Zone",4
3582.991,"Info","Arena",4,"Exit_Zone",4
3582.991,"Info","Arena",4,"Enter_Zone",2
3583.065,"Info","Arena",4,"Exit_Zone",2
3583.065,"Info","Arena",4,"Enter_Zone",4
3583.203,"Info","Arena",4,"Exit_Zone",4
3583.203,"Info","Arena",4,"Enter_Zone",2
3583.421,"Info","Arena",4,"Exit_Zone",2
3583.421,"Info","Arena",4,"Enter_Zone",4
3583.460,"Info","Arena",7,"Exit_Zone",3
3583.460,"Info","Arena",7,"Enter_Zone",1
3583.640,"Info","Arena",7,"Exit_Zone",1
3583.640,"Info","Arena",7,"Enter_Zone",3
3583.675,"Info","Arena",5,"Exit_Zone",1
3583.675,"Info","Arena",5,"Enter_Zone",2
3583.713,"Info","Arena",5,"Exit_Zone",2
3583.713,"Info","Arena",5,"Enter_Zone",1
3583.787,"Info","Arena",8,"Exit_Zone",4
3583.787,"Info","Arena",8,"Enter_Zone",2
3584.386,"Info","Arena",4,"Exit_Zone",4
3584.386,"Info","Arena",4,"Enter_Zone",3
3584.604,"Info","Arena",6,"Exit_Zone",4
3584.604,"Info","Arena",6,"Enter_Zone",1
3584.958,"Info","Arena",7,"Exit_Zone",3
3584.958,"Info","Arena",7,"Enter_Zone",1
3584.990,"Info","Arena",2,"Exit_Zone",2
3584.990,"Info","Arena",2,"Enter_Zone",4
3584.990,"Info","Arena",7,"Exit_Zone",1
3584.990,"Info","Arena",7,"Enter_Zone",3
3585.266,"Info","Arena",7,"Exit_Zone",3
3585.266,"Info","Arena",7,"Enter_Zone",1
3585.397,"Info","Arena",7,"Exit_Zone",1
3585.397,"Info","Arena",7,"Enter_Zone",3
3585.532,"Info","Arena",7,"Exit_Zone",3
3585.532,"Info","Arena",7,"Enter_Zone",1
3585.596,"Info","Arena",7,"Exit_Zone",1
3585.596,"Info","Arena",7,"Enter_Zone",3
3585.630,"Info","Arena",7,"Exit_Zone",3
3585.630,"Info","Arena",7,"Enter_Zone",1
3585.787,"Info","Arena",2,"Exit_Zone",4
3585.787,"Info","Arena",2,"Enter_Zone",3
3585.913,"Info","Arena",7,"Exit_Zone",1
3585.913,"Info","Arena",7,"Enter_Zone",2
3586.011,"Info","Arena",7,"Exit_Zone",2
3586.011,"Info","Arena",7,"Enter_Zone",1
3586.042,"Info","Arena",7,"Exit_Zone",1
3586.042,"Info","Arena",7,"Enter_Zone",2
3586.075,"Info","Arena",7,"Exit_Zone",2
3586.075,"Info","Arena",7,"Enter_Zone",1
3586.199,"Info","Arena",7,"Exit_Zone",1
3586.199,"Info","Arena",7,"Enter_Zone",2
3586.460,"Info","Arena",7,"Exit_Zone",2
3586.460,"Info","Arena",7,"Enter_Zone",1
3586.492,"Info","Arena",7,"Exit_Zone",1
3586.492,"Info","Arena",7,"Enter_Zone",2
3586.648,"Info","Arena",7,"Exit_Zone",2
3586.648,"Info","Arena",7,"Enter_Zone",1
3586.738,"Info","Arena",7,"Exit_Zone",1
3586.738,"Info","Arena",7,"Enter_Zone",2
3586.933,"Info","Arena",7,"Exit_Zone",2
3586.933,"Info","Arena",7,"Enter_Zone",1
3587.199,"Info","Arena",7,"Exit_Zone",1
3587.199,"Info","Arena",7,"Enter_Zone",2
3587.851,"Info","Arena",7,"Exit_Zone",2
3587.851,"Info","Arena",7,"Enter_Zone",4
3588.091,"Info","Arena",4,"Exit_Zone",3
3588.091,"Info","Arena",4,"Enter_Zone",4
3588.128,"Info","Arena",5,"Exit_Zone",1
3588.128,"Info","Arena",5,"Enter_Zone",4
3588.346,"Info","Arena",7,"Exit_Zone",4
3588.346,"Info","Arena",7,"Enter_Zone",1
3588.449,"Info","Arena",5,"Exit_Zone",4
3588.449,"Info","Arena",5,"Enter_Zone",2
3588.519,"Info","Arena",5,"Exit_Zone",2
3588.519,"Info","Arena",5,"Enter_Zone",4
3588.556,"Info","Arena",1,"Exit_Zone",1
3588.556,"Info","Arena",1,"Enter_Zone",4
3588.626,"Info","Arena",5,"Exit_Zone",4
3588.626,"Info","Arena",5,"Enter_Zone",1
3589.044,"Info","Arena",1,"Exit_Zone",4
3589.044,"Info","Arena",1,"Enter_Zone",2
3590.325,"Info","Arena",8,"Exit_Zone",2
3590.325,"Info","Arena",8,"Enter_Zone",4
3590.465,"Info","Arena",8,"Exit_Zone",4
3590.465,"Info","Arena",8,"Enter_Zone",2
3590.498,"Info","Arena",8,"Exit_Zone",2
3590.498,"Info","Arena",8,"Enter_Zone",4
3591.670,"Info","Arena",8,"Exit_Zone",4
3591.670,"Info","Arena",8,"Enter_Zone",1
3592.562,"Info","Arena",4,"Exit_Zone",4
3592.562,"Info","Arena",4,"Enter_Zone",3
3592.594,"Info","Arena",4,"Exit_Zone",3
3592.594,"Info","Arena",4,"Enter_Zone",4
3592.629,"Info","Arena",4,"Exit_Zone",4
3592.629,"Info","Arena",4,"Enter_Zone",3
3592.867,"Info","Arena",4,"Exit_Zone",3
3592.867,"Info","Arena",4,"Enter_Zone",4
3592.901,"Info","Arena",4,"Exit_Zone",4
3592.901,"Info","Arena",4,"Enter_Zone",3
3594.246,"Info","Arena",5,"Exit_Zone",1
3594.246,"Info","Arena",5,"Enter_Zone",4
3594.423,"Info","Arena",7,"Exit_Zone",1
3594.423,"Info","Arena",7,"Enter_Zone",4
3594.781,"Info","Arena",5,"Exit_Zone",4
3594.781,"Info","Arena",5,"Enter_Zone",2
3594.781,"Info","Arena",7,"Exit_Zone",4
3594.781,"Info","Arena",7,"Enter_Zone",2
3594.997,"Info","Arena",7,"Exit_Zone",2
3594.997,"Info","Arena",7,"Enter_Zone",4
3595.069,"Info","Arena",2,"Exit_Zone",3
3595.069,"Info","Arena",2,"Enter_Zone",4
3595.105,"Info","Arena",7,"Exit_Zone",4
3595.105,"Info","Arena",7,"Enter_Zone",1
3595.176,"Info","Arena",2,"Exit_Zone",4
3595.176,"Info","Arena",2,"Enter_Zone",2
3595.176,"Info","Arena",7,"Exit_Zone",1
3595.176,"Info","Arena",7,"Enter_Zone",3
3596.061,"Info","Arena",4,"Exit_Zone",3
3596.061,"Info","Arena",4,"Enter_Zone",4
3596.131,"Info","Arena",7,"Exit_Zone",3
3596.131,"Info","Arena",7,"Enter_Zone",1
3596.979,"Info","Arena",7,"Exit_Zone",1
3596.979,"Info","Arena",7,"Enter_Zone",3
3597.012,"Info","Arena",1,"Exit_Zone",2
3597.012,"Info","Arena",1,"Enter_Zone",4
3597.046,"Info","Arena",7,"Exit_Zone",3
3597.046,"Info","Arena",7,"Enter_Zone",1
3597.319,"Info","Arena",7,"Exit_Zone",1
3597.319,"Info","Arena",7,"Enter_Zone",3
3597.352,"Info","Arena",1,"Exit_Zone",4
3597.352,"Info","Arena",1,"Enter_Zone",1
3597.418,"Info","Arena",7,"Exit_Zone",3
3597.418,"Info","Arena",7,"Enter_Zone",1
3597.452,"Info","Arena",7,"Exit_Zone",1
3597.452,"Info","Arena",7,"Enter_Zone",3
3598.003,"Info","Arena",2,"Exit_Zone",2
3598.003,"Info","Arena",2,"Enter_Zone",4
3598.227,"Info","Arena",4,"Exit_Zone",4
3598.227,"Info","Arena",4,"Enter_Zone",1
3598.372,"Info","Arena",1,"Exit_Zone",1
3598.372,"Info","Arena",1,"Enter_Zone",4
3598.477,"Info","Arena",7,"Exit_Zone",3
3598.477,"Info","Arena",7,"Enter_Zone",1
3598.477,"Info","Arena",8,"Exit_Zone",1
3598.477,"Info","Arena",8,"Enter_Zone",4
3598.513,"Info","Arena",7,"Exit_Zone",1
3598.513,"Info","Arena",7,"Enter_Zone",3
3598.621,"Info","Arena",2,"Exit_Zone",4
3598.621,"Info","Arena",2,"Enter_Zone",3
3598.728,"Info","Arena",7,"Exit_Zone",3
3598.728,"Info","Arena",7,"Enter_Zone",1
3598.800,"Info","Arena",7,"Exit_Zone",1
3598.800,"Info","Arena",7,"Enter_Zone",3
3599.120,"Info","Arena",1,"Exit_Zone",4
3599.120,"Info","Arena",1,"Enter_Zone",1
3599.190,"Info","Arena",5,"Exit_Zone",2
3599.190,"Info","Arena",5,"Enter_Zone",4
3599.190,"Info","Arena",8,"Exit_Zone",4
3599.190,"Info","Arena",8,"Enter_Zone",3
3599.419,"Info","Arena",7,"Exit_Zone",3
3599.419,"Info","Arena",7,"Enter_Zone",1
3599.490,"Info","Arena",7,"Exit_Zone",1
3599.490,"Info","Arena",7,"Enter_Zone",3
3599.526,"Info","Arena",5,"Exit_Zone",4
3599.526,"Info","Arena",5,"Enter_Zone",1
3599.740,"Info","Arena",7,"Exit_Zone",3
3599.740,"Info","Arena",7,"Enter_Zone",1
3599.985,"Info","Arena",7,"Exit_Zone",1
3599.985,"Info","Arena",7,"Enter_Zone",3
3600.057,"Info","Arena",7,"Exit_Zone",3
3600.057,"Info","Arena",7,"Enter_Zone",1
3600.094,"Info","Arena",7,"Exit_Zone",1
3600.094,"Info","Arena",7,"Enter_Zone",3
3600.167,"Info","Arena",7,"Exit_Zone",3
3600.167,"Info","Arena",7,"Enter_Zone",1
3600.247,"Info","Arena",7,"Exit_Zone",1
3600.247,"Info","Arena",7,"Enter_Zone",3
3600.353,"Info","Arena",7,"Exit_Zone",3
3600.353,"Info","Arena",7,"Enter_Zone",1
3600.559,"Info","Arena",7,"Exit_Zone",1
3600.559,"Info","Arena",7,"Enter_Zone",3
3600.694,"Info","Arena",4,"Exit_Zone",1
3600.694,"Info","Arena",4,"Enter_Zone",4
3600.694,"Info","Arena",7,"Exit_Zone",3
3600.694,"Info","Arena",7,"Enter_Zone",1
3600.796,"Info","Arena",6,"Exit_Zone",1
3600.796,"Info","Arena",6,"Enter_Zone",4
3601.157,"Info","Arena",7,"Exit_Zone",1
3601.157,"Info","Arena",7,"Enter_Zone",3
3601.435,"Info","Arena",7,"Exit_Zone",3
3601.435,"Info","Arena",7,"Enter_Zone",4
3601.539,"Info","Arena",6,"Exit_Zone",4
3601.539,"Info","Arena",6,"Enter_Zone",2
3601.640,"Info","Arena",7,"Exit_Zone",4
3601.640,"Info","Arena",7,"Enter_Zone",2
3601.742,"Info","Arena",4,"Exit_Zone",4
3601.742,"Info","Arena",4,"Enter_Zone",1
3601.742,"Info","Arena",7,"Exit_Zone",2
3601.742,"Info","Arena",7,"Enter_Zone",1
3601.805,"Info","Arena",7,"Exit_Zone",1
3601.805,"Info","Arena",7,"Enter_Zone",2
3602.035,"Info","Arena",7,"Exit_Zone",2
3602.035,"Info","Arena",7,"Enter_Zone",1
3602.069,"Info","Arena",4,"Exit_Zone",1
3602.069,"Info","Arena",4,"Enter_Zone",4
3602.196,"Info","Arena",4,"Exit_Zone",4
3602.196,"Info","Arena",4,"Enter_Zone",1
3602.238,"Info","Arena",4,"Exit_Zone",1
3602.238,"Info","Arena",4,"Enter_Zone",4
3602.461,"Info","Arena",7,"Exit_Zone",1
3602.461,"Info","Arena",7,"Enter_Zone",2
3602.491,"Info","Arena",4,"Exit_Zone",4
3602.491,"Info","Arena",4,"Enter_Zone",1
3602.691,"Info","Arena",6,"Exit_Zone",2
3602.691,"Info","Arena",6,"Enter_Zone",4
3602.828,"Info","Arena",4,"Exit_Zone",1
3602.828,"Info","Arena",4,"Enter_Zone",4
3603.106,"Info","Arena",6,"Exit_Zone",4
3603.106,"Info","Arena",6,"Enter_Zone",3
3604.161,"Info","Arena",1,"Exit_Zone",1
3604.161,"Info","Arena",1,"Enter_Zone",4
3604.161,"Info","Arena",7,"Exit_Zone",2
3604.161,"Info","Arena",7,"Enter_Zone",1
3604.195,"Info","Arena",7,"Exit_Zone",1
3604.195,"Info","Arena",7,"Enter_Zone",2
3604.525,"Info","Arena",7,"Exit_Zone",2
3604.525,"Info","Arena",7,"Enter_Zone",1
3604.560,"Info","Arena",7,"Exit_Zone",1
3604.560,"Info","Arena",7,"Enter_Zone",2
3604.702,"Info","Arena",7,"Exit_Zone",2
3604.702,"Info","Arena",7,"Enter_Zone",1
3605.136,"Info","Arena",1,"Exit_Zone",4
3605.136,"Info","Arena",1,"Enter_Zone",3
3605.172,"Info","Arena",7,"Exit_Zone",1
3605.172,"Info","Arena",7,"Enter_Zone",2
3605.368,"Info","Arena",7,"Exit_Zone",2
3605.368,"Info","Arena",7,"Enter_Zone",1
3605.480,"Info","Arena",7,"Exit_Zone",1
3605.480,"Info","Arena",7,"Enter_Zone",2
3605.480,"Info","Arena",8,"Exit_Zone",3
3605.480,"Info","Arena",8,"Enter_Zone",4
3605.555,"Info","Arena",7,"Exit_Zone",2
3605.555,"Info","Arena",7,"Enter_Zone",4
3605.782,"Info","Arena",7,"Exit_Zone",4
3605.782,"Info","Arena",7,"Enter_Zone",1
3606.043,"Info","Arena",5,"Exit_Zone",1
3606.043,"Info","Arena",5,"Enter_Zone",4
3606.116,"Info","Arena",4,"Exit_Zone",4
3606.116,"Info","Arena",4,"Enter_Zone",2
3606.374,"Info","Arena",5,"Exit_Zone",4
3606.374,"Info","Arena",5,"Enter_Zone",2
3607.410,"Info","Arena",8,"Exit_Zone",4
3607.410,"Info","Arena",8,"Enter_Zone",3
3607.942,"Info","Arena",1,"Exit_Zone",3
3607.942,"Info","Arena",1,"Enter_Zone",4
3608.328,"Info","Arena",1,"Exit_Zone",4
3608.328,"Info","Arena",1,"Enter_Zone",2
3608.631,"Info","Arena",1,"Exit_Zone",2
3608.631,"Info","Arena",1,"Enter_Zone",1
3608.699,"Info","Arena",4,"Exit_Zone",2
3608.699,"Info","Arena",4,"Enter_Zone",4
3609.002,"Info","Arena",8,"Exit_Zone",3
3609.002,"Info","Arena",8,"Enter_Zone",4
3609.756,"Info","Arena",4,"Exit_Zone",4
3609.756,"Info","Arena",4,"Enter_Zone",3
3610.570,"Info","Arena",8,"Exit_Zone",4
3610.570,"Info","Arena",8,"Enter_Zone",1
3611.907,"Info","Arena",4,"Exit_Zone",3
3611.907,"Info","Arena",4,"Enter_Zone",4
3614.440,"Info","Arena",8,"Exit_Zone",1
3614.440,"Info","Arena",8,"Enter_Zone",4
3614.577,"Info","Arena",2,"Exit_Zone",3
3614.577,"Info","Arena",2,"Enter_Zone",4
3615.442,"Info","Arena",2,"Exit_Zone",4
3615.442,"Info","Arena",2,"Enter_Zone",3
3615.478,"Info","Arena",4,"Exit_Zone",4
3615.478,"Info","Arena",4,"Enter_Zone",3
3615.513,"Info","Arena",8,"Exit_Zone",4
3615.513,"Info","Arena",8,"Enter_Zone",1
3615.616,"Info","Arena",1,"Exit_Zone",1
3615.616,"Info","Arena",1,"Enter_Zone",4
3616.696,"Info","Arena",1,"Exit_Zone",4
3616.696,"Info","Arena",1,"Enter_Zone",1
3617.018,"Info","Arena",7,"Exit_Zone",1
3617.018,"Info","Arena",7,"Enter_Zone",4
3617.200,"Info","Arena",7,"Exit_Zone",4
3617.200,"Info","Arena",7,"Enter_Zone",3
3617.318,"Info","Arena",2,"Exit_Zone",3
3617.318,"Info","Arena",2,"Enter_Zone",4
3617.355,"Info","Arena",2,"Exit_Zone",4
3617.355,"Info","Arena",2,"Enter_Zone",2
3617.715,"Info","Arena",7,"Exit_Zone",3
3617.715,"Info","Arena",7,"Enter_Zone",1
3618.173,"Info","Arena",7,"Exit_Zone",1
3618.173,"Info","Arena",7,"Enter_Zone",3
3618.500,"Info","Arena",7,"Exit_Zone",3
3618.500,"Info","Arena",7,"Enter_Zone",1
3619.032,"Info","Arena",7,"Exit_Zone",1
3619.032,"Info","Arena",7,"Enter_Zone",3
3619.435,"Info","Arena",7,"Exit_Zone",3
3619.435,"Info","Arena",7,"Enter_Zone",1
3619.471,"Info","Arena",8,"Exit_Zone",1
3619.471,"Info","Arena",8,"Enter_Zone",4
3619.611,"Info","Arena",5,"Exit_Zone",2
3619.611,"Info","Arena",5,"Enter_Zone",4
3619.611,"Info","Arena",7,"Exit_Zone",1
3619.611,"Info","Arena",7,"Enter_Zone",3
3619.788,"Info","Arena",7,"Exit_Zone",3
3619.788,"Info","Arena",7,"Enter_Zone",1
3619.826,"Info","Arena",7,"Exit_Zone",1
3619.826,"Info","Arena",7,"Enter_Zone",3
3620.178,"Info","Arena",7,"Exit_Zone",3
3620.178,"Info","Arena",7,"Enter_Zone",1
3620.222,"Info","Arena",7,"Exit_Zone",1
3620.222,"Info","Arena",7,"Enter_Zone",3
3620.258,"Info","Arena",5,"Exit_Zone",4
3620.258,"Info","Arena",5,"Enter_Zone",1
3620.295,"Info","Arena",7,"Exit_Zone",3
3620.295,"Info","Arena",7,"Enter_Zone",1
3620.605,"Info","Arena",8,"Exit_Zone",4
3620.605,"Info","Arena",8,"Enter_Zone",1
3620.674,"Info","Arena",8,"Exit_Zone",1
3620.674,"Info","Arena",8,"Enter_Zone",4
3620.708,"Info","Arena",7,"Exit_Zone",1
3620.708,"Info","Arena",7,"Enter_Zone",3
3621.054,"Info","Arena",2,"Exit_Zone",2
3621.054,"Info","Arena",2,"Enter_Zone",3
3621.433,"Info","Arena",2,"Exit_Zone",3
3621.433,"Info","Arena",2,"Enter_Zone",2
3621.677,"Info","Arena",7,"Exit_Zone",3
3621.677,"Info","Arena",7,"Enter_Zone",1
3622.241,"Info","Arena",7,"Exit_Zone",1
3622.241,"Info","Arena",7,"Enter_Zone",3
3622.459,"Info","Arena",7,"Exit_Zone",3
3622.459,"Info","Arena",7,"Enter_Zone",1
3622.664,"Info","Arena",7,"Exit_Zone",1
3622.664,"Info","Arena",7,"Enter_Zone",3
3622.805,"Info","Arena",7,"Exit_Zone",3
3622.805,"Info","Arena",7,"Enter_Zone",1
3623.254,"Info","Arena",7,"Exit_Zone",1
3623.254,"Info","Arena",7,"Enter_Zone",3
3623.323,"Info","Arena",8,"Exit_Zone",4
3623.323,"Info","Arena",8,"Enter_Zone",3
3623.494,"Info","Arena",7,"Exit_Zone",3
3623.494,"Info","Arena",7,"Enter_Zone",1
3623.594,"Info","Arena",1,"Exit_Zone",1
3623.594,"Info","Arena",1,"Enter_Zone",4
3623.795,"Info","Arena",7,"Exit_Zone",1
3623.795,"Info","Arena",7,"Enter_Zone",3
3624.275,"Info","Arena",7,"Exit_Zone",3
3624.275,"Info","Arena",7,"Enter_Zone",1
3624.310,"Info","Arena",7,"Exit_Zone",1
3624.310,"Info","Arena",7,"Enter_Zone",3
3624.411,"Info","Arena",7,"Exit_Zone",3
3624.411,"Info","Arena",7,"Enter_Zone",1
3624.748,"Info","Arena",7,"Exit_Zone",1
3624.748,"Info","Arena",7,"Enter_Zone",3
3624.888,"Info","Arena",7,"Exit_Zone",3
3624.888,"Info","Arena",7,"Enter_Zone",1
3625.059,"Info","Arena",1,"Exit_Zone",4
3625.059,"Info","Arena",1,"Enter_Zone",1
3625.238,"Info","Arena",7,"Exit_Zone",1
3625.238,"Info","Arena",7,"Enter_Zone",3
3625.582,"Info","Arena",2,"Exit_Zone",2
3625.582,"Info","Arena",2,"Enter_Zone",4
3625.990,"Info","Arena",7,"Exit_Zone",3
3625.990,"Info","Arena",7,"Enter_Zone",1
3626.057,"Info","Arena",2,"Exit_Zone",4
3626.057,"Info","Arena",2,"Enter_Zone",3
3626.439,"Info","Arena",7,"Exit_Zone",1
3626.439,"Info","Arena",7,"Enter_Zone",3
3626.624,"Info","Arena",7,"Exit_Zone",3
3626.624,"Info","Arena",7,"Enter_Zone",1
3626.865,"Info","Arena",5,"Exit_Zone",1
3626.865,"Info","Arena",5,"Enter_Zone",4
3626.865,"Info","Arena",7,"Exit_Zone",1
3626.865,"Info","Arena",7,"Enter_Zone",3
3627.051,"Info","Arena",7,"Exit_Zone",3
3627.051,"Info","Arena",7,"Enter_Zone",1
3627.245,"Info","Arena",6,"Exit_Zone",3
3627.245,"Info","Arena",6,"Enter_Zone",4
3627.467,"Info","Arena",7,"Exit_Zone",1
3627.467,"Info","Arena",7,"Enter_Zone",3
3627.850,"Info","Arena",7,"Exit_Zone",3
3627.850,"Info","Arena",7,"Enter_Zone",1
3627.925,"Info","Arena",5,"Exit_Zone",4
3627.925,"Info","Arena",5,"Enter_Zone",3
3628.147,"Info","Arena",7,"Exit_Zone",1
3628.147,"Info","Arena",7,"Enter_Zone",3
3628.187,"Info","Arena",7,"Exit_Zone",3
3628.187,"Info","Arena",7,"Enter_Zone",1
3628.232,"Info","Arena",4,"Exit_Zone",3
3628.232,"Info","Arena",4,"Enter_Zone",4
3628.267,"Info","Arena",4,"Exit_Zone",4
3628.267,"Info","Arena",4,"Enter_Zone",3
3628.303,"Info","Arena",4,"Exit_Zone",3
3628.303,"Info","Arena",4,"Enter_Zone",4
3628.378,"Info","Arena",7,"Exit_Zone",1
3628.378,"Info","Arena",7,"Enter_Zone",3
3628.417,"Info","Arena",7,"Exit_Zone",3
3628.417,"Info","Arena",7,"Enter_Zone",1
3628.602,"Info","Arena",7,"Exit_Zone",1
3628.602,"Info","Arena",7,"Enter_Zone",3
3628.866,"Info","Arena",7,"Exit_Zone",3
3628.866,"Info","Arena",7,"Enter_Zone",1
3629.388,"Info","Arena",7,"Exit_Zone",1
3629.388,"Info","Arena",7,"Enter_Zone",3
3629.463,"Info","Arena",7,"Exit_Zone",3
3629.463,"Info","Arena",7,"Enter_Zone",1
3629.495,"Info","Arena",6,"Exit_Zone",4
3629.495,"Info","Arena",6,"Enter_Zone",2
3629.600,"Info","Arena",7,"Exit_Zone",1
3629.600,"Info","Arena",7,"Enter_Zone",3
3629.850,"Info","Arena",1,"Exit_Zone",1
3629.850,"Info","Arena",1,"Enter_Zone",4
3629.999,"Info","Arena",7,"Exit_Zone",3
3629.999,"Info","Arena",7,"Enter_Zone",1
3630.105,"Info","Arena",7,"Exit_Zone",1
3630.105,"Info","Arena",7,"Enter_Zone",3
3630.139,"Info","Arena",7,"Exit_Zone",3
3630.139,"Info","Arena",7,"Enter_Zone",1
3630.379,"Info","Arena",7,"Exit_Zone",1
3630.379,"Info","Arena",7,"Enter_Zone",3
3630.668,"Info","Arena",7,"Exit_Zone",3
3630.668,"Info","Arena",7,"Enter_Zone",1
3630.749,"Info","Arena",7,"Exit_Zone",1
3630.749,"Info","Arena",7,"Enter_Zone",3
3630.831,"Info","Arena",4,"Exit_Zone",4
3630.831,"Info","Arena",4,"Enter_Zone",3
3630.949,"Info","2022-10-27 12:52:49","Service 'ymaze_inLT' : Execution end (frame times: avg 34ms, max 976ms)"
